NMNH       452507     Phc7stv
19.9121    19.9071    15.2049    IN
16.3866    15.96      17.6258    BR
9999       9999       9999       GL
12.3174    11.545     14.8681    NA
9.9874     9.0837     9.0793     RH
9.048      7.8446     5.3953     NS
9.0176     7.7648     4.1169     PR
8.2872     8.5146     4.421      R_PR2
9.9896     10.0859    9.7621     R_PMS
10.3419    14.4785    9.6426     R_ZMI
11.5061    13.1458    12.9973    R_ZMU
12.087     12.0712    13.7934    R_DA
11.1602    12.9299    15.4214    R_MTI
11.6246    13.3081    16.3744    R_MTS
10.3363    14.6983    14.3272    R_FMO
10.2503    15.8124    14.4571    R_FMT
14.3722    19.4994    12.5175    R_PO
10.1929    16.562     11.5779    R_ZTS
9.9656     7.144      4.3272     L_PR2
11.0977    9.195      9.8161     L_PMS
15.7607    9.6399     9.9662     L_ZMI
13.9331    10.774     12.9837    L_ZMU
12.8354    11.41      13.8022    L_DA
14.0867    10.3215    15.4605    L_MTI
14.3056    10.9666    16.3344    L_MTS
15.7009    10.1179    14.3127    L_FMO
16.811     10.0507    14.426     L_FMT
20.1842    14.4039    12.5382    L_PO
17.7487    10.107     11.5934    L_ZTS
9.238      7.0887     4.3558     O1
10.9029    15.1025    15.5707    O2
18.947     10.754     11.81      O3
20.3243    18.96      14.598     O4







































































































































































12.3174    11.56      14.8734    GLRH
12.3104    11.5419    14.6435
12.3205    11.517     14.3946
12.3279    11.4889    14.257
12.2997    11.4756    14.0609
12.2818    11.4468    13.8702
12.2344    11.4243    13.6772
12.1878    11.4049    13.5143
12.1164    11.3567    13.3428
12.0371    11.31      13.0988
11.9988    11.2209    12.9302
11.9576    11.1596    12.7846
11.8844    11.0548    12.5736
11.8409    11.0176    12.4495
11.795     10.9374    12.3217
11.7464    10.876     12.2072
11.6966    10.8215    12.1121
11.6029    10.7265    11.916
11.5398    10.6117    11.732
11.4831    10.5322    11.5909
11.3724    10.4828    11.4746
11.2842    10.4182    11.3222
11.2356    10.342     11.2022
11.1505    10.2548    11.0804
11.1174    10.1648    10.9659
11.074     10.0688    10.8677
10.9942    10.0109    10.7463
10.9122    9.9076     10.6135
10.8402    9.8467     10.4941
10.7463    9.7607     10.3638
10.6922    9.6763     10.2482
10.6226    9.5979     10.127
10.5447    9.5461     10.0152
10.5007    9.4332     9.8804
10.4085    9.3374     9.747
10.2865    9.2759     9.6035
10.2144    9.2192     9.468
10.1513    9.1432     9.3237
10.0901    9.1242     9.2199
10.0262    9.0513     9.0783
































































































































































10.0382    9.0692     9.1002     NOSE
9.912      9.2033     9.0489
9.7645     9.3336     9.0799
9.5818     9.3645     8.8866
9.451      9.4868     8.735
9.2348     9.4868     8.5822
9.0639     9.4582     8.3189
8.9795     9.4309     8.157
8.8493     9.3894     7.9254
8.6716     9.3487     7.6753
8.5997     9.2906     7.4641
8.5323     9.2369     7.2031
8.4969     9.1972     7.0052
8.4285     9.1523     6.8053
8.3366     9.0967     6.5361
8.314      8.9648     6.2524
8.3188     8.8081     6.04
8.3436     8.6391     5.9741
8.3862     8.4503     5.887
8.4303     8.2898     5.7149
8.5295     8.1866     5.6263
8.6354     8.0773     5.5075
8.7508     8.0278     5.4644
8.8409     8.0013     5.391
8.9532     7.9412     5.4134
9.0798     7.9037     5.4366
9.1817     7.7171     5.4391
9.2163     7.5265     5.442
9.3031     7.3137     5.5883
9.461      7.2327     5.7766
9.5755     7.2194     5.8944
9.752      7.2612     6.0635
9.9058     7.2849     6.1776
10.0469    7.3146     6.3353
10.1359    7.3277     6.4297
10.2232    7.3562     6.6074
10.2735    7.458      6.8988
10.2844    7.4903     7.0822
10.3236    7.5582     7.2392
10.3529    7.57       7.399
10.394     7.6672     7.5387
10.4582    7.7081     7.7604
10.439     7.8468     7.8632
10.4365    7.9897     8.0801
10.4513    8.0323     8.1518
10.4302    8.1309     8.1738
10.4465    8.2028     8.347
10.4733    8.2474     8.4826
10.4863    8.3533     8.6408
10.4539    8.4834     8.7466
10.343     8.6702     8.7882
10.3046    8.738      8.9646
10.2516    8.8887     9.0778
10.0374    9.0617     9.078


















































































































































8.9523     7.7849     5.2765     NASP-PR
8.9655     7.6361     5.0975
8.9039     7.6046     4.8753
8.9111     7.6157     4.5772
8.9316     7.6672     4.3797
8.9967     7.6977     4.2032
9.0586     7.7963     4.0612

































































































































































































9.9932     10.0443    9.7786     R-PM/MAX
9.8949     10.0442    9.6764
9.7829     9.9851     9.4898
9.6453     9.9428     9.354
9.5522     9.8865     9.1901
9.3775     9.869      8.9848
9.2469     9.8403     8.755
9.0934     9.8504     8.5599
8.9448     9.8202     8.3739
8.7982     9.7747     8.1276
8.7258     9.7571     7.8938
8.657      9.7545     7.7374
8.5678     9.796      7.5044
8.4791     9.8324     7.3199
8.4132     9.9649     7.0844
8.3596     10.0031    6.9172
8.2561     9.9593     6.6999
8.2169     9.932      6.4985
8.1767     9.8981     6.3031
8.131      9.9626     6.1115
8.0725     9.9859     5.9028
8.0773     10.0325    5.7691
8.0766     10.0384    5.5969
8.0559     10.0519    5.4058
8.1143     10.0572    5.195
8.1253     9.9733     5.0619
8.2321     9.8786     4.8946
8.4315     9.8987     4.6868












































































































































































11.0833    9.1689     9.8038     L-PM/MAX
11.0112    9.0277     9.6217
10.9693    8.9124     9.4746
10.9458    8.6032     9.1052
10.9463    8.4274     8.8724
10.9317    8.2891     8.6601
10.9261    8.1612     8.488
10.9118    8.0146     8.3323
10.9073    7.9263     8.2313
10.9021    7.8264     8.0361
10.931     7.7299     7.7516
10.9501    7.6343     7.5556
11.0409    7.5741     7.3796
11.1105    7.4811     7.1943
11.1321    7.4225     6.9918
11.1551    7.3676     6.761
11.118     7.3082     6.5711
11.1009    7.2227     6.319
11.1434    7.1537     6.1294
11.2203    7.0874     5.8944
11.2493    7.0386     5.7404
11.2472    7.018      5.5429
11.2914    7.0721     5.3877
11.2459    7.1409     5.185
11.2602    7.2302     4.9583
11.1971    7.4005     4.8005














































































































































































10.2467    13.0081    6.739      ROSTRUM
10.1525    12.9797    6.9728
10.0884    12.9213    7.2273
10.0691    12.768     7.4388
10.1362    12.6469    7.5939
10.1829    12.4583    7.751
10.287     12.3222    7.9625
10.301     12.2128    8.0639
10.3484    12.1149    8.2569
10.3299    12.0016    8.5242
10.2611    11.8982    8.7334
10.2441    11.8729    8.8952
10.0594    11.6891    9.1717
10.0566    11.6903    9.2408
10.003     11.6287    9.3695
9.9793     11.6237    9.489
9.8933     11.5821    9.6256
9.7703     11.5281    9.7859
9.6915     11.4833    9.9333
9.6262     11.4366    10.0381
9.6003     11.2906    10.2204
9.6565     11.1743    10.2928
9.8249     11.0808    10.33
9.9756     10.996     10.3577
10.1017    10.9056    10.3241
10.2007    10.8355    10.2919
10.3207    10.7184    10.3329
10.4167    10.6027    10.3581
10.5191    10.5134    10.4476
10.579     10.4401    10.4751
10.6744    10.2838    10.6166
10.7986    10.1376    10.6979
10.8941    10.0458    10.7284
10.9839    9.9787     10.7261
11.1099    9.8786     10.6897
11.3032    9.7947     10.5951
11.4265    9.7562     10.5307
11.5665    9.6887     10.4622
11.6776    9.5801     10.411
11.8233    9.4671     10.4137
11.9182    9.3907     10.399
12.0394    9.2492     10.4567
12.1628    9.1444     10.4506
12.2534    9.0872     10.4334
12.4103    9.0325     10.3394
12.585     8.9927     10.1929
12.6459    9.045      10.0243
12.7029    9.1839     9.7041
12.762     9.2623     9.5411
12.8047    9.3347     9.4304
12.8405    9.3887     9.2872
12.9364    9.4941     9.105
12.9862    9.5484     8.9748
13.0253    9.6068     8.851
13.0884    9.6501     8.6892
13.1964    9.7117     8.4799
13.3221    9.7292     8.2881
13.3963    9.7004     8.1281
13.5832    9.6655     7.9962
13.636     9.6329     7.9117
13.778     9.5914     7.8498
13.9094    9.5297     7.7625
14.0606    9.4765     7.6209
14.145     9.4572     7.4296
14.1846    9.5077     7.2416
14.1989    9.547      7.1138
14.2324    9.5812     6.9947
14.2672    9.6803     6.7936




































































































































10.2753    15.8135    14.5151    SUPORB
10.3196    15.7392    14.768
10.3171    15.5735    15.0414
10.3718    15.4231    15.28
10.4539    15.2485    15.494
10.5122    15.1273    15.6188
10.5572    14.9725    15.7255
10.6535    14.8224    15.8563
10.6978    14.6754    15.9349
10.7908    14.5383    16.0198
10.9856    14.3741    16.1603
11.0518    14.2339    16.1923
11.2499    13.9236    16.2937
11.3668    13.7809    16.3349
11.4726    13.5843    16.3546
11.5646    13.4531    16.3813
11.6504    13.3481    16.3961
11.6889    13.1612    16.3815
11.7583    13.0195    16.3715
11.8959    12.8884    16.3728
11.9566    12.6954    16.353
12.052     12.5886    16.3637
12.1338    12.4334    16.3389
12.2321    12.2453    16.3049
12.2853    12.1311    16.2567
12.3667    12.0093    16.2293
12.4974    11.8185    16.1959
12.5848    11.7583    16.1578
12.6793    11.6978    16.2084
12.8464    11.6302    16.2505
13.0268    11.632     16.3071
13.1919    11.6056    16.3603
13.343     11.535     16.3732
13.6456    11.4507    16.4336
13.7445    11.409     16.4436
13.9313    11.1955    16.4115
14.0075    11.046     16.3874
14.1033    10.967     16.3524
14.3301    10.8913    16.3312
14.5999    10.7806    16.2903
14.7743    10.748     16.2875
15.0129    10.579     16.213
15.2627    10.4879    16.1299
15.3486    10.3936    16.0738
15.5251    10.3024    15.9876
15.7133    10.1815    15.8398
15.8794    10.1693    15.7541
16.0166    10.1467    15.6881
16.2006    10.1085    15.5044
16.3599    10.1015    15.3113
16.4378    10.0697    15.1448
16.5635    10.0806    15.0295
16.6507    10.0593    14.831
16.7991    10.1162    14.6511
16.8569    10.127     14.5006

















































































































































11.4719    13.1005    12.9896    RORBIT
11.3157    13.2322    12.9803
11.1778    13.4314    12.9687
10.979     13.6273    13.0136
10.8558    13.8448    13.0694
10.7324    14.0084    13.1732
10.6496    14.1339    13.263
10.5551    14.3076    13.4002
10.5321    14.4049    13.4957
10.4954    14.48      13.5882
10.4432    14.5723    13.7318
10.4025    14.6312    13.8772
10.3855    14.6543    13.9841
10.378     14.6843    14.1503
10.3841    14.6914    14.2926
10.2715    14.7337    14.5517
10.2851    14.6302    14.7576
10.2372    14.5937    15.0071
10.3384    14.3506    15.1463
10.4379    14.1923    15.2214
10.5241    14.028     15.307
10.594     13.9421    15.35
10.7268    13.7408    15.3724
10.7106    13.5655    15.4518
10.8488    13.388     15.4062
10.9842    13.2793    15.4152
11.1051    13.1521    15.4252
11.1152    12.9564    15.4442
11.3034    12.7984    15.4136
11.431     12.6547    15.4027
11.5974    12.5186    15.3912
11.7009    12.4056    15.358
11.7714    12.3292    15.3477
11.8894    12.2216    15.3491
12.0064    12.2526    15.1894
12.05      12.2076    15.0135
12.0529    12.2139    14.9111
12.0929    12.1673    14.7252
12.1314    12.1491    14.5699
12.1496    12.0996    14.4278
12.1761    12.0981    14.3061
12.1912    12.0697    14.1802
12.1757    12.0456    14.0494
12.1513    12.0719    13.9426
12.1142    12.0337    13.8252



























































































































































14.005     10.7463    13.0021    LORBIT
14.1032    10.6579    12.9748
14.2667    10.5333    12.9255
14.4897    10.3922    12.9677
14.7202    10.3503    13.046
14.9102    10.3089    13.1036
15.1028    10.218     13.2241
15.2617    10.1786    13.3331
15.3794    10.1825    13.4261
15.4994    10.1494    13.5665
15.5964    10.1046    13.7399
15.6325    10.0656    13.8723
15.6674    10.0384    14.1149
15.71      9.9839     14.3334
15.6718    9.9787     14.6015
15.5603    9.9196     14.8055
15.4637    9.929      14.9759
15.3469    9.9355     15.1245
15.1877    9.9199     15.2982
15.0611    9.9486     15.3543
14.8872    10.0124    15.4098
14.7505    10.0432    15.4522
14.6034    10.0768    15.4806
14.4336    10.1484    15.4444
14.2357    10.2462    15.4447
14.0914    10.3498    15.4189
13.8823    10.4516    15.3923
13.7513    10.4975    15.4239
13.5869    10.6125    15.425
13.4856    10.7731    15.4336
13.3831    10.8843    15.4147
13.1765    10.991     15.4649
13.0662    11.1525    15.3479
13.0109    11.2772    15.0975
12.9887    11.293     14.8293
12.9589    11.3147    14.7018
12.8804    11.3815    14.5725
12.8702    11.4455    14.3699
12.8485    11.4609    14.2035
12.862     11.4486    14.0945
12.8252    11.4409    13.9983
12.8199    11.4106    13.8206






























































































































































10.2516    15.7727    14.6104    RTEMFOS
10.199     15.7978    14.2761
10.1237    15.7722    13.996
10.0634    15.7294    13.8267
10.0056    15.6432    13.6191
9.9815     15.6013    13.4662
9.9785     15.547     13.2762
9.9254     15.4636    13.0754
9.8989     15.3946    12.9013
9.8798     15.3555    12.77
9.8614     15.324     12.5736
9.8495     15.3014    12.4509
9.8553     15.2586    12.3013
9.8193     15.2383    12.1384
9.7767     15.1793    11.9579
9.7682     15.1554    11.7647
9.7177     15.2207    11.5706
9.6792     15.3225    11.4429
9.6862     15.5495    11.3033
9.7264     15.758     11.2851
9.7269     15.9108    11.296
9.8113     16.2009    11.3693
9.8538     16.3167    11.4115
9.9562     16.4112    11.4809
9.9987     16.5251    11.506
10.0946    16.7029    11.5628
10.1445    16.7937    11.5896













































































































































































16.7817    10.024     14.4648    LTEMFOS
16.8308    9.9906     14.2493
16.8268    9.9217     14.0763
16.7955    9.8884     13.8274
16.7156    9.8039     13.6514
16.6993    9.7821     13.487
16.6767    9.744      13.3341
16.6159    9.7057     13.1705
16.6019    9.67       13.0091
16.5722    9.6638     12.871
16.5289    9.6256     12.7302
16.4681    9.5831     12.5849
16.3583    9.5245     12.3254
16.3343    9.5231     12.163
16.3385    9.4604     11.9727
16.3374    9.441      11.8238
16.3362    9.4045     11.6368
16.351     9.3437     11.4085
16.4095    9.3355     11.3292
16.5547    9.3737     11.2424
16.8097    9.3921     11.1814
17.0083    9.5394     11.2449
17.1735    9.5917     11.2853
17.3628    9.6568     11.3314
17.4584    9.787      11.3995
17.5715    9.8715     11.4798
17.7464    9.9955     11.5437













































































































































































8.8708     7.6471     12.2433    OP
10.3839    9.1418     12.3128    BA
13.6589    12.6453    11.8504    ST
17.9285    17.6469    12.8176    IV
7.4974     11.9916    11.2112    R_PG
8.406      14.4934    10.2136    R_ZTI
12.5011    14.9225    12.768     R_M3D
13.9321    17.073     12.8312    R_M12
15.5711    18.6002    13.1608    R_MP3
17.0934    19.5001    13.4195    R_PMI
13.6327    6.49       12.3357    L_PG
16.2837    7.52       11.576     L_ZTI
15.8549    12.3372    13.4459    L_M3D
17.7827    13.9437    13.5866    L_M12
19.3042    15.6501    13.5887    L_MP3
19.8163    17.4205    13.8198    L_PMI
20.1525    19.3849    13.387     O1
10.3822    13.0289    5.429      O2
16.4154    7.4604     10.7736    O3
8.0699     4.6748     10.3479    O4




















































































































































































11.5819    15.7318    10.2186    RZYGINF
11.3737    15.7461    10.0358
11.2279    15.8361    9.9285
11.0283    15.8821    9.8693
10.7574    15.8669    9.8956
10.505     15.8255    9.9222
10.2878    15.7154    9.9524
10.1618    15.6433    9.9825
10.098     15.5652    10.0152
9.8937     15.3426    10.085
9.7153     15.2088    10.1201
9.501      15.127     10.1512
9.3029     15.0248    10.1897
9.123      14.8517    10.2386
8.9076     14.8045    10.2683
8.737      14.8187    10.242
8.5477     14.7282    10.2077
8.4606     14.6394    10.2166
8.3597     14.4794    10.2041





















































































































































































17.1588    11.047     11.3123    LZYGINF
17.1958    10.739     11.1599
17.2997    10.4856    11.0974
17.3471    10.0889    11.2298
17.3307    9.8583     11.2497
17.2227    9.5859     11.3155
17.0852    9.4008     11.3589
16.9858    9.2147     11.4163
16.8745    9.0635     11.4595
16.7215    8.8621     11.5089
16.6216    8.7077     11.5372
16.5332    8.3706     11.5866
16.4277    8.237      11.5998
16.4176    7.9828     11.6025
16.3695    7.7647     11.5934
16.2271    7.5719     11.5774
























































































































































































12.5044    14.9371    12.8224    R-ALV
12.5574    15.1193    12.83
12.5939    15.3505    12.7977
12.6698    15.6923    12.7563
12.8528    15.8587    12.8238
13.0409    16.0728    12.7966
13.2007    16.269     12.753
13.2733    16.3624    12.7935
13.3945    16.5856    12.7699
13.5858    16.8427    12.7611
13.7962    16.8635    12.8951
13.9455    17.0784    12.8661
14.1611    17.1958    12.8053
14.2328    17.3721    12.868
14.4727    17.5933    12.9437
14.6922    17.7335    12.9522
14.8767    17.8806    13.0203
15.1292    18.0611    13.1342
15.2126    18.2883    13.079
15.2856    18.3876    13.1053
15.414     18.759     13.1428
15.5551    18.7563    13.0526


















































































































































































15.9966    12.3159    13.4535    L-ALV
16.3659    12.357     13.4465
16.6645    12.542     13.4953
16.901     12.6879    13.4548
17.045     12.8838    13.4459
17.2255    13.0534    13.4596
17.4218    13.2285    13.419
17.536     13.3161    13.4363
17.6973    13.464     13.4185
17.8359    13.5959    13.5227
17.8825    13.851     13.4939
18.0241    14.0628    13.5085
18.1001    14.2137    13.5975
18.2525    14.3919    13.5866
18.4149    14.6592    13.5744
18.5376    14.8513    13.5896
18.6647    15.0338    13.5896
18.798     15.2236    13.5942
18.9183    15.3379    13.6008
19.0244    15.4194    13.5848
19.1896    15.5466    13.5978
19.2991    15.6884    13.621
