UWMA       GV4040     Phg1stv
9999       9999       9999       IN
23.6122    -10.5045   9.1252     BR
28.5189    -8.229     8.923      GL
28.5223    -8.2102    8.4877     NA
31.3862    -6.7877    6.5953     RH
33.5127    -5.4705    5.0891     NS
33.7498    -5.2696    4.6952     PR
34.1799    -6.0855    4.8405     R_PR2
30.0686    -7.8057    6.7274     R_PMS
9999       9999       9999       R_ZMI
29.551     -9.5067    6.6747     R_ZMU
28.7359    -8.3664    7.6473     R_DA
28.9168    -9.6386    8.6362     R_MTI
28.3375    -9.7987    9.1592     R_MTS
29.2259    -10.9296   7.4504     R_FMO
28.6593    -11.6599   7.2466     R_FMT
9999       9999       9999       R_PO
9999       9999       9999       R_ZTS
33.2695    -4.7675    4.8461     L_PR2
29.7309    -7.1035    6.859      L_PMS
27.6421    -4.894     4.6568     L_ZMI
28.1202    -6.2126    6.8983     L_ZMU
28.3684    -7.7822    7.6745     L_DA
27.6156    -6.8257    8.794      L_MTI
27.2954    -7.0067    9.3234     L_MTS
26.7664    -5.5927    7.8168     L_FMO
26.0572    -5.5225    7.4329     L_FMT
22.5318    -6.5602    4.6791     L_PO
25.6831    -4.6363    5.2084     L_ZTS
33.4007    -4.7808    5.2824     O1
28.0929    -11.393    7.9965     O2
24.2868    -4.8222    4.9531     O3
20.6954    -10.4767   6.5891     O4







































































































































































28.4843    -8.2327    8.874      GLRH
28.5142    -8.2462    8.6147
28.5139    -8.1645    8.3761
28.5484    -8.0895    8.1647
28.6376    -8.0649    7.9742
28.8017    -7.9575    7.7887
28.946     -7.8899    7.6418
29.1162    -7.8332    7.4924
29.2569    -7.7414    7.3989
29.417     -7.6708    7.2912
29.5465    -7.5795    7.2115
29.6494    -7.5374    7.1274
29.748     -7.4569    7.0518
29.9005    -7.4059    6.9833
30.0409    -7.3515    6.924
30.2427    -7.2513    6.877
30.4265    -7.1706    6.8393
30.5847    -7.0933    6.7888
30.7113    -7.0075    6.7462
30.8483    -6.9146    6.7253
30.9824    -6.8571    6.6939
31.1102    -6.7407    6.7216
31.1985    -6.6775    6.7109
31.285     -6.6006    6.6898
31.3767    -6.5708    6.6482















































































































































































31.3966    -6.624     6.6384     NOSE
31.6076    -6.9887    6.4459
31.7326    -7.1394    6.3525
31.9146    -7.1973    6.1778
32.1601    -7.1892    6.0597
32.3099    -7.1398    5.9474
32.4495    -7.0326    5.8342
32.6196    -6.9494    5.7078
32.8394    -6.8104    5.577
32.9163    -6.5158    5.469
32.9956    -6.303     5.4068
33.0215    -6.1802    5.3747
33.1105    -6.0502    5.3474
33.2635    -5.8664    5.3001
33.3678    -5.7637    5.2726
33.4519    -5.643     5.227
33.4998    -5.4703    5.2069
33.4806    -5.3095    5.1365
33.3665    -5.0974    5.3234
33.2694    -5.0344    5.4534
33.0403    -5.0745    5.5759
32.7846    -5.1034    5.6241
32.4464    -5.1375    5.6568
32.2303    -5.1998    5.7743
32.0193    -5.3001    5.9013
31.7885    -5.4069    6.0287
31.6111    -5.5418    6.1521
31.4489    -5.6599    6.252
31.2799    -5.8282    6.3778
31.1931    -5.9162    6.4566
31.1333    -6.0756    6.5456
31.2435    -6.3109    6.6537
31.277     -6.5347    6.6757
31.3828    -6.5934    6.6428






































































































































































33.4725    -5.3088    5.1554     NASP-PR
33.6269    -5.1852    5.0533
33.686     -5.1063    4.9239
33.6941    -5.077     4.8307
33.7611    -5.081     4.7075



































































































































































































30.1091    -7.7394    6.6892     R-PM/MAX
30.3013    -7.7233    6.5915
30.4778    -7.712     6.5353
30.633     -7.7156    6.4558
30.8466    -7.7022    6.4124
31.0463    -7.7309    6.3491
31.2643    -7.7227    6.2965
31.5073    -7.6539    6.241
31.7039    -7.6236    6.1378
31.8702    -7.5541    6.0274
32.0051    -7.5211    5.9292
32.1909    -7.4711    5.7913
32.3841    -7.4179    5.6145
32.566     -7.2982    5.4875
32.819     -7.2505    5.2914
33.0186    -7.1933    5.1192
33.2363    -7.1139    4.8988
33.3783    -7.0757    4.76
33.5395    -7.0247    4.6613
33.7256    -6.9076    4.471
33.8026    -6.7164    4.3243
33.8902    -6.5016    4.2292


















































































































































































29.688     -7.0284    6.8412     L-PM/MAX
29.8098    -6.8614    6.7453
29.954     -6.7184    6.6944
30.1083    -6.5184    6.6417
30.3103    -6.277     6.565
30.4867    -6.0938    6.5118
30.6012    -5.9616    6.483
30.7269    -5.8314    6.4409
30.9067    -5.6923    6.3506
31.0448    -5.5636    6.24
31.2089    -5.4199    6.1104
31.4386    -5.2075    5.9256
31.497     -5.0674    5.7961
31.6212    -4.9697    5.6881
31.6532    -4.8821    5.6005
31.7389    -4.7946    5.5401
31.8394    -4.6584    5.411
31.9452    -4.5394    5.3075
32.078     -4.4567    5.2318
32.1775    -4.3476    5.1233
32.2703    -4.257     4.9766
32.2587    -4.2301    4.8388
32.2674    -4.2014    4.7149
32.3803    -4.2654    4.518
32.3767    -4.3239    4.4865















































































































































































30.0857    -7.2285    6.8827     ROSTRUM
30.061     -7.02      6.8659
30.0142    -6.8628    6.8337
29.9683    -6.7845    6.7518
29.936     -6.7282    6.7215
29.9074    -6.5954    6.6464
29.8492    -6.4548    6.5714
29.8046    -6.3638    6.5474
29.7781    -6.2429    6.5307
29.7333    -6.1399    6.4976
29.6982    -6.0397    6.4374
29.6559    -5.8967    6.3369
29.6277    -5.8548    6.2168
29.5897    -5.8036    6.0301
29.5787    -5.8014    5.8579
29.5394    -5.7514    5.692
29.5286    -5.7038    5.5538
29.5295    -5.6696    5.357
29.5295    -5.6506    5.1751
29.5576    -5.6175    5.0115
29.5524    -5.5279    4.85
29.4744    -5.3597    4.6949
29.4184    -5.1883    4.622
29.3351    -5.0522    4.6246
29.3332    -4.9146    4.617
29.3231    -4.8121    4.5541
29.3355    -4.7267    4.4126
29.355     -4.6834    4.2882
29.3906    -4.6734    4.1435
29.353     -4.6673    4.0272
29.44      -4.5995    3.8687









































































































































































28.7079    -11.5705   7.2253     SUPORB
28.7208    -11.5506   7.4215
28.7554    -11.474    7.6651
28.8171    -11.341    7.953
28.8001    -11.2144   8.2034
28.7679    -11.0514   8.3519
28.7645    -10.8174   8.5538
28.7381    -10.5848   8.7005
28.6496    -10.4024   8.8103
28.5899    -10.2965   8.8678
28.5415    -10.0758   8.9578
28.4492    -9.9229    9.0383
28.2603    -9.8608    9.0873
28.1414    -9.6831    9.1624
28.0524    -9.572     9.2057
28.0951    -9.4622    9.2248
28.1725    -9.2672    9.2277
28.2578    -9.1123    9.2104
28.3003    -9.0018    9.1924
28.3399    -8.8754    9.1715
28.3859    -8.7274    9.1508
28.3445    -8.3764    9.1078
28.3279    -8.2489    9.0894
28.193     -8.164     9.1481
28.0826    -8.0801    9.1924
27.951     -8.0297    9.2325
27.821     -8.0017    9.2773
27.6298    -7.8506    9.3255
27.4478    -7.7509    9.3312
27.3678    -7.5737    9.3316
27.3327    -7.4135    9.3118
27.3728    -7.132     9.3154
27.3115    -6.9086    9.2773
27.1677    -6.76      9.2452
26.9674    -6.6248    9.1861
26.8721    -6.4268    9.1013
26.7767    -6.3756    9.0398
26.5604    -6.2515    8.9287
26.5069    -6.0513    8.7904
26.4248    -5.9705    8.6919
26.3363    -5.8754    8.5923
26.1783    -5.7625    8.336
26.1035    -5.7213    8.2083
26.0842    -5.6471    8.053
26.0127    -5.5825    7.8928
26.0041    -5.4825    7.761
26.0022    -5.4652    7.5446

























































































































































29.5413    -9.365     6.5854     RORBIT
29.5668    -9.5888    6.5604
29.5599    -9.8293    6.5361
29.5663    -10.066    6.5494
29.5917    -10.2079   6.5688
29.552     -10.3432   6.6443
29.5201    -10.4903   6.6807
29.4606    -10.5921   6.787
29.3949    -10.6686   6.8693
29.3538    -10.7712   7.0128
29.2738    -10.8766   7.258
29.2279    -10.943    7.4274
29.1811    -10.849    7.5829
29.1398    -10.778    7.8314
29.16      -10.7394   7.9997
29.167     -10.6268   8.0853
29.1541    -10.523    8.2238
29.1339    -10.4192   8.2686
29.0745    -10.2123   8.362
29.0307    -10.0352   8.385
28.9958    -9.8861    8.4668
28.9632    -9.7599    8.5539
28.9112    -9.5946    8.5813
28.8431    -9.4423    8.5942
28.7611    -9.2915    8.6305
28.6753    -9.1305    8.6089
28.6231    -8.968     8.5921
28.5597    -8.7723    8.5328
28.5205    -8.6305    8.384
28.5464    -8.5073    8.2227
28.5714    -8.4508    8.1418
28.6021    -8.3971    7.9562
28.6497    -8.3704    7.8309
28.676     -8.3816    7.7375
28.7317    -8.32      7.6026





































































































































































28.0326    -6.3151    6.9464     LORBIT
27.9126    -6.1069    6.9553
27.7561    -6.024     6.949
27.613     -5.9101    7.0077
27.4777    -5.7979    7.032
27.3024    -5.7102    7.1486
27.1296    -5.6546    7.3021
26.989     -5.6489    7.437
26.9019    -5.6196    7.5619
26.8192    -5.6337    7.7623
26.7346    -5.6369    7.8853
26.7235    -5.6961    8.0469
26.7695    -5.783     8.285
26.8436    -5.8989    8.4473
26.9146    -6.0473    8.568
27.0151    -6.1458    8.7056
27.1245    -6.3122    8.7884
27.2428    -6.3986    8.751
27.3762    -6.5667    8.8567
27.4666    -6.6489    8.8434
27.5911    -6.8338    8.839
27.7262    -6.9986    8.8085
27.8173    -7.1668    8.8099
27.8722    -7.3696    8.8449
27.9682    -7.6059    8.6581
28.1141    -7.7685    8.5133
28.1936    -7.8179    8.2539
28.2645    -7.8372    8.1194
28.345     -7.827     7.9317
28.3545    -7.8019    7.7822
28.3495    -7.772     7.6881









































































































































































9999       9999       9999       RTEMFOS







































































































































































































25.9646    -5.5314    7.7215     LTEMFOS
26.0436    -5.425     7.4583
26.1766    -5.2799    7.2241
26.2537    -5.2124    7.0916
26.3484    -5.1682    6.9731
26.4496    -5.113     6.8301
26.5754    -5.0435    6.5991
26.7426    -4.9489    6.4961
26.806     -4.8899    6.3014
26.8557    -4.8037    6.1667
26.8956    -4.7225    6.0122
26.879     -4.6427    5.8471
26.8482    -4.5684    5.7021
26.7467    -4.4739    5.5415
26.5799    -4.374     5.4089
26.443     -4.4496    5.3712
26.3197    -4.4251    5.3181
26.1755    -4.4462    5.3084
26.0651    -4.4676    5.2958
25.9371    -4.5001    5.3031
25.8299    -4.4944    5.2707
25.7544    -4.5004    5.235
25.611     -4.5174    5.2182

















































































































































































9999       9999       9999       OP
9999       9999       9999       BA
9999       9999       9999       ST
23.0029    -8.0737    7.3717     IV
9999       9999       9999       R_PG
9999       9999       9999       R_ZTI
9999       9999       9999       R_M3D
9999       9999       9999       R_M12
22.6593    -9.6387    8.627      R_MP3
21.906     -9.7013    8.1782     R_PMI
9999       9999       9999       L_PG
26.3874    -1.6789    5.7721     L_ZTI
25.0691    -4.3362    7.2911     L_M3D
23.041     -5.3232    6.9145     L_M12
21.6866    -6.8895    6.5522     L_MP3
21.3305    -7.649     6.6964     L_PMI
21.1468    -8.8496    6.3839     O1
30.0716    -9.0422    6.4462     O2
26.7043    -1.6191    5.3818     O3
33.632     -2.3996    6.1381     O4




















































































































































































9999       9999       9999       RZYGINF







































































































































































































24.7488    -4.0295    6.0817     LZYGINF
24.7206    -3.8799    5.9478
24.6787    -3.6924    5.8592
24.6213    -3.5511    5.8776
24.623     -3.347     5.8667
24.7046    -3.2204    5.8475
24.7701    -3.1417    5.8255
24.895     -2.9033    5.8919
25.0898    -2.7537    5.9425
25.2355    -2.6225    5.9722
25.3592    -2.525     5.9705
25.5642    -2.3703    5.9955
25.6955    -2.2022    5.9818
25.8052    -2.1092    5.9381
25.9232    -2.0117    5.8854
26.1082    -1.8894    5.8824
26.2128    -1.7649    5.8374
26.316     -1.6841    5.7551
26.4013    -1.6788    5.7072





















































































































































































9999       9999       9999       R-ALV







































































































































































































24.8784    -4.198     7.5188     L-ALV
24.574     -4.2228    7.4364
24.3228    -4.2338    7.4055
24.0828    -4.3269    7.2676
23.7972    -4.5261    7.2135
23.6452    -4.6988    7.1681
23.4764    -4.8074    7.0454
23.3875    -4.9085    6.9899
23.1203    -5.1719    6.9938
22.9293    -5.2621    7.0769
22.769     -5.4779    7.0402
22.5654    -5.6295    6.9256
22.4384    -5.9677    6.8031
22.3142    -6.0992    6.7467
22.1892    -6.2037    6.7498
22.034     -6.3602    6.6584
21.9444    -6.4596    6.6737
21.8421    -6.6582    6.5979
21.7648    -6.7645    6.5526
21.6804    -6.9002    6.5903
