BM(NH)     ZD.1904.8.2Phh10stv
-0.6868    16.8945    11.352     IN
-0.1899    12.5246    14.0437    BR
-0.032     7.1872     12.8186    GL
-0.0446    7.1812     12.4906    NA
-0.1692    3.9897     8.6246     RH
-0.058     2.0753     6.3496     NS
-0.0303    1.5034     5.3479     PR
-0.891     1.7255     5.3876     R_PR2
-0.5748    5.0405     9.0922     R_PMS
-3.4153    7.3496     8.0403     R_ZMI
-1.8388    7.2814     10.6107    R_ZMU
-0.544     7.4499     11.5577    R_DA
-1.473     7.2738     12.8272    R_MTI
-1.4377    7.6766     13.4353    R_MTS
-2.9938    7.8382     12.025     R_FMO
-3.3174    8.273      12.3429    R_FMT
-4.2468    13.5666    10.0809    R_PO
-4.9003    8.8976     9.0831     R_ZTS
0.782      1.7812     5.7225     L_PR2
0.107      5.2746     9.2476     L_PMS
2.8204     7.6584     7.8624     L_ZMI
1.4406     7.3806     10.4158    L_ZMU
0.2058     7.5845     11.6885    L_DA
1.5616     7.4288     12.6578    L_MTI
1.5553     7.7535     13.1665    L_MTS
2.7865     8.1004     11.678     L_FMO
3.1411     8.4926     11.9489    L_FMT
3.1929     13.753     9.4758     L_PO
4.2213     9.4283     8.7206     L_ZTS
2.1065     3.1758     4.192      O1
-2.7525    8.4889     13.0178    O2
4.4673     11.029     8.9588     O3
-1.3602    16.449     11.2848    O4







































































































































































-0.0328    7.1644     12.8002    GLRH
-0.061     7.1765     12.5509
-0.1017    7.1581     12.3521
-0.1341    7.1527     12.1396
-0.1774    7.171      11.9613
-0.1827    7.1878     11.8128
-0.1906    7.166      11.7041
-0.2023    7.1102     11.5437
-0.2164    7.0527     11.384
-0.2028    6.9859     11.2486
-0.2018    6.9231     11.1031
-0.1868    6.8311     10.9806
-0.1893    6.7742     10.8552
-0.1878    6.6555     10.7051
-0.1712    6.5253     10.529
-0.1844    6.4151     10.3802
-0.1803    6.3281     10.2708
-0.2124    6.2192     10.1617
-0.2349    6.1376     10.081
-0.2308    5.9148     9.8932
-0.2924    5.817      9.787
-0.2646    5.6437     9.6658
-0.2918    5.4648     9.5523
-0.3132    5.2969     9.4215
-0.2584    5.0812     9.3147
-0.2666    4.8885     9.2239
-0.279     4.6722     9.1
-0.2532    4.5114     9.0315
-0.247     4.3325     8.9336
-0.2097    4.1999     8.8569
-0.197     4.1179     8.7808
-0.1958    4.0492     8.7222
-0.1937    3.9734     8.6738







































































































































































-0.2075    4.007      8.6005     NOSE
-0.3742    3.9682     8.5843
-0.5648    3.8987     8.5429
-0.7627    3.7877     8.4816
-0.8548    3.6513     8.3163
-0.9269    3.5073     8.1543
-0.9496    3.3635     7.9664
-1.0335    3.1561     7.7123
-1.0887    2.9499     7.532
-1.0433    2.7294     7.2077
-0.9632    2.5827     6.9973
-0.8843    2.4378     6.8297
-0.7462    2.3458     6.7152
-0.5658    2.2317     6.6054
-0.3576    2.0802     6.4999
-0.1393    2.0252     6.4031
-0.037     2.0245     6.3179
0.1078     2.0447     6.4655
0.1719     2.0466     6.4915
0.5124     2.0742     6.6556
0.6484     2.2216     6.7359
0.7212     2.3457     6.819
0.8275     2.5196     6.9821
0.8687     2.6278     7.1042
0.8702     2.7338     7.2477
0.9016     2.8179     7.3939
0.8915     2.897      7.5041
0.8469     3.0022     7.5986
0.8384     3.1008     7.6896
0.7765     3.2533     7.8035
0.7366     3.358      7.9017
0.7031     3.4542     8.0246
0.6391     3.543      8.1176
0.5948     3.6217     8.2036
0.5428     3.6889     8.2969
0.4836     3.7345     8.388
0.4071     3.8521     8.4777
0.3151     3.9071     8.5182
0.2118     3.9695     8.5947
0.0895     3.9738     8.6279
-0.0031    4.0118     8.6709
-0.0915    4.0056     8.6736
-0.2158    4.0153     8.6607





























































































































































-0.0233    1.924      6.2784     NASP-PR
-0.0484    1.7481     6.1429
-0.0326    1.6056     5.9867
-0.0161    1.5169     5.8674
-0.0341    1.4802     5.7639
-0.044     1.4846     5.625
-0.0127    1.4738     5.5437
-0.0217    1.4712     5.5035
-0.0372    1.4949     5.3771































































































































































































-0.5826    5.0254     9.1013     R-PM/MAX
-0.6245    4.76       8.9847
-0.7163    4.5082     8.849
-0.8259    4.2579     8.6805
-0.9354    4.016      8.5264
-1.057     3.7677     8.3535
-1.1991    3.5726     8.1841
-1.2673    3.4155     8.0283
-1.3323    3.3306     7.9083
-1.3873    3.1987     7.661
-1.4556    3.1365     7.528
-1.5501    3.0677     7.2586
-1.6202    2.9637     7.046
-1.7276    2.9116     6.8669
-1.791     2.8153     6.6779
-1.7819    2.7434     6.5893
-1.8011    2.6795     6.4727
-1.7856    2.6227     6.3362
-1.8243    2.5837     6.2534
-1.8266    2.5399     6.0565
-1.8115    2.5664     5.8928
-1.6546    2.5161     5.7044
-1.4632    2.5408     5.577

















































































































































































0.1        5.3053     9.2726     L-PM/MAX
0.1264     5.1696     9.2021
0.1671     5.0167     9.1033
0.1972     4.884      9.0326
0.2447     4.7136     8.9798
0.2969     4.5863     8.9083
0.3698     4.4181     8.7964
0.4677     4.2804     8.7085
0.5098     4.1213     8.5966
0.6042     4.0294     8.5301
0.6904     3.9437     8.4553
0.7433     3.8486     8.3965
0.8112     3.7426     8.2975
0.8724     3.6461     8.199
0.9352     3.5335     8.0819
1.008      3.4636     7.9779
1.1094     3.3803     7.7634
1.1562     3.3028     7.5826
1.2257     3.2469     7.399
1.2526     3.1906     7.2471
1.2925     3.1452     7.1099
1.3537     3.0782     6.9352
1.447      2.9776     6.7633
1.4791     2.9139     6.6145
1.5324     2.8283     6.4474
1.533      2.7408     6.3251
1.5708     2.6429     6.111
1.5642     2.6339     5.9769
1.5676     2.6518     5.8778
1.5419     2.6504     5.7547
1.4115     2.6513     5.6504









































































































































































-2.4983    5.8851     6.0981     ROSTRUM
-2.5278    5.8274     6.3822
-2.4535    5.8134     6.5632
-2.3329    5.8123     6.6986
-2.1583    5.8111     6.7757
-1.9946    5.8082     6.869
-1.9093    5.7885     6.9645
-1.8368    5.7626     7.138
-1.7966    5.7278     7.2694
-1.7862    5.7504     7.4073
-1.7899    5.7443     7.627
-1.7816    5.65       7.8482
-1.7269    5.6194     8.1673
-1.6744    5.5622     8.3081
-1.6319    5.4967     8.5233
-1.6495    5.4371     8.685
-1.6623    5.3932     8.919
-1.6625    5.3797     9.0235
-1.5857    5.3785     9.1873
-1.4999    5.4117     9.3298
-1.2125    5.4465     9.3671
-0.9798    5.4617     9.3694
-0.8111    5.4645     9.393
-0.6249    5.4594     9.3945
-0.4894    5.4751     9.3923
-0.403     5.4325     9.4798
-0.2511    5.4149     9.5125
-0.0456    5.4317     9.4669
0.0156     5.4553     9.3904
0.1866     5.4619     9.3638
0.4423     5.4457     9.351
0.5849     5.4653     9.3275
0.6882     5.498      9.3439
0.83       5.5077     9.3568
0.9385     5.4996     9.3379
1.0345     5.5211     9.2783
1.1905     5.5258     9.1265
1.2711     5.5441     8.8572
1.1987     5.61       8.7339
1.1804     5.6528     8.6473
1.1399     5.6991     8.4055
1.1655     5.8019     8.1485
1.1973     5.8923     7.9562
1.2081     5.925      7.7879
1.2022     5.9726     7.562
1.2137     6.0715     7.3405
1.2505     6.15       7.1499
1.3709     6.2099     6.9701
1.5399     6.2661     6.9156
1.7193     6.2771     6.8419
1.8232     6.2546     6.7609
1.9098     6.2439     6.5967
1.9437     6.2463     6.4586
1.948      6.2616     6.3263
1.9131     6.2597     6.1554

















































































































































-3.3288    8.2255     12.3751    SUPORB
-3.2263    8.2297     12.5342
-3.1183    8.2493     12.7718
-2.9823    8.2527     12.9763
-2.8532    8.1732     13.1023
-2.7167    8.1182     13.2012
-2.414     7.8227     13.3041
-2.1064    7.7333     13.3767
-1.8712    7.6647     13.3971
-1.6202    7.5758     13.4011
-1.3393    7.5522     13.4169
-1.1543    7.6007     13.4422
-0.9198    7.6158     13.4292
-0.6552    7.6241     13.4168
-0.3834    7.6532     13.357
-0.1812    7.6203     13.2973
0.048      7.555      13.2487
0.3237     7.6274     13.2369
0.5586     7.7481     13.2729
0.8835     7.7692     13.2651
1.2396     7.784      13.24
1.5298     7.7996     13.1905
1.6712     7.823      13.1562
1.8122     7.85       13.1175
2.0021     7.9318     13.089
2.1266     7.9591     13.0311
2.322      8.0857     12.9903
2.4431     8.2284     12.9295
2.618      8.3646     12.817
2.7571     8.4957     12.6889
2.883      8.4489     12.5267
2.9568     8.6289     12.2936
2.9981     8.6839     12.1441







































































































































































-1.8837    7.2539     10.6489    RORBIT
-2.1255    7.2336     10.6133
-2.3008    7.3124     10.6949
-2.4822    7.3887     10.7991
-2.598     7.4662     10.92
-2.7651    7.5526     11.0984
-2.8729    7.6179     11.2469
-2.9578    7.6952     11.4924
-2.9769    7.7631     11.6762
-3.0133    7.8387     11.9135
-2.9755    7.8684     12.0059
-2.9393    7.8938     12.1797
-2.813     7.8983     12.4311
-2.5595    7.755      12.7264
-2.3223    7.6139     12.8727
-2.1041    7.4873     12.9077
-1.6978    7.366      12.8523
-1.4524    7.2785     12.8152
-1.1485    7.3274     12.868
-0.9087    7.2941     12.9168
-0.7084    7.3161     12.8107
-0.4823    7.3299     12.5895
-0.4948    7.4109     12.3674
-0.4633    7.4517     12.2521
-0.4623    7.542      11.9261
-0.4654    7.5203     11.8023
-0.4663    7.4632     11.6568













































































































































































1.4482     7.4038     10.4258    LORBIT
1.6837     7.4354     10.4322
1.8705     7.4631     10.4394
2.074      7.5857     10.5316
2.2876     7.6536     10.6391
2.426      7.7645     10.7596
2.5671     7.8633     10.9456
2.6513     7.9118     11.0603
2.7053     8.0054     11.2825
2.718      8.1294     11.4874
2.7466     8.1264     11.6843
2.6947     8.119      11.969
2.6336     8.0407     12.1564
2.5        7.9583     12.3466
2.3759     7.8781     12.4878
2.253      7.7441     12.6421
2.0616     7.6402     12.6984
1.801      7.5522     12.6638
1.5045     7.4327     12.6438
1.1688     7.3452     12.7251
0.9617     7.398      12.7002
0.6436     7.4586     12.6448
0.4401     7.5838     12.4399
0.3503     7.5891     12.2308
0.2245     7.5858     12.0315
0.2137     7.621      11.9527
0.1836     7.615      11.8666
0.1754     7.6095     11.8161












































































































































































-3.2244    8.3169     12.5343    RTEMFOS
-3.298     8.2562     12.3968
-3.3561    8.2115     12.2031
-3.4063    8.1253     12.0894
-3.4612    8.0699     11.9492
-3.53      8.0068     11.8059
-3.5658    7.9647     11.6421
-3.6178    7.91       11.3956
-3.649     7.8807     11.1654
-3.6903    7.8186     10.9581
-3.6962    7.7607     10.7038
-3.7109    7.7187     10.4984
-3.7341    7.657      10.3092
-3.7467    7.6353     10.1432
-3.7427    7.6293     10.0137
-3.7973    7.5748     9.8643
-3.8348    7.5544     9.7187
-3.8964    7.588      9.5669
-3.9674    7.5695     9.4246
-4.1052    7.716      9.2735
-4.2821    7.8442     9.1683
-4.4722    7.9443     9.0806
-4.5565    8.0669     9.0729
-4.6931    8.2506     9.0479
-4.7384    8.4167     9.0212
-4.742     8.5176     9.0478
-4.7886    8.5986     9.0691
-4.8636    8.743      9.0977
-4.8772    8.8994     9.0943











































































































































































3.0856     8.5317     12.079     LTEMFOS
3.1539     8.4466     11.9046
3.1769     8.3922     11.7365
3.2028     8.3427     11.525
3.2402     8.3398     11.3735
3.2577     8.3146     11.2462
3.2757     8.26       11.0842
3.2871     8.2641     11.0081
3.3178     8.1993     10.8285
3.3282     8.168      10.7148
3.3164     8.1265     10.5871
3.2978     8.1015     10.4944
3.3053     8.0886     10.3298
3.3087     8.0478     10.2235
3.31       8.0189     10.0464
3.2928     7.9654     9.8491
3.3089     7.932      9.698
3.3127     7.9173     9.5669
3.3422     7.883      9.4372
3.4024     7.9024     9.2323
3.4555     7.941      9.1154
3.5696     8.0097     8.9676
3.6927     8.068      8.8669
3.8025     8.132      8.8109
3.8943     8.2109     8.7602
3.9547     8.3189     8.7262
4.0187     8.4943     8.7137
4.0888     8.6714     8.6428
4.1251     8.8861     8.644
4.1442     9.0275     8.6779
4.1211     9.102      8.7069
4.1417     9.3003     8.7018








































































































































































0.0631     2.6525     10.5764    OP
-0.0097    4.5873     10.7743    BA
-0.1657    9.0728     10.5379    ST
-0.1571    13.7381    10.9602    IV
-3.528     4.3742     10.4002    R_PG
-4.8917    6.2237     9.8645     R_ZTI
-1.7355    9.0296     11.1978    R_M3D
-2.3138    11.4154    11.8253    R_M12
-2.0061    13.7282    11.7904    R_MP3
-1.4945    14.936     11.828     R_PMI
3.4011     4.6336     10.2047    L_PG
4.6665     6.7814     9.4698     L_ZTI
1.5229     9.2213     11.1304    L_M3D
1.9541     11.4539    11.4662    L_M12
1.722      13.8959    11.5549    L_MP3
1.178      14.8896    11.5898    L_PMI
2.3494     14.719     12.8222    O1
-3.0086    7.88       5.421      O2
4.7512     6.6668     8.9947     O3
-0.7668    0.333      8.0713     O4




















































































































































































-3.3885    9.5302     10.2795    RZYGINF
-3.5801    9.3949     10.1914
-3.7222    9.3064     10.151
-3.8523    9.197      10.1472
-4.0101    8.988      10.1921
-4.0874    8.7813     10.2489
-4.1741    8.6101     10.273
-4.2437    8.4529     10.2951
-4.3069    8.2642     10.3029
-4.3863    8.0416     10.3232
-4.466     7.804      10.3405
-4.5087    7.5604     10.3409
-4.5036    7.3606     10.3218
-4.51      7.1526     10.2901
-4.5647    6.9689     10.2434
-4.6541    6.811      10.1734
-4.7117    6.5939     10.1002
-4.7695    6.4426     10.0296
-4.7975    6.3328     9.9995
-4.8795    6.188      9.895




















































































































































































2.9014     9.7244     9.8506     LZYGINF
3.1523     9.6007     9.7504
3.3309     9.5184     9.7193
3.5362     9.3848     9.7077
3.7135     9.2106     9.717
3.8029     8.9673     9.7367
3.9109     8.7783     9.7716
4.0086     8.4399     9.7898
4.0687     8.2347     9.8095
4.1312     8.0433     9.8156
4.1986     7.7899     9.8017
4.3093     7.5446     9.7767
4.4568     7.3762     9.7423
4.5528     7.1887     9.6578
4.5899     7.0611     9.6184
4.6093     6.9661     9.5758
4.6543     6.8837     9.5315
4.6742     6.7949     9.4602






















































































































































































-1.788     9.1155     11.2905    R-ALV
-1.9807    9.3562     11.2564
-2.1209    9.6111     11.3672
-2.2495    9.8984     11.3829
-2.3285    10.2064    11.4671
-2.3712    10.5257    11.4706
-2.3914    10.806     11.5106
-2.4185    11.1635    11.5102
-2.3653    11.4507    11.5203
-2.3197    11.7156    11.5809
-2.2665    11.959     11.5463
-2.2929    12.1754    11.681
-2.2261    12.3475    11.6432
-2.1577    12.4843    11.6493
-2.1668    12.6672    11.7405
-2.1502    12.7675    11.7797
-2.1326    12.8732    11.7826
-2.1243    13.1232    11.7615
-2.0654    13.2304    11.8987
-2.05      13.4081    11.8897
-2.0382    13.5349    11.8448
-2.0471    13.6371    11.7971
-2.0212    13.7307    11.7871

















































































































































































1.4452     9.2051     11.0554    L-ALV
1.6181     9.4096     11.0501
1.7246     9.6563     11.1074
1.83       9.8362     11.1401
1.9642     10.153     11.2121
2.0144     10.4103    11.2626
2.0308     10.6922    11.2834
2.0603     10.9018    11.2607
2.0845     11.1426    11.2525
2.0618     11.4503    11.3191
2.0369     11.6519    11.2711
2.0154     11.8082    11.2875
2.0044     11.9946    11.3555
1.9873     12.1345    11.2944
1.851      12.5072    11.2051
1.8805     12.7052    11.3474
1.9159     12.9221    11.4004
1.8888     13.1339    11.415
1.8515     13.2952    11.431
1.8431     13.5227    11.4137
1.8312     13.6989    11.3947
1.7792     13.8509    11.449
