BM(NH)     ZD.1910.10.Phh13stv
-0.5608    17.2632    11.0991    IN
-0.3899    12.6596    14.4923    BR
-0.2414    6.6659     12.4738    GL
-0.245     6.6798     11.916     NA
-0.0894    3.3018     7.9592     RH
-0.0748    1.6742     6.2846     NS
-0.0882    1.1355     5.2056     PR
-0.9135    1.4198     5.183      R_PR2
-0.6127    5.0448     8.9134     R_PMS
-3.6511    7.4496     7.2741     R_ZMI
-1.9931    7.1605     10.1051    R_ZMU
-0.6303    7.0381     10.9736    R_DA
-2.129     6.966      12.4739    R_MTI
-1.873     7.6119     13.2952    R_MTS
-3.3704    7.7205     11.3366    R_FMO
-4.0082    8.4836     11.7398    R_FMT
-4.47      13.502     9.7011     R_PO
9999       9999       9999       R_ZTS
0.8102     1.4528     5.3039     L_PR2
0.3007     5.1199     8.9089     L_PMS
2.6778     7.3339     7.0698     L_ZMI
1.6314     7.2781     10.0251    L_ZMU
0.1275     7.1942     11.3393    L_DA
1.5456     7.0604     12.4298    L_MTI
1.3508     7.5881     13.2756    L_MTS
2.8614     7.8659     11.4307    L_FMO
3.3286     8.5122     11.4595    L_FMT
3.3963     13.8231    9.7057     L_PO
9999       9999       9999       L_ZTS
-0.7584    0.9928     4.9004     O1
2.6498     8.6243     12.9596    O2
-5.3812    12.2308    9.0843     O3
-0.0121    16.7935    11.5318    O4







































































































































































-0.1805    6.6624     12.5595    GLRH
-0.2262    6.6539     12.3262
-0.2077    6.6647     12.105
-0.2134    6.6611     11.9266
-0.1962    6.6898     11.7396
-0.2076    6.6784     11.4624
-0.2228    6.6584     11.2919
-0.2272    6.6385     11.147
-0.2243    6.5837     10.9943
-0.2355    6.5216     10.8705
-0.2068    6.4287     10.7099
-0.2306    6.3643     10.5467
-0.1935    6.2369     10.3602
-0.163     6.1394     10.2548
-0.1718    6.053      10.1392
-0.2111    5.9567     10.0058
-0.2097    5.809      9.8514
-0.1988    5.6672     9.7115
-0.1804    5.5141     9.6012
-0.1703    5.3527     9.4525
-0.188     5.1381     9.2677
-0.1805    4.9806     9.1212
-0.1541    4.8381     9.022
-0.14      4.7386     8.9263
-0.1446    4.5461     8.8456
-0.1286    4.4366     8.7514
-0.1069    4.3858     8.709
-0.1237    4.2621     8.5753
-0.0994    4.1233     8.5043
-0.1454    4.0191     8.4085
-0.1188    3.9323     8.3732
-0.1017    3.8151     8.2964
-0.1192    3.6638     8.2393
-0.1118    3.514      8.141
-0.125     3.4081     8.0793
-0.0448    3.3205     8.01




































































































































































-0.0918    3.3529     8.027      NOSE
-0.2519    3.411      8.0634
-0.4543    3.4866     8.0711
-0.6884    3.5394     8.0899
-0.8635    3.4315     7.9604
-0.9597    3.2501     7.7672
-1.0223    3.0885     7.5735
-1.0603    2.8687     7.4204
-1.1146    2.6151     7.1694
-1.0171    2.3737     6.9172
-0.8805    2.0898     6.7245
-0.7096    1.8974     6.6225
-0.5006    1.6973     6.5306
-0.343     1.493      6.3183
-0.1552    1.4727     6.1985
0.0566     1.5124     6.1968
0.2041     1.5624     6.3636
0.367      1.661      6.525
0.498      1.8849     6.6508
0.5652     2.135      6.7136
0.7573     2.2676     6.7668
0.834      2.4304     6.8704
0.863      2.5877     7.0365
0.8838     2.7587     7.2007
0.8417     2.9289     7.305
0.828      2.9831     7.4022
0.7594     3.1833     7.5486
0.7459     3.2676     7.6631
0.6363     3.4315     7.7995
0.5992     3.4925     7.8708
0.4922     3.5958     7.9324
0.3941     3.661      8.0151
0.2579     3.5328     8.1148
0.1107     3.4311     8.0728
0.0013     3.3945     8.0392
-0.0615    3.3277     7.9911




































































































































































-0.0998    1.5559     6.2085     NASP-PR
-0.1096    1.3393     6.0893
-0.1078    1.253      5.9818
-0.0735    1.1876     5.7538
-0.0733    1.1684     5.5765
-0.0747    1.1463     5.3983
-0.0851    1.1466     5.2814
-0.0579    1.152      5.1728
































































































































































































-0.6386    5.0415     8.8475     R-PM/MAX
-0.7592    4.8128     8.688
-0.843     4.6658     8.6556
-0.9031    4.3668     8.5699
-0.9767    4.2584     8.4168
-1.0296    4.0703     8.3018
-1.0704    3.9415     8.2221
-1.2328    3.7454     8.0347
-1.3249    3.5751     7.8441
-1.4512    3.3871     7.593
-1.4668    3.2221     7.3795
-1.516     3.0928     7.1232
-1.5922    2.9839     6.8858
-1.7063    2.8309     6.6606
-1.8458    2.6546     6.3343
-1.9464    2.4776     6.1245
-1.8399    2.3496     5.9437
-1.766     2.2653     5.7685
-1.5956    2.3173     5.5361
-1.458     2.3586     5.452




















































































































































































0.2889     5.0907     8.8883     L-PM/MAX
0.4079     4.8287     8.6592
0.4816     4.6978     8.5648
0.5669     4.5282     8.4817
0.6558     4.4164     8.3949
0.7839     4.2399     8.2891
0.8776     4.0836     8.2055
0.9307     3.9442     8.1011
1.0079     3.8742     8.0371
1.098      3.7732     7.9622
1.1608     3.6274     7.8447
1.2489     3.4947     7.6272
1.2782     3.4024     7.4456
1.3462     3.3318     7.287
1.4416     3.2206     7.0507
1.4953     3.1382     6.8936
1.5546     3.103      6.7714
1.6105     2.9823     6.602
1.7025     2.8849     6.473
1.7004     2.7964     6.3704
1.7235     2.688      6.2222
1.7406     2.5147     6.0245
1.7002     2.4704     5.8243
1.6225     2.4692     5.6953
1.5637     2.4845     5.5801
1.4885     2.5108     5.5019
1.4269     2.5466     5.4133













































































































































































-2.6164    5.9944     5.924      ROSTRUM
-2.617     5.9292     6.1468
-2.5338    5.924      6.3355
-2.4688    5.9084     6.4465
-2.338     5.9001     6.563
-2.1755    5.8867     6.6537
-2.0482    5.9193     6.7885
-1.9717    5.8946     6.9056
-1.9136    5.8864     7.0516
-1.9221    5.8412     7.2736
-1.9156    5.8242     7.4901
-1.9072    5.8165     7.6849
-1.8903    5.7761     7.875
-1.8639    5.7019     8.0711
-1.8837    5.6416     8.2267
-1.8       5.6385     8.3403
-1.848     5.572      8.5389
-1.8378    5.584      8.6427
-1.7804    5.5573     8.7261
-1.6187    5.444      8.9511
-1.4817    5.4642     9.0256
-1.3222    5.4868     9.0583
-1.1592    5.4989     9.0855
-1.0544    5.5395     9.111
-0.9428    5.5414     9.1432
-0.802     5.5957     9.2032
-0.7031    5.5687     9.2977
-0.5643    5.5827     9.3844
-0.4397    5.5873     9.4053
-0.2286    5.5269     9.6015
-0.1006    5.5338     9.5925
0.1239     5.5969     9.4495
0.2344     5.6367     9.3307
0.3198     5.6826     9.2143
0.4072     5.6842     9.1558
0.5309     5.6503     9.1424
0.7255     5.6649     9.117
0.903      5.6702     9.0898
1.0867     5.692      9.0813
1.1936     5.6904     9.0326
1.2625     5.7112     8.9574
1.3986     5.7225     8.7251
1.3962     5.7391     8.563
1.386      5.7757     8.3799
1.3642     5.7753     8.0609
1.4049     5.8391     7.927
1.3984     5.8988     7.7691
1.4059     5.8423     7.5069
1.412      5.8826     7.3134
1.3942     5.9956     7.1545
1.4092     6.0107     6.9634
1.5        6.0992     6.7523
1.722      6.1019     6.5706
1.952      6.0748     6.4798
2.0475     6.0675     6.3747
2.1204     6.111      6.1809
2.1473     6.1699     6.0401
2.118      6.2054     5.8838
2.0707     6.2475     5.7631
2.0482     6.2653     5.7097












































































































































-4.0513    8.4052     11.7647    SUPORB
-3.9828    8.4017     11.9475
-3.9391    8.3926     12.1151
-3.7991    8.3544     12.3599
-3.6498    8.2688     12.5094
-3.4517    8.1837     12.6585
-3.2857    8.0581     12.7433
-3.1074    7.926      12.8361
-2.8961    7.8677     12.9003
-2.7042    7.8342     12.9937
-2.4861    7.7711     13.071
-2.2192    7.7051     13.1913
-2.05      7.6619     13.2613
-1.8748    7.6034     13.3063
-1.6267    7.5187     13.352
-1.3956    7.49       13.3631
-1.1489    7.45       13.3054
-0.8937    7.3339     13.2229
-0.7186    7.2384     13.1718
-0.4748    7.13       13.1425
-0.1553    7.0969     13.1929
0.2062     7.1987     13.2799
0.3516     7.2972     13.3326
0.5839     7.4649     13.3735
0.8895     7.5206     13.3609
1.1765     7.5656     13.326
1.4722     7.6119     13.2507
1.779      7.6733     13.1246
2.1474     7.7771     12.9878
2.3223     7.882      12.952
2.6105     8.0873     12.8628
2.785      8.2502     12.7679
2.9755     8.3991     12.6874
3.142      8.4607     12.5546
3.2645     8.4607     12.3852
3.3916     8.5318     12.1067
3.446      8.5073     11.9176
3.4398     8.5325     11.8031
3.4435     8.4947     11.5778

































































































































































-1.9956    7.1996     10.1239    RORBIT
-2.1395    7.2051     10.1228
-2.3165    7.2671     10.166
-2.5018    7.3218     10.2249
-2.6318    7.3887     10.3063
-2.7934    7.4478     10.3951
-2.9125    7.529      10.5411
-3.0582    7.5975     10.6624
-3.1292    7.6394     10.8137
-3.1905    7.6902     10.9397
-3.2452    7.7387     11.0857
-3.2854    7.7571     11.2396
-3.3223    7.784      11.434
-3.3456    7.8002     11.6292
-3.2963    7.6756     11.8942
-3.2049    7.584      12.0784
-3.024     7.4425     12.2789
-2.7855    7.2968     12.3909
-2.6034    7.1902     12.4519
-2.358     7.1227     12.4472
-2.0241    6.995      12.4277
-1.7858    6.9174     12.3903
-1.6736    6.9086     12.3813
-1.5192    6.9077     12.4473
-1.3652    6.9954     12.5214
-1.0428    7.0226     12.4976
-0.8049    6.9961     12.246
-0.7343    7.0457     12.0302
-0.6303    7.0908     11.8101
-0.5821    7.1315     11.6437
-0.5328    7.1038     11.3734
-0.5629    7.0978     11.1757








































































































































































1.5514     7.2754     10.0386    LORBIT
1.7366     7.3322     10.0609
1.9465     7.4474     10.122
2.1023     7.4965     10.2086
2.2494     7.5516     10.3153
2.3924     7.6038     10.4303
2.5089     7.6578     10.5498
2.5732     7.7442     10.7079
2.6589     7.8502     10.9046
2.7189     7.8699     11.0836
2.8753     7.8415     11.3049
2.8372     7.8849     11.5986
2.798      7.8694     11.7438
2.6495     7.7649     12.0012
2.6188     7.561      12.1994
2.47       7.47       12.3142
2.2895     7.3087     12.4584
2.0099     7.2106     12.4833
1.7585     7.1146     12.4948
1.5507     7.0514     12.4297
1.2478     6.9875     12.3585
0.964      6.9592     12.5232
0.5968     6.9866     12.4591
0.3684     6.9897     12.1643
0.2644     7.0638     11.9184
0.1694     7.1556     11.5867
0.1172     7.1178     11.4954
0.0928     7.1015     11.3637












































































































































































9999       9999       9999       RTEMFOS







































































































































































































9999       9999       9999       LTEMFOS







































































































































































































-0.6794    2.4749     11.5423    OP
-0.5926    4.2925     11.536     BA
-0.5377    8.9039     10.4851    ST
-0.4543    14.1999    10.2861    IV
-4.3071    4.4718     11.2173    R_PG
9999       9999       9999       R_ZTI
-2.5147    9.5791     11.464     R_M3D
-2.7604    11.8487    11.4045    R_M12
-2.5273    14.2811    10.9571    R_MP3
-1.8838    15.268     10.611     R_PMI
2.9819     4.4838     11.2255    L_PG
9999       9999       9999       L_ZTI
1.368      9.4069     11.577     L_M3D
1.7554     11.7934    11.3134    L_M12
1.8189     14.127     11.0504    L_MP3
0.897      15.1948    10.5072    L_PMI
-1.1086    16.8427    10.5004    O1
2.2794     7.1183     5.2233     O2
-5.5326    4.7965     10.1754    O3
-0.1456    -0.2158    9.1941     O4




















































































































































































9999       9999       9999       RZYGINF







































































































































































































9999       9999       9999       LZYGINF







































































































































































































-2.4559    9.5485     11.4954    R-ALV
-2.6108    9.8246     11.4739
-2.7204    10.1003    11.4151
-2.7615    10.4891    11.4274
-2.7493    10.6501    11.4334
-2.781     11.0101    11.3988
-2.8027    11.2306    11.422
-2.7946    11.5327    11.4223
-2.7693    11.8991    11.3097
-2.7759    12.1118    11.2834
-2.7653    12.4781    11.2804
-2.7317    12.7385    11.1436
-2.6401    12.9901    11.2366
-2.6444    13.1961    11.1894
-2.6755    13.4826    11.1189
-2.6839    13.6512    11.0918
-2.6671    13.715     11.0788
-2.6789    14.0016    11.0646
-2.6373    14.1161    11.0278
-2.6003    14.1703    10.9979




















































































































































































1.3909     9.5235     11.5095    L-ALV
1.5448     9.7587     11.5418
1.6024     10.0049    11.4909
1.6789     10.2507    11.4246
1.6732     10.5614    11.4884
1.7301     10.8889    11.4312
1.7742     11.1867    11.4496
1.774      11.4123    11.4422
1.79       11.7351    11.3318
1.7778     11.9929    11.3664
1.7847     12.2625    11.3275
1.7833     12.4493    11.3276
1.8182     12.6447    11.2942
1.7542     12.8693    11.2296
1.7462     13.0912    11.2474
1.7624     13.2843    11.2425
1.8118     13.5387    11.1896
1.8723     13.7645    11.1423
1.8116     13.8488    11.1588
1.7886     13.9794    11.1672
1.7872     14.1944    11.0083
