MNHN       Z(MO) 1972.Phh25stv
2.4874     20.9083    12.0287    IN
2.6757     16.6222    14.9649    BR
2.7756     10.1486    14.4528    GL
2.7906     10.1461    13.6459    NA
2.9819     5.1753     9.0966     RH
3.0557     2.8341     6.4716     NS
3.0508     2.2525     5.0837     PR
2.2393     2.2772     4.9589     R_PR2
2.674      6.5189     9.8729     R_PMS
-1.041     9.5792     8.5409     R_ZMI
0.8571     10.1317    11.9962    R_ZMU
2.3963     10.2787    13.0276    R_DA
0.9874     10.4374    14.2815    R_MTI
1.1563     11.0437    15.0154    R_MTS
-0.5014    11.034     12.9706    R_FMO
-1.0721    11.8577    13.6871    R_FMT
-2.0635    16.647     10.467     R_PO
-2.8998    11.32      9.7788     R_ZTS
3.8106     2.5645     5.0202     L_PR2
3.3154     6.6115     9.8715     L_PMS
6.4691     9.9479     8.2412     L_ZMI
4.5855     10.3594    11.7777    L_ZMU
3.1342     10.4078    13.2376    L_DA
4.5626     10.6188    14.1766    L_MTI
4.3601     11.0877    14.9616    L_MTS
5.95       11.3449    12.8395    L_FMO
6.5898     11.9322    13.3327    L_FMT
6.7513     16.7871    10.2156    L_PO
7.9851     11.574     9.5146     L_ZTS
3.4986     1.9826     4.5979     O1
-0.7705    11.9514    13.8537    O2
8.4551     13.8612    9.86       O3
1.0861     20.5533    11.7314    O4







































































































































































2.8115     10.131     14.4408    GLRH
2.7998     10.1058    14.1513
2.7831     10.1224    13.872
2.7728     10.1376    13.6106
2.7714     10.093     13.361
2.7855     10.017     12.997
2.8144     9.9406     12.8094
2.8333     9.7647     12.5401
2.8259     9.6108     12.3387
2.8526     9.4609     12.1471
2.8425     9.2526     11.9426
2.8742     9.0815     11.7741
2.8169     8.884      11.5708
2.8648     8.6986     11.3928
2.8665     8.4077     11.1504
2.8946     8.0502     10.8951
2.8877     7.826      10.7244
2.8779     7.6305     10.5708
2.8906     7.4047     10.4558
2.9492     7.1142     10.2843
2.9402     6.8657     10.158
2.9643     6.5969     10.0052
2.8909     6.307      9.8325
2.9282     6.1137     9.7172
2.9657     5.8359     9.5907
2.9279     5.5419     9.436
2.9039     5.3576     9.3117
2.9305     5.2475     9.2243
2.9577     5.1577     9.0978











































































































































































2.956      5.1991     9.1572     NOSE
2.7128     5.187      9.1045
2.5401     5.1394     9.0531
2.4444     5.0598     8.8915
2.3247     4.8754     8.7146
2.2378     4.6188     8.4422
2.1215     4.4028     8.2512
2.0427     4.1497     8.0419
1.9718     3.8632     7.912
2.0417     3.5772     7.5201
2.0426     3.3496     7.206
2.1729     3.1526     6.9588
2.509      2.9705     6.7465
2.8478     2.7672     6.5142
3.0247     2.8038     6.4336
3.1766     2.8208     6.512
3.4548     2.8776     6.6216
3.6532     3.007      6.7779
3.8664     3.1654     6.9173
3.9671     3.3672     7.096
4.0172     3.6095     7.401
3.9941     3.8169     7.6818
3.9818     4.0824     7.8654
3.981      4.251      8.1211
3.8877     4.4642     8.3058
3.8144     4.6628     8.5408
3.7356     4.8126     8.6954
3.6475     4.9592     8.8211
3.533      5.1047     8.9463
3.4042     5.1781     9.0937
3.2043     5.1836     9.1233
3.0797     5.2046     9.1537
2.91       5.1957     9.136







































































































































































3.0658     2.8679     6.4667     NASP-PR
3.0415     2.6743     6.3548
3.0806     2.4752     6.1378
3.0739     2.3416     5.9088
3.0569     2.2598     5.7074
3.0561     2.228      5.5306
3.0603     2.2118     5.3407
3.0465     2.2106     5.1484
































































































































































































2.6643     6.5019     9.8809     R-PM/MAX
2.5935     6.2483     9.717
2.4861     5.9719     9.4892
2.3502     5.6354     9.2528
2.2332     5.4045     9.0818
2.0986     5.1803     8.8607
1.9807     4.9406     8.6533
1.8812     4.6579     8.4454
1.7253     4.4179     8.2194
1.5656     4.1772     7.8352
1.4396     4.0068     7.48
1.288      3.8816     7.0997
1.1042     3.7406     6.6968
0.9919     3.587      6.3923
0.957      3.4194     6.1119
0.9893     3.3055     5.8654
1.0798     3.3337     5.6637
1.3048     3.4435     5.3997






















































































































































































3.3299     6.5461     9.8259     L-PM/MAX
3.3917     6.2272     9.6988
3.4834     6.0075     9.5885
3.5671     5.8502     9.4735
3.6671     5.6225     9.3036
3.8017     5.4335     9.1319
3.8739     5.2911     8.9584
3.9767     5.096      8.7826
4.0926     4.8934     8.5712
4.2032     4.7484     8.4317
4.2988     4.53       8.1908
4.368      4.3477     7.988
4.4811     4.2308     7.6923
4.6038     4.0599     7.3271
4.6334     3.8707     6.9876
4.6831     3.7645     6.6696
4.8        3.6462     6.322
4.8784     3.441      5.9732
4.8939     3.4116     5.7289
4.8551     3.409      5.5395
4.8258     3.4196     5.3947
4.6346     3.4641     5.1741


















































































































































































0.1784     7.0511     5.7619     ROSTRUM
0.194      6.9897     6.2005
0.3158     6.9244     6.4115
0.5771     6.9171     6.552
0.8348     6.868      6.7145
1.0353     6.8467     6.9059
1.1209     6.8186     7.1889
1.1537     6.7496     7.4829
1.115      6.6956     7.7999
1.086      6.6372     8.1121
1.0824     6.646      8.2793
1.0963     6.5768     8.5253
1.124      6.54       8.7042
1.0903     6.4783     8.9158
0.9969     6.4679     9.0801
0.996      6.3528     9.2592
1.1479     6.3682     9.4468
1.369      6.3716     9.5997
1.7867     6.4033     9.663
1.9663     6.396      9.6149
2.2586     6.3829     9.6869
2.4728     6.3636     9.7092
2.6329     6.3932     9.7877
2.7508     6.3977     9.8675
2.9267     6.4118     9.8921
3.16       6.4183     9.8373
3.3747     6.4962     9.8009
3.61       6.5059     9.788
3.8256     6.5569     9.7862
4.0557     6.5952     9.6978
4.2804     6.6941     9.6633
4.5278     6.7171     9.5875
4.7311     6.7359     9.4786
4.8409     6.7349     9.2233
4.7611     6.7327     8.9619
4.7138     6.7654     8.7179
4.7527     6.8165     8.5454
4.7552     6.9209     8.3545
4.7414     6.9637     8.1713
4.7177     6.9798     8.0249
4.7063     6.9831     7.8753
4.6494     6.998      7.6565
4.6196     7.0149     7.4832
4.5887     7.0695     7.1778
4.6535     7.1728     6.9464
4.7543     7.1524     6.7725
4.901      7.186      6.6101
5.1314     7.1838     6.4636
5.28       7.1879     6.3105
5.3487     7.2112     6.1557
5.3652     7.2148     5.9662
5.3561     7.2432     5.7812
5.3559     7.2949     5.6688
5.3503     7.3723     5.5444


















































































































































-1.1512    11.7449    13.576     SUPORB
-1.0006    11.7259    13.8074
-0.8726    11.6933    13.9324
-0.7297    11.5966    14.164
-0.5654    11.5288    14.3363
-0.4353    11.5253    14.4535
-0.3128    11.5276    14.5292
-0.1129    11.4486    14.644
0.0743     11.3557    14.7288
0.3109     11.2639    14.7866
0.5741     11.1499    14.8478
0.8178     11.0758    14.9178
1.1306     11.0457    15.0079
1.4655     10.99      15.1129
1.7212     10.929     15.178
2.0859     10.9036    15.173
2.3116     10.8876    15.1621
2.5883     10.8112    15.1401
2.8448     10.7453    15.1149
3.1845     10.833     15.1222
3.4448     10.8789    15.128
3.73       10.9786    15.1028
4.1284     11.0778    15.0453
4.5087     11.1068    14.887
4.7784     11.2583    14.811
4.9584     11.3385    14.7415
5.3287     11.4765    14.6145
5.5439     11.6434    14.4895
5.803      11.7564    14.366
5.98       11.8533    14.2124
6.2508     11.9671    13.8168
6.3952     12.0085    13.6102
6.4877     12.0247    13.4917
6.5313     12.0466    13.3894
6.5817     12.005     13.3347
6.6125     11.954     13.2732




































































































































































1.2334     10.1878    12.0219    RORBIT
0.821      10.267     11.9905
0.4605     10.3306    12.0484
0.1954     10.3726    12.0863
0.0119     10.4742    12.1506
-0.217     10.6547    12.3128
-0.3327    10.7718    12.4826
-0.4591    10.8907    12.643
-0.5046    11.0044    12.8484
-0.5135    11.0609    13.0022
-0.5205    11.1142    13.2333
-0.3391    11.1121    13.5669
-0.133     10.9182    13.9237
0.0914     10.834     14.0859
0.2927     10.7245    14.1933
0.6504     10.5149    14.314
0.9849     10.4102    14.3172
1.2315     10.4847    14.1979
1.5797     10.4433    14.3185
1.912      10.5295    14.3458
2.1821     10.4375    14.0517
2.2533     10.4434    13.8582
2.3392     10.4704    13.5626
2.372      10.4663    13.3617
2.3894     10.4199    13.2101
2.3708     10.4212    13.0583
2.3562     10.3178    12.921













































































































































































4.6818     10.3721    11.7559    LORBIT
4.9101     10.4518    11.7382
5.1813     10.5995    11.7813
5.3516     10.746     11.8861
5.5273     10.9133    12.0561
5.6995     11.0512    12.2389
5.8694     11.1496    12.4135
5.9271     11.247     12.6378
5.9756     11.3496    12.8898
5.9746     11.3459    13.1855
5.8461     11.2853    13.4284
5.7528     11.1584    13.719
5.6807     11.0843    13.865
5.4408     10.9739    13.9917
5.2467     10.8202    14.1391
5.0279     10.7285    14.1586
4.7728     10.6555    14.1571
4.5298     10.5893    14.1708
4.2927     10.5944    14.0952
3.9833     10.443     14.3013
3.8102     10.5183    14.3803
3.5325     10.5097    14.2768
3.3027     10.387     13.9723
3.2163     10.3603    13.7509
3.1574     10.3861    13.5426
3.1547     10.3851    13.3499
3.1783     10.4155    13.2604













































































































































































-1.1652    11.7186    13.5173    RTEMFOS
-1.2283    11.5511    13.3819
-1.2771    11.419     13.1523
-1.3226    11.3037    12.8988
-1.3543    11.1172    12.6246
-1.3911    10.9562    12.3854
-1.3935    10.7949    12.0789
-1.4167    10.6687    11.7474
-1.4303    10.5021    11.4917
-1.4375    10.4084    11.2878
-1.4451    10.3317    10.9867
-1.475     10.1747    10.8507
-1.4919    10.1135    10.6813
-1.4831    10.102     10.5057
-1.5538    10.1012    10.0682
-1.7063    10.0767    9.9067
-1.8522    10.1258    9.7395
-2.053     10.1903    9.6149
-2.3106    10.2946    9.5319
-2.4976    10.3877    9.5612
-2.638     10.5239    9.6264
-2.759     10.8174    9.6934
-2.8219    11.0795    9.7367
-2.8442    11.2452    9.7663
-2.9713    11.4679    9.791















































































































































































6.5493     11.9819    13.3854    LTEMFOS
6.6431     11.8938    13.2021
6.6693     11.8041    12.9975
6.6877     11.6857    12.7549
6.7386     11.5652    12.5624
6.7644     11.5026    12.4253
6.7824     11.4202    12.3107
6.7943     11.3358    12.1429
6.7662     11.2055    11.9167
6.7615     11.1425    11.7635
6.7578     11.1158    11.5885
6.7435     11.1017    11.4789
6.7597     10.9863    11.3298
6.761      10.879     11.148
6.7704     10.8432    10.9913
6.7514     10.7311    10.6298
6.804      10.5825    10.4286
6.8106     10.5269    10.2314
6.8351     10.5058    10.0713
7.0631     10.4814    9.6338
7.2707     10.4683    9.4494
7.4857     10.5728    9.3096
7.6071     10.8201    9.3243
7.6945     11.0492    9.368
7.7904     11.2317    9.406
7.8318     11.3353    9.4195
7.8613     11.4942    9.4765













































































































































































2.8192     6.6208     11.7146    OP
2.6431     8.9738     11.5466    BA
2.3498     14.0677    11.0406    ST
2.1472     19.7371    12.0894    IV
-1.6797    8.7357     11.3299    R_PG
-3.2353    10.9627    10.3258    R_ZTI
-0.0257    15.2876    12.8197    R_M3D
-0.3702    17.8681    13.0013    R_M12
-0.1517    20.2024    13.1488    R_MP3
0.6171     21.3208    12.8257    R_PMI
6.9433     9.4328     11.1727    L_PG
8.217      11.8359    10.3423    L_ZTI
4.5286     15.6771    12.8353    L_M3D
4.6726     18.2286    13.0233    L_M12
4.2996     20.6276    13.1726    L_MP3
3.4452     21.6871    12.9901    L_PMI
2.4138     23.266     13.1897    O1
-0.9765    11.5943    5.6992     O2
8.5322     11.3258    9.6882     O3
1.8154     3.5915     9.1144     O4




















































































































































































-1.6273    14.3553    10.6964    RZYGINF
-1.8761    14.2576    10.6033
-2.1413    14.1531    10.6052
-2.5105    13.9906    10.75
-2.6444    13.8032    10.7682
-2.8365    13.5634    10.7653
-2.9427    13.1773    10.7314
-2.99      12.8437    10.6765
-3.0223    12.5355    10.668
-3.0365    12.3811    10.6772
-3.0929    12.0984    10.6707
-3.1554    11.9037    10.6096
-3.1647    11.6633    10.5699
-3.195     11.504     10.4992
-3.2088    11.3001    10.437
-3.2126    11.178     10.4102
-3.2442    11.0327    10.3872
-3.1982    10.9085    10.3459






















































































































































































6.0942     15.0169    10.8301    LZYGINF
6.3553     14.8721    10.7278
6.5875     14.7375    10.7087
6.8722     14.6559    10.7398
7.1628     14.5208    10.816
7.4398     14.3234    10.752
7.6307     14.1112    10.6996
7.6647     13.8554    10.6807
7.7014     13.6744    10.6613
7.7711     13.4578    10.6363
7.8424     13.2564    10.6083
7.8498     13.097     10.6232
7.857      12.8836    10.6023
7.926      12.588     10.5456
7.9845     12.3582    10.467
8.0333     12.1637    10.4219
8.0998     12.0189    10.3717
8.2067     11.9213    10.339
8.2124     11.849     10.3099





















































































































































































-0.1491    15.4162    12.7981    R-ALV
-0.2063    15.7847    12.8571
-0.3149    16.1978    12.8612
-0.397     16.5832    12.7425
-0.4043    17.0279    12.8174
-0.4509    17.4027    12.7899
-0.4042    17.7875    12.9017
-0.3677    18.1761    12.9414
-0.3687    18.4219    12.9527
-0.3316    18.7222    13.0208
-0.2307    18.9276    13.0632
-0.2301    19.2096    13.0435
-0.2505    19.5861    13.0947
-0.2612    19.8979    13.0492
-0.2195    20.0665    13.0157
-0.2186    20.2718    13.009
-0.1834    20.3499    13.0784























































































































































































4.6528     15.7587    12.6937    L-ALV
4.7197     16.057     12.6488
4.8139     16.5623    12.6919
4.7774     16.7963    12.7342
4.7808     17.0616    12.827
4.7595     17.4881    12.8329
4.7464     17.8478    12.8104
4.6694     18.2133    12.8892
4.6408     18.4587    12.9031
4.5789     18.7237    12.9525
4.555      18.9527    13.0513
4.4572     19.3216    13.0807
4.4087     19.5894    13.1871
4.4204     19.9135    13.1856
4.4074     20.1932    13.2038
4.3541     20.4       13.2186
4.2686     20.7183    13.1984
