FSM        3337       Phh29stv
-0.0768    23.4858    12.6934    IN
0.2464     18.5861    15.9376    BR
0.72       12.5165    14.4377    GL
0.7335     12.5679    13.769     NA
1.0713     8.0425     9.7799     RH
1.2961     6.0224     7.61       NS
1.3163     5.5771     6.3743     PR
0.2192     5.6524     6.4318     R_PR2
0.6289     9.8034     10.3117    R_PMS
-2.7809    12.3876    8.6232     R_ZMI
-0.9697    12.6769    11.8123    R_ZMU
0.3794     12.8679    12.8259    R_DA
-1.1349    12.6419    14.1067    R_MTI
-1.0437    13.1185    14.9579    R_MTS
-2.4907    13.2454    12.8625    R_FMO
-3.1527    13.8397    13.3379    R_FMT
-3.9722    19.4594    11.1448    R_PO
-4.5006    14.1264    9.7583     R_ZTS
2.3436     5.7275     6.5932     L_PR2
1.3611     10.0673    10.4563    L_PMS
4.5197     12.9136    8.7677     L_ZMI
2.5393     12.9272    11.918     L_ZMU
1.1837     13.0179    13.0222    L_DA
2.8607     12.925     14.3254    L_MTI
2.6934     13.4665    15.0682    L_MTS
4.0865     13.7243    13.2501    L_FMO
4.7906     14.1877    13.3124    L_FMT
4.5775     19.9957    11.3731    L_PO
6.1585     14.9273    10.1424    L_ZTS
2.1524     5.1203     6.4028     O1
-2.7124    14.1723    14.2018    O2
6.3489     16.8999    10.5772    O3
-0.5618    23.0295    13.0014    O4







































































































































































0.7641     12.5259    14.3798    GLRH
0.7334     12.5442    14.2077
0.7221     12.5656    14.0301
0.7232     12.5878    13.9004
0.7263     12.5778    13.7858
0.7154     12.5799    13.6679
0.7448     12.5743    13.5323
0.7556     12.5652    13.3593
0.8063     12.5532    13.0492
0.8        12.4679    12.826
0.7909     12.3474    12.6609
0.8029     12.239     12.4937
0.8302     12.0955    12.3079
0.8436     11.9337    12.1667
0.8288     11.7819    12.0218
0.8623     11.5689    11.8659
0.8536     11.4       11.6994
0.8758     11.2069    11.5479
0.8878     11.0619    11.4203
0.9241     10.9199    11.3202
0.943      10.7488    11.2301
0.9443     10.6051    11.1306
0.9501     10.4226    10.9987
0.9452     10.2229    10.8497
0.9679     10.0278    10.7463
0.9609     9.8665     10.6118
0.9713     9.6441     10.4967
0.9617     9.4847     10.3948
0.9803     9.2888     10.2897
0.9951     9.0537     10.1978
1.012      8.8347     10.1223
1.0124     8.6578     10.0545
1.0354     8.4657     9.9844
1.0059     8.3298     9.9153
1.0219     8.2301     9.8989
1.0245     8.0825     9.7543




































































































































































1.0234     8.0822     9.8025     NOSE
0.7416     8.0874     9.785
0.4892     8.0192     9.6754
0.3574     7.8201     9.5077
0.2534     7.6833     9.3228
0.0887     7.5176     9.0945
0.0631     7.2314     8.867
0.0588     7.0369     8.6501
0.0908     6.8638     8.4834
0.1273     6.6673     8.2873
0.1571     6.4509     8.1369
0.2802     6.3044     8.0552
0.4542     6.2226     7.9949
0.6139     6.0996     7.9762
0.8251     6.0127     7.8272
1.0283     6.0176     7.7206
1.1823     6.0462     7.6675
1.3535     6.0413     7.6614
1.5709     6.0509     7.7433
1.7907     6.0137     7.8632
1.9407     6.1226     7.9482
2.1488     6.235      8.0054
2.2781     6.4228     8.0846
2.3551     6.5448     8.1854
2.3599     6.8041     8.3836
2.3789     7.0031     8.5643
2.3434     7.2115     8.8103
2.3362     7.3517     8.9406
2.3267     7.505      9.0784
2.2593     7.6933     9.178
2.2017     7.9499     9.3549
2.0309     8.1307     9.457
1.8396     8.3171     9.6102
1.4066     8.1374     9.7826
1.2037     8.1164     9.8323
1.0104     8.1003     9.8033




































































































































































1.2871     6.0007     7.5877     NASP-PR
1.2849     5.8566     7.4629
1.3228     5.7084     7.2561
1.3194     5.6221     7.0648
1.299      5.6059     6.8832
1.2893     5.554      6.6999
1.2904     5.5673     6.525
1.2921     5.5635     6.4741
































































































































































































0.6293     9.7825     10.3157    R-PM/MAX
0.5628     9.5969     10.218
0.4434     9.3909     10.1076
0.3606     9.15       10.0239
0.2721     8.9267     9.8847
0.1649     8.7335     9.7684
0.0824     8.497      9.6092
0.0398     8.4129     9.5608
-0.1375    8.1459     9.474
-0.2788    7.9689     9.2968
-0.1951    7.7595     8.9777
-0.3375    7.6071     8.6608
-0.4716    7.514      8.2637
-0.5649    7.3834     7.9654
-0.6689    7.2041     7.7603
-0.7299    7.0591     7.5601
-0.746     6.9097     7.4037
-0.7312    6.7758     7.0616
-0.6328    6.8258     6.8658
-0.5904    6.8072     6.7377
-0.5305    6.7776     6.606



















































































































































































1.3649     10.1468    10.4614    L-PM/MAX
1.4308     9.9026     10.3872
1.5549     9.6932     10.2475
1.6413     9.5807     10.1656
1.7041     9.4612     10.1187
1.8086     9.257      9.9806
1.8914     9.1527     9.8806
2.0256     8.9642     9.7664
2.1426     8.7655     9.645
2.27       8.5281     9.5103
2.3665     8.3899     9.4239
2.4885     8.2583     9.3234
2.563      8.0974     9.1504
2.6213     7.9859     8.9413
2.6979     7.8362     8.7478
2.7971     7.7099     8.466
2.9151     7.5133     8.0615
2.967      7.425      7.9074
3.0528     7.3132     7.7049
3.1376     7.1826     7.5753
3.2544     7.1072     7.468
3.259      7.0283     7.3243
3.2476     6.9046     7.1722
3.1227     6.8837     7.0464
3.0678     6.9057     6.9326















































































































































































-1.4065    10.9072    6.9088     ROSTRUM
-1.5031    10.82      7.2555
-1.5082    10.752     7.4996
-1.4733    10.7375    7.6674
-1.2715    10.7165    7.7848
-1.1071    10.7202    7.8734
-0.9325    10.7055    8.0206
-0.8611    10.6324    8.2021
-0.8208    10.5679    8.4744
-0.8053    10.5082    8.7484
-0.7646    10.4471    9.0336
-0.6963    10.3417    9.3581
-0.6546    10.3089    9.6544
-0.6873    10.3045    9.9007
-0.6905    10.2225    10.1033
-0.5395    10.181     10.2879
-0.347     10.2173    10.4279
-0.1694    10.1919    10.4421
0.0468     10.2147    10.5216
0.184      10.2189    10.5507
0.2807     10.2327    10.6025
0.4813     10.1946    10.6407
0.6146     10.2057    10.6004
0.7322     10.2192    10.7251
0.9217     10.2402    10.9317
1.1055     10.285     10.8646
1.2565     10.3887    10.7903
1.4413     10.4072    10.6892
1.6345     10.4641    10.6579
1.8201     10.5074    10.6086
1.9231     10.5081    10.5567
2.1382     10.5061    10.5048
2.3441     10.5446    10.5071
2.5117     10.6217    10.4522
2.6744     10.6889    10.3382
2.7826     10.7545    10.2245
2.8816     10.7411    10.1156
2.8441     10.7303    9.7499
2.8232     10.7373    9.4603
2.8391     10.8309    9.2654
2.8175     10.8984    8.9882
2.8512     10.9238    8.7548
2.8592     10.9904    8.407
2.8657     11.0638    8.1964
2.9375     11.1011    8.0145
3.1058     11.1369    7.8844
3.2751     11.113     7.8926
3.5631     11.1349    7.8418
3.6268     11.1779    7.6514
3.6464     11.1697    7.4728
3.6054     11.2328    7.2937
3.5707     11.2844    7.1647




















































































































































-3.1911    13.8068    13.3057    SUPORB
-3.0957    13.873     13.5975
-3.0963    13.822     13.8797
-3.0146    13.8208    14.0695
-2.903     13.8233    14.2236
-2.688     13.7649    14.401
-2.5861    13.7666    14.4525
-2.3427    13.5288    14.5694
-2.061     13.4526    14.6759
-1.876     13.3251    14.7366
-1.6159    13.2352    14.8194
-1.3572    13.1618    14.896
-1.1011    13.1752    14.9674
-0.8348    13.1227    14.9968
-0.6194    13.1745    15.0183
-0.3397    13.1393    15.0352
-0.1462    13.0583    15.0346
0.0776     13.0141    15.0158
0.2767     12.8444    14.9322
0.4429     12.7921    14.9144
0.6865     12.8152    14.8698
0.8868     12.7942    14.878
1.085      12.9002    14.94
1.2535     12.9892    15.0086
1.5154     13.1248    15.0539
1.8575     13.2474    15.0818
2.2123     13.3183    15.0936
2.5093     13.4177    15.088
2.7923     13.5532    15.049
3.0783     13.7508    14.9842
3.382      13.8475    14.9239
3.6205     14.002     14.8338
3.7503     14.141     14.7711
3.9596     14.3985    14.626
4.1424     14.4651    14.4594
4.3459     14.5053    14.1987
4.475      14.4076    13.9808
4.5659     14.4031    13.8051
4.6301     14.2955    13.5286
4.7238     14.249     13.3769
4.7513     14.1713    13.25































































































































































-0.9656    12.6522    11.8037    RORBIT
-1.2159    12.6134    11.7499
-1.5274    12.6771    11.7876
-1.8266    12.7714    11.902
-2.12      12.9175    12.089
-2.2874    13.0102    12.2656
-2.3967    13.141     12.4856
-2.5089    13.2034    12.7473
-2.5232    13.2448    12.8772
-2.4826    13.2467    13.096
-2.4041    13.1755    13.4292
-2.2343    13.077     13.6835
-2.0711    12.9716    13.8589
-1.9137    12.8904    13.9701
-1.6377    12.8079    14.0634
-1.3888    12.7217    14.09
-1.0608    12.6118    14.1279
-0.8047    12.5417    14.1091
-0.4946    12.5212    14.1462
-0.3091    12.5888    14.1479
0.12       12.6432    14.2014
0.2234     12.7449    13.9629
0.2971     12.7913    13.7557
0.3949     12.8268    13.5565
0.4437     12.9183    13.2306
0.4092     12.9242    13.0317
0.4067     12.887     12.9374
0.3745     12.8316    12.7481












































































































































































2.5605     12.9478    11.9075    LORBIT
2.785      12.9576    11.8687
3.0015     13.0757    11.9148
3.2336     13.1023    11.9674
3.4017     13.1812    12.0289
3.5849     13.2664    12.1277
3.6706     13.4037    12.2455
3.7833     13.4804    12.4095
3.9005     13.5421    12.5378
3.9607     13.691     12.7738
4.0483     13.7033    12.9497
4.0764     13.7341    13.0746
4.1102     13.7314    13.3135
4.1085     13.6629    13.5095
3.9336     13.6757    13.6466
3.799      13.5073    13.9159
3.6997     13.417     14.0447
3.602      13.3222    14.145
3.472      13.2609    14.2252
3.2546     13.1499    14.2954
3.0077     13.0734    14.2807
2.7748     12.9981    14.2539
2.5604     12.893     14.2105
2.3884     12.788     14.2078
2.0525     12.7487    14.333
1.7504     12.7361    14.3807
1.5452     12.7501    14.3226
1.342      12.7713    14.1172
1.2073     12.7216    13.8399
1.1486     12.8149    13.5525
1.1112     12.9489    13.2925
1.1172     12.99      13.1836
1.1448     12.9977    13.1191







































































































































































-3.171     13.8277    13.2357    RTEMFOS
-3.2774    13.7052    13.077
-3.3196    13.6354    12.9458
-3.3436    13.5982    12.7953
-3.3812    13.5178    12.5601
-3.3928    13.4179    12.4011
-3.4202    13.3535    12.2266
-3.4115    13.3093    12.0768
-3.414     13.2433    11.9131
-3.387     13.1759    11.6694
-3.3792    13.1036    11.4484
-3.4017    13.0551    11.2225
-3.4134    12.9886    11.0511
-3.4195    12.963     10.8231
-3.4606    12.8842    10.6312
-3.5395    12.8194    10.1904
-3.6324    12.7594    9.9835
-3.7711    12.8924    9.7849
-3.9295    13.0886    9.6563
-4.145     13.2704    9.6043
-4.3399    13.5421    9.6319
-4.4033    13.7248    9.6763
-4.5001    13.9089    9.6914
-4.5033    14.1585    9.7606
















































































































































































4.7049     14.2612    13.348     LTEMFOS
4.748      14.1686    13.1735
4.7713     14.1638    13.0571
4.8122     14.1022    12.9129
4.8319     14.046     12.7325
4.8571     14.0145    12.5108
4.8891     13.9527    12.3456
4.8983     13.9153    12.1732
4.9195     13.8159    11.9975
4.9318     13.8086    11.8343
4.9367     13.785     11.6357
4.9553     13.7313    11.4506
5.0059     13.6188    11.295
5.0303     13.5808    11.1063
5.0785     13.5311    10.8726
5.1886     13.4011    10.5554
5.2638     13.4596    10.3308
5.3879     13.5128    10.1859
5.578      13.5935    10.0811
5.7744     13.8441    10.0219
5.8821     14.1247    10.0017
5.9622     14.2786    10.0064
6.0262     14.4815    10.0524
6.0184     14.6351    10.094
6.0396     14.8084    10.1363
6.0737     14.8944    10.1535
6.0644     14.9983    10.1729













































































































































































1.3788     8.3272     12.0948    OP
1.253      10.5216    12.0136    BA
0.8526     15.5378    11.3706    ST
0.2837     21.5742    11.3475    IV
-2.8443    10.1981    11.267     R_PG
-4.4513    12.4838    10.6218    R_ZTI
-1.3708    16.0013    12.1191    R_M3D
-1.8954    18.5507    12.2922    R_M12
-1.921     21.1804    12.1637    R_MP3
-1.5149    22.6889    11.9507    R_PMI
5.2589     10.5893    11.2785    L_PG
6.473      12.9758    10.7096    L_ZTI
2.9146     16.2517    12.177     L_M3D
3.0351     18.8742    12.3771    L_M12
2.4869     21.4197    12.2507    L_MP3
1.7734     22.8719    12.0083    L_PMI
0.7567     24.7008    11.7327    O1
-2.4169    13.7578    5.8628     O2
6.7701     13.2023    10.1093    O3
0.8291     5.7129     8.8425     O4




















































































































































































-3.0618    16.3411    11.0442    RZYGINF
-3.1894    16.0794    10.9398
-3.4071    15.9162    10.8864
-3.6742    15.735     10.8913
-3.7855    15.4657    10.9466
-3.8847    15.1955    10.9828
-4.0645    14.879     11.02
-4.1393    14.6611    11.0658
-4.1571    14.5832    11.0616
-4.1911    14.382     11.0619
-4.1443    14.127     11.06
-4.1806    13.9078    11.0563
-4.2179    13.7376    11.0436
-4.3311    13.5628    10.9829
-4.3665    13.4001    10.9458
-4.299     13.21      10.9106
-4.3663    13.0002    10.8401
-4.3802    12.8085    10.7935
-4.4058    12.6917    10.7592
-4.3749    12.5874    10.7435
-4.3843    12.403     10.6688



















































































































































































4.4575     16.8947    11.1276    LZYGINF
4.5728     16.7236    11.0308
4.7877     16.6038    10.9431
5.0159     16.3971    10.9131
5.2629     16.2138    10.9418
5.4348     16.0386    10.9626
5.5816     15.8571    11.0005
5.7753     15.641     11.0429
5.9215     15.4496    11.0519
5.9702     15.2004    11.0806
6.0024     14.9598    11.0936
6.0691     14.722     11.1277
6.1641     14.3655    11.0522
6.2313     13.933     10.9608
6.2927     13.719     10.8966
6.2832     13.5262    10.8471
6.313      13.3178    10.8118
6.3397     13.1643    10.7842
6.3597     13.0977    10.7623
6.4304     12.9691    10.6706




















































































































































































-1.3374    15.9587    12.1115    R-ALV
-1.5127    16.221     12.191
-1.6017    16.4271    12.1856
-1.6935    16.6084    12.1821
-1.7645    16.8013    12.1704
-1.7994    16.9158    12.1807
-1.8368    17.1274    12.2685
-1.9       17.322     12.2699
-1.9338    17.6074    12.2881
-1.9437    17.8366    12.2825
-2.0071    18.1087    12.2892
-1.9237    18.4329    12.2689
-1.867     18.6537    12.3013
-1.8566    18.8901    12.285
-1.8643    19.0786    12.3082
-1.9178    19.337     12.2982
-1.8109    19.6577    12.2671
-1.7646    19.7751    12.2514
-1.8134    20.1244    12.3352
-1.8935    20.3871    12.3899
-1.9139    20.719     12.3417
-1.9075    20.9601    12.2695
-1.8944    21.1407    12.2109

















































































































































































2.9279     16.292     12.1315    L-ALV
3.1297     16.698     12.3097
3.2219     17.0316    12.153
3.2578     17.4335    12.2072
3.2971     17.7638    12.1586
3.2726     18.0621    12.2499
3.2117     18.2455    12.231
3.231      18.6086    12.225
3.0624     18.8627    12.2631
3.0103     19.0008    12.2727
2.9543     19.3347    12.2577
2.927      19.4956    12.2228
2.931      19.7308    12.233
2.7824     19.9932    12.1675
2.7605     20.096     12.2043
2.74       20.3023    12.2168
2.7179     20.4675    12.2954
2.6875     20.745     12.2776
2.6609     20.9216    12.2649
2.6306     21.0938    12.2526
2.6057     21.2522    12.2042
2.5806     21.3872    12.1906
2.5572     21.5717    12.1504
