PCM        Somaliland Phh32stv
9999       9999       9999       IN
0.2958     15.4846    15.454     BR
-0.1172    9.5046     14.0853    GL
-0.0816    9.5213     13.432     NA
-0.0423    5.8224     9.6118     RH
-0.118     3.6311     7.5534     NS
-0.0313    3.0342     5.9981     PR
-0.9687    3.3384     5.9774     R_PR2
-0.3284    8.0013     10.9805    R_PMS
9999       9999       9999       R_ZMI
-1.5672    9.9959     11.6364    R_ZMU
-0.2549    9.785      12.7731    R_DA
-1.8351    10.0102    13.8456    R_MTI
-1.7245    10.469     14.6347    R_MTS
-3.1094    10.7166    12.6863    R_FMO
-3.6426    11.2149    12.9592    R_FMT
-3.6025    16.7531    10.8156    R_PO
-4.93      12.1638    9.9788     R_ZTS
0.9172     3.1315     6.2144     L_PR2
0.2835     8.044      11.128     L_PMS
3.8918     9.5204     9.2885     L_ZMI
1.8663     9.8071     11.802     L_ZMU
0.3123     9.7341     12.7544    L_DA
2.1048     9.813      14.0862    L_MTI
1.8681     10.3126    14.7802    L_MTS
3.1512     10.311     13.0477    L_FMO
3.7748     10.5657    13.333     L_FMT
4.8179     16.0056    11.1692    L_PO
5.2409     10.9242    10.6046    L_ZTS
0.5807     2.6629     5.9757     O1
-2.8561    11.6442    14.093     O2
5.8914     12.6637    10.7436    O3
-1.833     19.0508    11.7552    O4







































































































































































-0.0437    9.5493     13.5831    GLRH
-0.0392    9.5162     13.3504
-0.0076    9.5028     13.0703
-0.0194    9.4648     12.8711
0.0103     9.3587     12.628
0.011      9.2478     12.4308
0.0238     9.0587     12.1865
0.0173     8.9072     11.9877
0.011      8.7794     11.8605
0.0287     8.5956     11.7027
0.024      8.3652     11.4943
-0.0049    8.1718     11.3293
-0.0359    8.0206     11.1709
-0.0288    7.8503     11.053
-0.0476    7.6885     10.9001
-0.0349    7.5148     10.77
-0.0258    7.3645     10.6708
-0.0496    7.2005     10.5116
-0.035     7.0377     10.3972
-0.0867    6.8707     10.2943
-0.0801    6.6862     10.1471
-0.0673    6.4833     10.0522
-0.061     6.2811     9.9627
-0.0367    6.098      9.8664
0.0147     5.9217     9.7487
-0.0471    5.7872     9.6124














































































































































































-0.0252    5.8304     9.5739     NOSE
-0.2156    5.8646     9.6033
-0.4309    5.9238     9.6111
-0.6292    5.8926     9.5025
-0.8253    5.6696     9.3292
-0.9638    5.4574     9.1332
-1.1336    5.1656     8.8919
-1.1956    4.9416     8.6354
-1.2025    4.7154     8.3823
-1.1813    4.5432     8.1911
-1.1273    4.3244     7.9465
-1.0228    4.1728     7.8135
-0.8745    4.0165     7.8394
-0.6841    3.8726     7.7444
-0.5274    3.7422     7.7112
-0.3568    3.7058     7.6647
-0.1113    3.7175     7.6136
0.1177     3.6503     7.616
0.3298     3.5689     7.6683
0.5911     3.5975     7.7665
0.7649     3.752      7.8131
0.9044     3.882      7.8576
1.0241     4.0248     7.9884
1.078      4.1913     8.1321
1.0949     4.3775     8.3203
1.1298     4.5316     8.4838
1.1136     4.7404     8.6683
1.0409     4.9489     8.8222
0.9408     5.1014     8.9655
0.8902     5.2608     9.1328
0.8341     5.3897     9.2724
0.8131     5.4889     9.3817
0.763      5.6024     9.4741
0.6717     5.7542     9.575
0.5572     5.8356     9.6759
0.3225     5.8626     9.6313
0.155      5.8392     9.6039
-0.047     5.828      9.6026


































































































































































-0.0295    3.5309     7.4836     NASP-PR
-0.0875    3.372      7.3025
-0.0987    3.1901     7.1113
-0.089     3.0422     6.8563
-0.0466    2.9797     6.5126
-0.0662    2.9334     6.2673
-0.0694    2.9538     6.1939
-0.0266    2.9829     6.0929
































































































































































































-0.2889    7.955      10.9738    R-PM/MAX
-0.4416    7.7678     10.754
-0.5628    7.551      10.5691
-0.709     7.241      10.2952
-0.7911    7.0866     10.1521
-0.8377    6.9366     10.0432
-0.9012    6.7396     9.8956
-1.0012    6.5341     9.7749
-1.1282    6.2589     9.6233
-1.2229    6.0156     9.4571
-1.3268    5.8339     9.2965
-1.4024    5.6626     9.1152
-1.4563    5.5378     8.9375
-1.5317    5.386      8.6462
-1.612     5.2426     8.432
-1.658     5.0957     8.2114
-1.7297    5.0165     8.0113
-1.8482    4.8446     7.7432
-1.8937    4.6712     7.4939
-1.9558    4.5516     7.311
-1.9551    4.3748     7.1113
-1.9477    4.271      6.8882
-1.8445    4.1987     6.7017
-1.7907    4.2101     6.4735
-1.7282    4.2125     6.3969















































































































































































0.2957     8.0639     11.109     L-PM/MAX
0.3883     7.8613     10.9442
0.4693     7.6467     10.765
0.5974     7.4919     10.6177
0.6767     7.2516     10.4572
0.8354     6.9921     10.2161
0.8962     6.662      10.0622
0.9836     6.4028     9.8653
1.0534     6.0733     9.6829
1.1558     5.8648     9.5475
1.2358     5.5673     9.3281
1.3528     5.3752     9.1012
1.4327     5.172      8.8413
1.5313     5.0033     8.5426
1.599      4.9245     8.3958
1.6921     4.8014     8.1538
1.7205     4.6154     7.9572
1.7446     4.435      7.768
1.8157     4.3038     7.6077
1.8862     4.0599     7.2474
1.8807     3.9847     6.9797
1.8086     3.9474     6.7496
1.6816     3.9595     6.5231

















































































































































































-2.2474    8.167      6.5896     ROSTRUM
-2.3403    8.0302     6.9601
-2.2876    7.9928     7.1802
-2.1554    7.9742     7.2934
-1.9593    7.96       7.4319
-1.7607    7.8808     7.6195
-1.697     7.7776     7.8422
-1.6999    7.6972     8.137
-1.7514    7.5887     8.4579
-1.71      7.5245     8.7244
-1.6757    7.4897     8.981
-1.7012    7.4412     9.2377
-1.7201    7.4018     9.4565
-1.6735    7.3558     9.664
-1.5886    7.3189     9.8638
-1.4872    7.314      9.9924
-1.2786    7.2849     10.0974
-1.089     7.2809     10.1386
-0.9439    7.2785     10.1658
-0.7962    7.2104     10.2241
-0.5809    7.2766     10.4591
-0.3927    7.2881     10.5036
-0.2971    7.2716     10.5118
-0.1451    7.2828     10.5561
-0.0323    7.2724     10.5668
0.1141     7.3069     10.6056
0.3059     7.2815     10.5794
0.5163     7.3198     10.5951
0.6824     7.3719     10.5041
0.8309     7.4069     10.4083
0.9704     7.4505     10.3535
1.2201     7.444      10.3307
1.393      7.4631     10.2503
1.5669     7.4394     10.1531
1.7462     7.4615     10.1359
1.8597     7.491      9.9799
1.9038     7.4617     9.7627
1.8849     7.4953     9.5444
1.8191     7.5856     9.3416
1.884      7.6245     9.1541
1.9342     7.7135     8.8582
1.9527     7.7616     8.6192
1.9833     7.7974     8.3911
2.008      7.8068     8.1456
2.0598     7.8196     7.948
2.1633     7.8536     7.7948
2.3136     7.8604     7.674
2.5236     7.8436     7.5178
2.6257     7.8175     7.3971
2.6766     7.8154     7.217
2.7034     7.8942     7.0966
2.691      7.9243     6.9038
2.6822     7.9548     6.8177
2.6124     7.902      6.656


















































































































































-3.643     11.2436    13.0232    SUPORB
-3.6535    11.285     13.2977
-3.5977    11.2803    13.4979
-3.4883    11.2985    13.711
-3.3422    11.2707    13.8892
-3.2193    11.2142    14.0082
-3.0936    11.0588    14.1076
-2.8999    10.826     14.1943
-2.7112    10.68      14.2584
-2.5001    10.5607    14.3181
-2.2483    10.5372    14.4416
-1.9715    10.5302    14.5351
-1.697     10.5621    14.6189
-1.4366    10.5383    14.6756
-1.1793    10.3977    14.6994
-0.9515    10.3121    14.6911
-0.7101    10.2358    14.7075
-0.531     10.1772    14.7134
-0.3529    10.0596    14.6832
-0.0751    9.9889     14.6661
0.1649     10.1347    14.7138
0.4184     10.2261    14.7674
0.6807     10.2651    14.7974
0.9884     10.2599    14.821
1.3176     10.1951    14.8097
1.5885     10.2222    14.791
1.9592     10.2941    14.7344
2.101      10.3719    14.7238
2.4379     10.4172    14.6432
2.5594     10.478     14.6083
2.7672     10.568     14.548
2.9348     10.6424    14.4807
3.0538     10.7415    14.4312
3.2784     10.7934    14.3481
3.4355     10.8459    14.2576
3.6458     10.871     14.0878
3.7758     10.7994    13.8556
3.8273     10.6885    13.6436
3.8476     10.6251    13.4968
3.8642     10.4582    13.1709
































































































































































-1.4817    10.0467    11.6933    RORBIT
-1.7777    10.067     11.6122
-1.9676    10.132     11.615
-2.2089    10.211     11.6524
-2.3825    10.2865    11.7264
-2.5285    10.395     11.8153
-2.9847    10.7379    12.5477
-3.0976    10.721     12.9017
-2.984     10.642     13.2904
-2.9302    10.5353    13.4992
-2.7098    10.394     13.7399
-2.476     10.2487    13.8512
-2.2447    10.1796    13.8265
-2.0478    10.0929    13.8604
-1.8162    10.0572    13.8157
-1.6466    10.0321    13.7792
-1.2627    9.9765     13.9624
-0.9008    9.99       13.9784
-0.6934    9.8961     13.8749
-0.5627    9.9514     13.5853
-0.4825    9.966      13.3245
-0.3643    9.9124     13.125
-0.3066    9.8634     12.9279
-0.3202    9.8453     12.7111
















































































































































































1.8951     9.7804     11.77      LORBIT
2.2169     9.8502     11.784
2.5205     9.912      11.9092
2.7237     10.0021    12.0634
2.8526     10.0668    12.1925
2.9306     10.1414    12.3155
3.0508     10.2371    12.5328
3.1259     10.2607    12.7071
3.1469     10.3357    12.9181
3.174      10.346     13.0667
3.1455     10.3349    13.3426
3.0676     10.2721    13.5851
2.8989     10.1734    13.8412
2.7433     10.0912    13.981
2.3813     9.9444     14.0795
2.0583     9.8907     14.062
1.8858     9.8528     14.0333
1.7042     9.6996     14.0315
1.5377     9.701      13.993
1.2585     9.7594     14.0089
0.9783     9.8472     14.0734
0.7089     9.8949     13.9463
0.563      9.9199     13.6088
0.4879     9.8932     13.3793
0.4322     9.8968     13.2211
0.402      9.8836     12.9664
0.3762     9.8455     12.7982
0.3831     9.7475     12.5883












































































































































































9999       9999       9999       RTEMFOS







































































































































































































3.7818     10.5784    13.1742    LTEMFOS
3.8551     10.4695    12.9461
3.8411     10.4304    12.7697
3.8725     10.3714    12.6382
3.8905     10.323     12.5103
3.93       10.2864    12.3408
3.9485     10.2261    12.1755
3.9483     10.2198    12.0381
3.9862     10.1753    11.8827
3.9833     10.1457    11.712
3.945      10.1013    11.5396
4.0203     10.0011    11.4176
4.0658     9.9658     11.2355
4.0994     9.9482     11.1001
4.1458     9.9052     10.9234
4.2329     9.9085     10.716
4.3504     9.8175     10.5508
4.6513     9.9013     10.3385
4.8646     9.9772     10.2565
5.0738     10.1637    10.2497
5.1422     10.4444    10.3089
5.167      10.6613    10.3616
5.2293     10.8015    10.4488
5.2973     10.9751    10.5133
















































































































































































9999       9999       9999       OP
9999       9999       9999       BA
0.1479     12.5089    11.4268    ST
0.1181     17.8043    11.7247    IV
-3.5346    6.9344     11.8431    R_PG
-5.2722    9.2613     11.1249    R_ZTI
9999       9999       9999       R_M3D
-2.271     15.3062    12.833     R_M12
-2.1471    17.855     12.6086    R_MP3
-1.4971    19.0903    12.426     R_PMI
4.045      7.2218     11.6119    L_PG
5.6506     9.4855     10.6884    L_ZTI
2.4126     12.9816    12.6818    L_M3D
2.564      15.4845    12.8131    L_M12
2.3717     17.9239    12.5076    L_MP3
1.6306     19.2118    12.2357    L_PMI
0.7642     20.7491    12.2136    O1
-2.951     10.3607    6.2066     O2
5.6965     9.9401     9.8888     O3
-2.2346    3.6102     10.1303    O4




















































































































































































9999       9999       9999       RZYGINF







































































































































































































3.685      13.1655    10.9525    LZYGINF
3.8051     13.0383    10.8277
3.9823     12.9553    10.702
4.1579     12.8557    10.6149
4.3774     12.7538    10.5796
4.5897     12.6212    10.5597
4.7769     12.5198    10.5622
4.9109     12.3506    10.579
4.9885     12.0838    10.5829
4.9656     11.7714    10.6154
4.9747     11.4874    10.6025
5.0583     11.1869    10.5886
5.1738     10.852     10.6219
5.2657     10.5238    10.6318
5.3373     10.2584    10.6509
5.4621     9.9935     10.6995
5.5316     9.8022     10.7043
5.6145     9.7063     10.7143
5.6262     9.4823     10.7077





















































































































































































9999       9999       9999       R-ALV







































































































































































































2.3189     12.9495    12.6592    L-ALV
2.4619     13.139     12.6754
2.5978     13.3901    12.6582
2.6669     13.6014    12.6614
2.7103     13.9172    12.6193
2.6706     14.1969    12.7
2.667      14.3643    12.7091
2.6781     14.5739    12.7384
2.6979     14.823     12.6786
2.6891     15.0895    12.6482
2.6302     15.3552    12.6465
2.5542     15.552     12.711
2.5199     15.8274    12.6762
2.5064     16.0059    12.6769
2.5381     16.2199    12.6387
2.4548     16.4917    12.704
2.449      16.6824    12.6922
2.4709     17.0114    12.676
2.4675     17.2845    12.6504
2.4752     17.5395    12.5883
2.4298     17.7182    12.5678
2.3869     17.9359    12.4963
