BM(NH)     ZD.1961.772Phk20stv
0.2741     14.5944    10.6053    IN
-0.0191    9.9904     13.6409    BR
0.0584     5.2027     10.7653    GL
0.1026     5.2578     10.5009    NA
-0.0841    4.1868     7.882      RH
0.0284     3.432      6.0203     NS
0.0136     3.084      5.441      PR
-0.8179    3.2985     5.5061     R_PR2
-0.4273    4.8046     8.3667     R_PMS
-2.8717    6.748      7.3162     R_ZMI
-1.5845    6.177      8.9184     R_ZMU
-0.222     5.8906     9.9635     R_DA
-1.531     5.6823     11.0783    R_MTI
-1.6396    5.8773     11.4879    R_MTS
-2.8311    6.4746     10.0902    R_FMO
-3.1753    6.8984     10.343     R_FMT
-3.1903    11.186     9.2761     R_PO
-3.558     7.7226     8.2197     R_ZTS
0.8016     3.3424     5.4372     L_PR2
0.4214     5.0582     8.6557     L_PMS
2.9734     6.6801     7.1914     L_ZMI
1.8008     6.19       8.8366     L_ZMU
0.4548     5.9        9.9359     L_DA
1.9249     5.7133     11.0423    L_MTI
1.8766     5.8409     11.4079    L_MTS
3.1088     6.4398     9.9356     L_FMO
3.4866     6.9349     10.0066    L_FMT
3.2253     11.0391    9.1348     L_PO
3.7526     7.7343     8.107      L_ZTS
0.4593     2.9419     5.5603     O1
-2.9695    6.9473     11.1492    O2
4.0864     9.6554     8.5175     O3
-1.2356    14.1972    11.4628    O4







































































































































































0.1515     5.1732     10.9152    GLRH
0.1217     5.2148     10.6917
0.0886     5.2764     10.4678
0.0657     5.3735     10.1971
0.0821     5.4121     9.9508
0.0885     5.3973     9.704
0.08       5.3273     9.4782
0.0753     5.2461     9.2633
0.0709     5.1562     9.1043
0.0773     5.0325     8.9416
0.0903     4.8798     8.7842
0.091      4.7494     8.6284
0.1046     4.6956     8.5433
0.116      4.6011     8.4465
0.094      4.4963     8.3133
0.0985     4.3904     8.1972
0.0871     4.2859     8.0475
0.0817     4.2221     7.9784
0.0976     4.1928     7.9179
0.0432     4.1628     7.8514




















































































































































































0.0231     4.1707     7.8448     NOSE
-0.1278    4.2019     7.8152
-0.3343    4.2258     7.8142
-0.4518    4.2383     7.6933
-0.6309    4.2215     7.5433
-0.7085    4.1528     7.3161
-0.719     4.0423     6.9875
-0.6591    3.9326     6.808
-0.5754    3.7808     6.6149
-0.4119    3.5862     6.4073
-0.2935    3.4382     6.2562
-0.0639    3.4182     6.0498
0.0041     3.4306     5.9768
0.1491     3.4062     6.1048
0.2954     3.4218     6.2366
0.4548     3.5304     6.3917
0.5947     3.6875     6.5259
0.6456     3.7721     6.6374
0.6796     3.9418     6.8129
0.6469     4.0648     7.0064
0.6716     4.1202     7.1425
0.723      4.1727     7.2704
0.6841     4.1993     7.3711
0.6603     4.2109     7.5146
0.5183     4.2752     7.6212
0.4441     4.2331     7.698
0.3392     4.2273     7.7592
0.2389     4.2238     7.7828
0.1683     4.1981     7.829
0.0339     4.1892     7.8369










































































































































































0.0165     3.3817     5.9876     NASP-PR
-0.0019    3.2522     5.9
-0.014     3.1408     5.8274
-0.0095    3.0752     5.674
-0.0124    3.0792     5.5037
0.0143     3.109      5.4077


































































































































































































-0.3596    4.88       8.4815     R-PM/MAX
-0.5054    4.6988     8.1982
-0.6339    4.5921     7.9438
-0.7184    4.4999     7.7996
-0.8012    4.4343     7.5876
-0.8636    4.3955     7.3806
-0.9033    4.3223     7.1313
-1.0047    4.1891     6.7871
-1.1015    4.1106     6.5814
-1.1399    4.0095     6.3776
-1.1776    3.9105     6.1886
-1.2411    3.8348     6.0596
-1.3278    3.8776     5.8903
-1.3221    3.892      5.6928
-1.2403    3.9112     5.5444
-1.143     3.954      5.4271
























































































































































































0.4428     5.062      8.6427     L-PM/MAX
0.4907     4.9485     8.4805
0.5615     4.8045     8.2478
0.6532     4.6943     8.0544
0.7482     4.6577     7.8866
0.7794     4.5601     7.714
0.863      4.4995     7.5561
0.9081     4.4275     7.359
0.9427     4.3639     7.1403
0.9909     4.2775     6.9294
1.0616     4.1793     6.6522
1.1299     4.0486     6.3429
1.2141     3.9696     6.1386
1.2639     3.87       5.9594
1.3262     3.883      5.8446
1.3656     3.9006     5.6542
1.2345     3.911      5.5208























































































































































































-1.9144    6.3048     6.3197     ROSTRUM
-1.9378    6.188      6.6006
-1.9097    6.1236     6.7231
-1.7399    6.0589     6.8265
-1.5643    6.0101     6.9146
-1.4496    5.9367     7.0014
-1.3668    5.8191     7.1747
-1.3738    5.7119     7.4199
-1.3819    5.6405     7.5458
-1.3527    5.5856     7.6703
-1.2607    5.516      7.7894
-1.1088    5.4254     7.9818
-1.0035    5.3986     8.1071
-0.8542    5.2984     8.2679
-0.7398    5.2617     8.3352
-0.599     5.2647     8.4547
-0.4907    5.2445     8.5891
-0.355     5.1722     8.7374
-0.2094    5.1509     8.8441
-0.1342    5.1452     8.962
0.009      5.1006     9.0192
0.211      5.0977     8.9068
0.4279     5.1658     8.7416
0.5938     5.2356     8.5618
0.7695     5.2792     8.376
0.9844     5.3305     8.1757
1.193      5.4315     7.9569
1.3247     5.5189     7.7246
1.4065     5.6012     7.3968
1.451      5.707      7.1441
1.5223     5.8118     7.0073
1.6046     5.87       6.8178
1.7706     5.982      6.7186
1.9302     6.0267     6.6247
2.014      6.0922     6.4431
2.0136     6.1238     6.3484
2.0128     6.1826     6.2358
2.0045     6.2311     6.1393
2.0164     6.2688     6.0394

































































































































































-3.158     6.8911     10.3699    SUPORB
-3.1501    6.8575     10.5942
-3.1167    6.7758     10.82
-3.0232    6.7001     10.9898
-2.8627    6.6373     11.1983
-2.6245    6.5305     11.3422
-2.4567    6.3653     11.3735
-2.3093    6.2211     11.4081
-1.9329    6.0794     11.5011
-1.6492    6.0187     11.5753
-1.4315    5.9299     11.592
-1.2504    5.8786     11.6301
-1.025     5.898      11.7386
-0.7814    5.9057     11.838
-0.5318    5.8876     11.8927
-0.3268    5.7963     11.8262
-0.126     5.6806     11.6943
0.0588     5.5969     11.5852
0.3739     5.6848     11.6766
0.6346     5.803      11.7945
1.0077     5.8891     11.8341
1.2382     5.8822     11.7306
1.4495     5.857      11.6023
1.6704     5.8992     11.5287
2.119      6.0452     11.4505
2.4073     6.1541     11.3886
2.6008     6.2739     11.3106
2.7811     6.3578     11.2458
3          6.5199     11.1126
3.1791     6.6275     10.994
3.3571     6.7457     10.7534
3.4311     6.8664     10.5639
3.4546     6.8842     10.3844
3.4776     6.9136     10.2329
3.4687     6.9005     10.157
3.4687     6.9508     10.0666




































































































































































-1.5787    6.1426     8.9004     RORBIT
-1.8557    6.1777     8.8751
-2.1114    6.2513     8.9254
-2.3103    6.2946     9.0135
-2.5908    6.3977     9.2697
-2.7293    6.4247     9.4836
-2.8048    6.4584     9.757
-2.8246    6.4951     9.986
-2.8414    6.469      10.3153
-2.7323    6.3506     10.5842
-2.6003    6.1936     10.7931
-2.4473    6.0316     10.9443
-2.2302    5.8736     11.0736
-1.9361    5.78       11.1041
-1.5572    5.6554     11.0794
-1.3062    5.5822     11.0495
-1.0688    5.5734     11.042
-0.8272    5.6092     10.9961
-0.6184    5.6177     10.9287
-0.3567    5.6213     10.6284
-0.2904    5.718      10.5095
-0.2193    5.8611     10.1632
-0.2514    5.8884     9.9188

















































































































































































1.8046     6.1706     8.8391     LORBIT
2.0248     6.238      8.8346
2.3217     6.2634     8.9035
2.4996     6.3011     8.9744
2.6637     6.3442     9.0731
2.84       6.3947     9.2749
2.9671     6.4145     9.4418
3.032      6.4496     9.6656
3.0707     6.452      9.8199
3.1111     6.4354     9.9783
3.1588     6.3698     10.2875
3.1297     6.2758     10.5143
2.9822     6.197      10.6205
2.7648     6.1285     10.772
2.6886     5.9789     10.9184
2.4727     5.9048     10.9615
2.2977     5.7576     11.0787
2.0889     5.6908     11.0688
1.7917     5.6579     11.0146
1.3716     5.5937     10.988
1.0521     5.6165     10.9981
0.7031     5.6687     10.7137
0.5526     5.7849     10.4795
0.4614     5.825      10.2589
0.4606     5.8745     10.1121
0.4489     5.9063     10.0081
0.4775     5.9214     9.9198













































































































































































-3.2005    6.8448     10.303     RTEMFOS
-3.2189    6.8757     10.1101
-3.2544    6.8838     9.8863
-3.2371    6.8023     9.5794
-3.218     6.7778     9.3933
-3.1756    6.7179     9.178
-3.1625    6.7087     9.038
-3.1351    6.6972     8.9202
-3.0997    6.6814     8.7591
-3.0697    6.6228     8.6376
-3.0827    6.6446     8.5005
-3.0601    6.6942     8.3973
-3.072     6.7044     8.3341
-3.1378    6.7919     8.1694
-3.2078    6.932      8.077
-3.2863    7.0344     8.0408
-3.3913    7.1624     8.0524
-3.5024    7.3909     8.0817
-3.571     7.586      8.131
-3.5549    7.6608     8.17
-3.5689    7.7752     8.2296



















































































































































































3.4482     6.9112     10.161     LTEMFOS
3.474      6.8735     9.8858
3.4778     6.8318     9.6448
3.4598     6.8121     9.3712
3.4341     6.7649     9.1815
3.3785     6.7114     8.9887
3.3177     6.6361     8.7612
3.267      6.5914     8.4516
3.2777     6.6324     8.2676
3.318      6.6109     8.0976
3.4692     6.7946     7.924
3.5533     6.9377     7.8938
3.6409     7.0235     7.8932
3.734      7.2189     7.9058
3.754      7.3846     7.9758
3.8071     7.5188     7.9896
3.8122     7.6082     8.0599
3.8015     7.6905     8.0891
3.8582     7.7503     8.1011





















































































































































































9999       9999       9999       OP
0.3358     4.74       10.6934    BA
0.2331     8.2892     10.0679    ST
0.055      11.5692    10.0007    IV
-2.9079    5.0843     10.1355    R_PG
-3.6468    6.8069     9.9543     R_ZTI
-1.4465    8.0627     10.6532    R_M3D
-1.763     9.8267     10.7189    R_M12
-1.4008    11.7811    10.6143    R_MP3
-1.0914    12.3198    10.4518    R_PMI
3.3538     5.2301     9.7575     L_PG
4.1305     6.8731     9.6768     L_ZTI
1.7875     8.1338     10.4404    L_M3D
2.1227     9.9735     10.6296    L_M12
1.5633     11.9463    10.4427    L_MP3
1.1856     12.3122    10.4258    L_PMI
0.5873     13.2793    9.8776     O1
-3.0531    7.5538     6.1959     O2
4.1984     6.1078     9.2648     O3
-1.142     0.6528     8.3597     O4




















































































































































































-2.7272    8.7994     9.9518     RZYGINF
-2.9158    8.7751     9.9473
-3.2089    8.59       10.0589
-3.3006    8.3304     10.1191
-3.385     8.1022     10.1032
-3.3814    7.9303     10.12
-3.3648    7.7115     10.1127
-3.3801    7.5034     10.0845
-3.4362    7.36       10.0297
-3.4985    7.2513     9.9913
-3.4912    7.1146     9.9819
-3.5672    6.9406     9.9842
-3.6164    6.8799     9.9838
-3.6529    6.7841     9.9596


























































































































































































3.102      8.9456     9.7899     LZYGINF
3.293      8.888      9.7859
3.4673     8.8516     9.8387
3.7107     8.5015     9.9163
3.7924     8.2822     9.9154
3.841      8.092      9.8864
3.8523     7.8974     9.8429
3.8863     7.7081     9.81
3.9542     7.5175     9.7767
4.1048     7.2533     9.7176
4.2301     7.1631     9.7293
4.1922     7.0036     9.695
4.1901     6.9041     9.6831



























































































































































































-1.4318    8.0381     10.6192    R-ALV
-1.5765    8.226      10.5977
-1.6243    8.4377     10.5758
-1.6816    8.7215     10.613
-1.7146    8.808      10.6181
-1.757     9.0174     10.6702
-1.7779    9.2132     10.7042
-1.8229    9.423      10.684
-1.8201    9.6673     10.6308
-1.8       9.8597     10.6136
-1.7912    9.9727     10.639
-1.8049    10.151     10.6049
-1.8019    10.3001    10.5894
-1.7755    10.5124    10.5606
-1.641     10.8017    10.4754
-1.6223    10.9952    10.4955
-1.6248    11.182     10.572
-1.6039    11.3661    10.5423
-1.5659    11.5318    10.5423
-1.4805    11.6952    10.5171




















































































































































































1.7405     8.1836     10.498     L-ALV
1.9        8.3802     10.4491
1.9133     8.4937     10.5608
2.033      8.7993     10.5027
2.0822     9.0379     10.5763
2.1153     9.2276     10.5959
2.0846     9.5069     10.6598
2.171      9.7182     10.536
2.0744     9.9587     10.6566
2.0723     10.1519    10.5
2.0834     10.3792    10.5878
2.0782     10.652     10.5424
1.918      10.919     10.5062
1.7937     11.1071    10.5201
1.7455     11.365     10.32
1.702      11.6312    10.3429
1.6101     11.9529    10.3296
