BM(NH)     ZD.1961.776Phk2stv2
0.0267     14.6219    11.4954    IN
-0.604     10.0931    14.2772    BR
-0.249     5.241      11.1628    GL
-0.1966    5.441      10.7382    NA
-0.0346    4.1032     8.0403     RH
0.2331     3.0612     5.8813     NS
0.2714     2.8812     5.1628     PR
-0.482     3.1015     5.0153     R_PR2
-0.4236    4.7924     8.4507     R_PMS
-3.1106    6.6356     7.1298     R_ZMI
-1.8294    6.0708     9.059      R_ZMU
-0.4868    5.9327     10.2085    R_DA
-1.5763    5.6017     11.1148    R_MTI
-1.6967    5.6663     11.7089    R_MTS
9999       9999       9999       R_FMO
9999       9999       9999       R_FMT
-3.5924    11.3461    9.7505     R_PO
-3.9054    7.6511     8.1368     R_ZTS
0.9956     3.1385     5.0391     L_PR2
0.5871     4.631      8.3307     L_PMS
2.9057     7.0404     7.351      L_ZMI
1.6421     6.3275     9.2924     L_ZMU
0.231      5.9331     10.1449    L_DA
1.6123     5.7458     11.5573    L_MTI
1.4954     6.0239     12.0019    L_MTS
2.7032     6.5192     10.8077    L_FMO
3.133      6.9718     10.7896    L_FMT
3.0209     11.4524    10.1869    L_PO
3.7591     7.9931     8.7074     L_ZTS
1.0221     3.0307     5.7438     O1
-2.9755    6.88       11.5984    O2
3.9357     9.0244     9.1526     O3
-1.4729    14.2569    12.0132    O4







































































































































































-0.2269    5.2443     11.1653    GLRH
-0.1959    5.3864     10.8179
-0.1627    5.5089     10.5575
-0.1574    5.5887     10.2245
-0.1728    5.5905     10.0016
-0.122     5.5242     9.7419
-0.0823    5.4363     9.4723
-0.03      5.3045     9.3247
-0.0258    5.1351     9.1177
0.0053     4.9817     8.9269
0.0104     4.8494     8.7919
0.0295     4.6726     8.612
0.0508     4.5267     8.4648
0.0957     4.441      8.3754
0.1122     4.3431     8.2707
0.1236     4.28       8.208
0.1329     4.1972     8.1412
0.1286     4.1684     8.1439
0.0897     4.1127     8.0416





















































































































































































0.072      4.1107     8.0518     NOSE
-0.1835    4.0894     7.9542
-0.4059    4.0955     7.8343
-0.5572    4.1187     7.6896
-0.6461    4.0029     7.4747
-0.7218    3.8913     7.1773
-0.7473    3.8013     6.9584
-0.7024    3.6979     6.7968
-0.6474    3.5933     6.6494
-0.5823    3.4849     6.4959
-0.5146    3.3874     6.3992
-0.35      3.2551     6.3212
-0.1866    3.1647     6.2067
0.0327     3.0441     5.981
0.2226     3.0892     5.8906
0.4132     3.0793     5.9909
0.5677     3.1529     6.1711
0.6608     3.2833     6.3132
0.8169     3.5118     6.4764
0.8783     3.679      6.6509
0.9901     3.7895     6.8166
1.0367     3.8762     7.0097
1.063      3.9201     7.1441
1.0412     3.9737     7.3057
0.8905     4.0859     7.6284
0.8024     4.1267     7.7479
0.7052     4.1497     7.8647
0.58       4.1425     7.9489
0.1058     4.1405     8.0651











































































































































































0.225      3.0403     5.8373     NASP-PR
0.2613     2.9123     5.6396
0.2955     2.8653     5.4349
0.2773     2.8754     5.3108
0.2735     2.883      5.1808
0.2946     2.9478     5.0371


































































































































































































-0.4308    4.811      8.4565     R-PM/MAX
-0.5038    4.6378     8.2828
-0.5674    4.4524     8.0618
-0.6459    4.3069     7.8384
-0.7655    4.282      7.6872
-0.85      4.198      7.4864
-0.9129    4.1223     7.2887
-0.9862    4.0426     7.0764
-1.0108    3.9255     6.8
-1.0357    3.83       6.5822
-1.0856    3.7448     6.3719
-1.0728    3.6327     6.1452
-1.1055    3.5782     6.0162
-1.104     3.5515     5.833
-1.1483    3.5481     5.596
-1.11      3.563      5.3871
-1.011     3.7292     5.2186























































































































































































0.6581     4.579      8.26       L-PM/MAX
0.794      4.4374     8.0576
0.9012     4.3499     7.8659
1.046      4.2454     7.6665
1.1365     4.1217     7.4219
1.2531     4.0771     7.2052
1.3174     3.9605     6.9648
1.3795     3.8996     6.6811
1.4105     3.7857     6.4332
1.4115     3.6397     6.2419
1.4223     3.5158     6.0889
1.497      3.6668     5.9836
1.5392     3.6784     5.8144
1.5597     3.6825     5.6195
1.5658     3.8087     5.4516
1.5016     3.9258     5.3176
























































































































































































-1.926     5.8741     5.807      ROSTRUM
-1.9338    5.8138     6.0416
-1.9203    5.7919     6.2295
-1.7739    5.7514     6.3736
-1.5912    5.6936     6.5421
-1.46      5.637      6.7236
-1.4249    5.6313     6.9399
-1.3869    5.566      7.1793
-1.3865    5.4593     7.4398
-1.3905    5.3867     7.6602
-1.2839    5.2816     7.9262
-1.1365    5.2393     8.0921
-1.0221    5.2105     8.207
-0.9091    5.2221     8.3095
-0.734     5.191      8.4416
-0.625     5.142      8.511
-0.4897    5.1266     8.6475
-0.3678    5.0965     8.7772
-0.2584    5.0416     8.8536
-0.1033    5.0651     8.9658
0.037      5.0767     9.0236
0.215      5.1641     9.0259
0.3564     5.1854     8.9421
0.6948     5.2034     8.6173
0.9179     5.271      8.4873
1.0918     5.3002     8.3855
1.2984     5.3456     8.197
1.4742     5.4203     7.9121
1.4676     5.4644     7.5896
1.4959     5.6356     7.4189
1.4741     5.8012     7.2478
1.4736     5.8784     7.0818
1.5196     5.9624     6.8741
1.6381     6.0304     6.74
1.8177     6.053      6.5953
1.9811     6.0198     6.557
2.0728     6.0307     6.4064
2.1184     6.0862     6.2299
2.156      6.1904     6.0305
2.1918     6.1929     5.9482
































































































































































9999       9999       9999       SUPORB
-0.3589    5.6166     12.0009
-0.0192    5.7449     12.0923
0.214      5.9443     12.2682
0.4112     6.0904     12.3442
0.6294     6.0814     12.2718
0.8974     6.0485     12.1696
1.2447     6.05       12.0913
1.4824     6.1346     12.0828
1.6857     6.2594     12.0766
1.8973     6.3795     12.0698
2.1377     6.4754     11.99
2.3331     6.5574     11.912
2.536      6.6408     11.8145
2.739      6.7376     11.6746
2.8768     6.8364     11.5522
2.9532     6.9294     11.4419
3.0247     6.9896     11.2871
3.0522     7.019      11.1808
3.1179     6.9755     10.9475
3.1551     6.9593     10.6916



















































































































































































9999       9999       9999       RORBIT







































































































































































































1.7806     6.2934     9.2654     LORBIT
1.9835     6.3262     9.331
2.1135     6.3782     9.4221
2.2364     6.4135     9.5195
2.3727     6.4393     9.6049
2.48       6.4922     9.7452
2.5557     6.5269     9.9236
2.6326     6.5291     10.1203
2.6846     6.5492     10.2592
2.6953     6.545      10.3661
2.7698     6.5001     10.5851
2.7189     6.506      10.7781
2.7251     6.4788     10.8805
2.6908     6.3557     11.1177
2.5766     6.2645     11.2544
2.4793     6.1671     11.3698
2.2891     6.0535     11.4773
2.1152     5.9525     11.5487
1.9201     5.9301     11.5175
1.6804     5.8865     11.5042
1.6225     5.8077     11.5045
1.3327     5.7354     11.411
1.1006     5.6609     11.367
0.8256     5.631      11.361
0.6168     5.6056     11.3421
0.3725     5.5659     11.2177
0.2075     5.6652     10.97
0.1344     5.712      10.7808
0.1563     5.8463     10.5277
0.1823     5.9127     10.3856
0.2269     5.9523     10.273
0.2245     5.9455     10.2205
0.2534     5.9511     10.1836







































































































































































9999       9999       9999       RTEMFOS







































































































































































































3.1272     6.9591     10.8005    LTEMFOS
3.1977     6.9468     10.536
3.2335     6.8822     10.2807
3.2641     6.894      9.997
3.2513     6.8807     9.6488
3.2223     6.7764     9.4504
3.2448     6.818      9.2572
3.239      6.7866     9.1035
3.2482     6.8089     8.9613
3.2997     6.8663     8.8203
3.3533     6.897      8.6443
3.4474     6.9932     8.4958
3.5834     7.1223     8.3376
3.6087     7.3442     8.3575
3.6754     7.4688     8.3766
3.6876     7.5507     8.3973
3.7806     7.6534     8.4387
3.7655     7.7765     8.5237






















































































































































































0.1077     2.986      10.9929    OP
0.1675     4.9266     10.9192    BA
0.1451     8.4889     10.4908    ST
0.1939     12.0035    10.2271    IV
-3.1085    4.9923     10.2476    R_PG
-3.9599    6.8606     9.7622     R_ZTI
-1.7285    8.7499     11.1632    R_M3D
-1.8831    10.7303    10.9421    R_M12
-1.396     12.4513    10.7511    R_MP3
-1.0979    12.8971    10.7055    R_PMI
3.2893     4.9208     10.1162    L_PG
4.2193     6.7988     9.6133     L_ZTI
1.8335     8.6223     11.2014    L_M3D
2.1414     10.5944    11.1495    L_M12
1.6935     12.3367    10.8576    L_MP3
1.2991     12.8032    10.8213    L_PMI
0.8435     13.4545    9.8294     O1
-2.6284    7.5723     5.8998     O2
4.2        6.9477     9.2181     O3
-0.9091    0.629      8.383      O4




















































































































































































-3.0032    9.2007     10.2119    RZYGINF
-3.1801    9.1879     10.1253
-3.4412    9.1682     10.0924
-3.5699    9.0762     10.109
-3.7009    8.8373     10.1554
-3.7163    8.6458     10.1927
-3.7881    8.4132     10.1872
-3.8379    8.2535     10.1798
-3.8109    8.0919     10.1839
-3.7966    7.8767     10.184
-3.8396    7.68       10.1203
-3.8796    7.5047     10.0608
-3.8735    7.353      10.0189
-3.9083    7.2167     9.9402
-3.9019    7.0762     9.8728
-3.9735    6.949      9.8177
-3.97      6.8545     9.7654























































































































































































3.3145     9.143      10.1031    LZYGINF
3.544      9.098      10.0562
3.7018     8.956      10.0711
3.8673     8.7868     10.084
3.9736     8.469      10.0767
4.0313     8.2164     10.0968
3.9773     7.885      10.0825
4.0306     7.5901     9.9728
4.0977     7.3747     9.9021
4.1045     7.2606     9.8346
4.1094     7.1436     9.7682
4.1647     7.0061     9.7083
4.1394     6.905      9.6583
4.1794     6.7982     9.6176


























































































































































































-1.7164    8.7499     11.1749    R-ALV
-1.8289    8.9689     11.149
-1.9562    9.2066     11.0837
-1.9411    9.4243     11.1032
-1.9877    9.6639     11.0262
-1.9889    9.8773     11.0287
-2.0054    10.2102    11.0244
-2.0004    10.3527    11.0247
-1.9546    10.6445    11.0647
-1.8494    10.8382    11.0577
-1.8155    11.0409    11.0358
-1.6477    11.3881    10.9451
-1.6287    11.6313    10.8434
-1.5916    11.8741    10.8036
-1.5528    12.0922    10.7639
-1.5476    12.2288    10.7574
-1.4575    12.4694    10.6996























































































































































































1.8608     8.7562     11.0916    L-ALV
1.9596     8.9139     11.0795
2.0464     9.0273     11.0488
2.131      9.3148     11.044
2.1737     9.5293     11.0023
2.1525     9.7002     11.0094
2.1817     9.9466     10.9986
2.1861     10.1856    11.0406
2.2025     10.3413    11.0105
2.1008     10.7032    10.8939
2.0156     10.9503    10.8102
1.8956     11.1391    10.8896
1.8599     11.4261    10.8328
1.8006     11.6808    10.8759
1.836      11.8386    10.7936
1.8121     12.0176    10.7436
1.8061     12.1782    10.7591
1.7599     12.4005    10.6926
