BMNH       69.556     Phk3stv
12.3569    12.7455    10.1064    IN
10.2991    8.8146     13.5987    BR
7.3126     4.3241     11.1606    GL
7.3045     4.3538     10.4669    NA
5.8796     2.181      7.3381     RH
4.8931     0.6373     4.663      NS
4.8436     0.3373     3.4376     PR
4.1717     0.9463     3.9223     R_PR2
6.0485     3.2479     8.0245     R_PMS
5.0097     6.9435     6.1773     R_ZMI
6.5952     5.3332     8.7772     R_ZMU
7.0921     4.9329     9.4469     R_DA
6.1196     5.4409     10.8659    R_MTI
6.2941     5.6915     11.8381    R_MTS
4.9597     6.9364     9.9382     R_FMO
4.9435     7.7783     10.2618    R_FMT
7.2267     11.6264    8.2415     R_PO
4.6284     8.505      7.4672     R_ZTS
5.7697     0.106      3.8125     L_PR2
6.9125     2.9235     8.0819     L_PMS
10.6737    3.6264     6.1507     L_ZMI
8.9461     4.104      8.6759     L_ZMU
7.884      4.3853     9.3159     L_DA
8.884      3.9166     10.8991    L_MTI
9.0812     4.1842     11.8784    L_MTS
10.6942    3.7588     9.8885     L_FMO
11.4727    3.8881     9.9846     L_FMT
13.7819    7.9249     8.1458     L_PO
12.2601    4.0847     7.4171     L_ZTS
3.8314     1.2331     3.5606     O1
11.0161    4.169      10.9752    O2
5.0278     9.8863     7.5447     O3
14.1308    10.0829    8.7953     O4







































































































































































7.2879     4.348      10.9952    GLRH
7.2941     4.356      10.8537
7.2873     4.3504     10.7165
7.3114     4.3603     10.4853
7.3507     4.3757     10.2604
7.3472     4.3774     10.1157
7.3401     4.3554     9.9808
7.3342     4.3303     9.8064
7.3285     4.2675     9.6619
7.3121     4.1962     9.5391
7.2455     4.1422     9.3735
7.1652     4.0705     9.2205
7.111      3.9171     9.0622
7.0153     3.8132     8.9481
6.8704     3.6437     8.7695
6.7917     3.5623     8.6886
6.7202     3.4865     8.6066
6.6215     3.338      8.4752
6.5257     3.1512     8.3398
6.4101     3.039      8.2438
6.3678     2.9716     8.1807
6.3008     2.8233     8.0511
6.2175     2.7258     7.906
6.1595     2.6159     7.8073
6.0566     2.4783     7.6824
5.986      2.3996     7.5786
5.9216     2.3257     7.5094
5.8707     2.1752     7.3219












































































































































































5.8645     2.2226     7.4073     NOSE
5.686      2.2562     7.3117
5.5341     2.286      7.214
5.429      2.3353     7.0822
5.3128     2.2992     6.9681
5.1799     2.2932     6.8408
5.068      2.2265     6.6734
4.9693     2.1611     6.5345
4.8594     2.1094     6.3656
4.7399     2.0779     6.2792
4.6334     1.9474     6.1373
4.5882     1.8429     6.0091
4.4997     1.7455     5.848
4.493      1.6072     5.6761
4.4611     1.4893     5.539
4.4897     1.2805     5.393
4.4637     1.1486     5.2951
4.4967     1.0185     5.1547
4.5123     0.8397     4.969
4.6266     0.7473     4.794
4.7552     0.6759     4.7123
4.9645     0.6167     4.6928
5.1642     0.4899     4.7492
5.2784     0.358      4.8558
5.3945     0.3422     4.9998
5.4879     0.3664     5.1245
5.6575     0.4311     5.287
5.7893     0.5196     5.3983
5.9343     0.5834     5.5141
6.0394     0.6481     5.6671
6.1491     0.6982     5.7696
6.223      0.8143     5.9496
6.2812     0.9424     6.0841
6.387      1.0574     6.2418
6.4175     1.2002     6.4176
6.4271     1.362      6.5635
6.4251     1.4654     6.7283
6.3759     1.5855     6.8598
6.3525     1.7465     7.0136
6.303      1.8277     7.0959
6.1952     1.9351     7.2568
6.0545     2.0345     7.3353
5.8698     2.1923     7.3616





























































































































































4.9603     0.6187     4.6823     NASP-PR
4.9358     0.5191     4.5832
4.9013     0.3877     4.4333
4.8054     0.4085     3.9932
4.8165     0.3766     3.8362
4.8044     0.3368     3.5102


































































































































































































6.06       3.2644     8.0224     R-PM/MAX
5.9426     3.1385     7.9167
5.8236     3.0535     7.7992
5.697      2.9484     7.6559
5.5776     2.8577     7.5167
5.4482     2.7816     7.344
5.3244     2.7256     7.1593
5.1915     2.6455     7.0102
5.0588     2.5702     6.8379
4.9194     2.5125     6.6778
4.8084     2.4149     6.4657
4.6524     2.3432     6.2719
4.5436     2.3099     6.0358
4.4232     2.2766     5.8121
4.3012     2.2463     5.6256
4.2195     2.3176     5.4082
4.1024     2.3382     5.0894
4.0258     2.2899     4.8797
3.9205     2.0965     4.5698
3.9309     2.1563     4.3035
4.0395     2.2279     4.1136
4.0962     2.1925     4.018


















































































































































































6.9215     2.8926     8.0666     L-PM/MAX
6.8661     2.7369     7.9596
6.8017     2.5428     7.7944
6.7283     2.3793     7.6315
6.7336     2.241      7.4998
6.7237     2.1004     7.3489
6.707      1.9863     7.2195
6.7229     1.8541     7.1181
6.7365     1.7089     6.9825
6.7109     1.5152     6.7475
6.7104     1.3888     6.6234
6.6698     1.2504     6.4355
6.6203     1.0394     6.0749
6.5902     0.8961     5.8216
6.4977     0.7479     5.5757
6.6571     0.6792     5.105
6.6934     0.5607     4.9217
6.8509     0.5441     4.5266
6.8455     0.4924     4.3307
6.8601     0.5571     4.1572
6.7967     0.6527     4.0069



















































































































































































5.0937     5.3347     4.4713     ROSTRUM
5.0793     5.3147     4.6295
5.049      5.2813     4.8119
5.0201     5.2766     5.0107
5.0594     5.2247     5.2194
5.2686     5.1555     5.3323
5.4245     5.0198     5.3486
5.5409     4.944      5.4641
5.6443     4.8339     5.6183
5.7122     4.7633     5.8368
5.6938     4.7469     6.0059
5.6081     4.6328     6.2449
5.6058     4.5619     6.5957
5.5575     4.5308     6.7391
5.5063     4.4958     7.0257
5.4021     4.44       7.2408
5.4694     4.4411     7.4306
5.6421     4.3473     7.5327
5.8099     4.2169     7.7078
5.9577     4.0836     7.7741
6.0644     3.9721     7.8988
6.1489     3.8361     8.1164
6.233      3.7501     8.2305
6.3399     3.6321     8.313
6.4015     3.6101     8.3867
6.482      3.4869     8.4634
6.6436     3.3498     8.5314
6.9452     3.3038     8.5297
7.1047     3.2948     8.4401
7.27       3.2183     8.275
7.401      3.2126     8.1194
7.5413     3.2373     8.0046
7.6813     3.2054     7.8751
7.7981     3.19       7.7819
7.9197     3.1459     7.7429
8.0795     3.0904     7.7051
8.2293     3.0558     7.5798
8.4094     3.0302     7.5307
8.4623     3.0666     7.4191
8.3043     3.0928     7.1286
8.3186     3.1332     6.9844
8.3616     3.1589     6.7778
8.3456     3.1634     6.6787
8.3772     3.2257     6.5783
8.3743     3.2568     6.3832
8.4366     3.3675     5.9642
8.4267     3.3239     5.6997
8.4923     3.2718     5.5261
8.597      3.1876     5.3857
8.7381     3.0836     5.3408
8.8683     2.9947     5.2816
9.0044     2.9571     5.2448
9.0881     2.9567     5.0985
9.1147     2.9675     4.927
9.1028     2.9893     4.7383
9.1076     3.0279     4.6154
9.1055     3.0528     4.5061















































































































































4.8656     7.7124     10.1939    SUPORB
4.8581     7.6006     10.3881
4.8599     7.475      10.5943
4.8879     7.3815     10.7325
4.9552     7.2496     10.886
4.959      7.0887     10.9777
5.046      6.9661     11.0912
5.1431     6.8456     11.2008
5.3303     6.7022     11.3216
5.3892     6.5408     11.3938
5.5475     6.3816     11.502
5.6723     6.1885     11.583
5.8496     6.0338     11.6471
5.9942     5.9023     11.7084
6.1859     5.7846     11.7824
6.3833     5.6868     11.8675
6.5986     5.5641     11.9368
6.7487     5.4516     11.9459
6.8992     5.1995     11.8989
6.992      5.0574     11.8159
7.119      4.8574     11.7438
7.248      4.678      11.6269
7.3817     4.5802     11.5638
7.4781     4.4879     11.534
7.6081     4.4597     11.5356
7.7852     4.3752     11.6117
7.9421     4.3628     11.6708
8.1099     4.3428     11.7243
8.2937     4.3424     11.8085
8.484      4.3118     11.848
8.6504     4.3238     11.8873
8.866      4.2586     11.8825
9.0646     4.1209     11.8485
9.2544     3.9559     11.7343
9.4078     3.893      11.6655
9.5929     3.8161     11.5907
9.7118     3.7254     11.5276
9.8541     3.6691     11.4656
10.0867    3.7303     11.4202
10.3224    3.7793     11.3341
10.4904    3.7915     11.2591
10.6531    3.7438     11.1552
10.8616    3.725      10.9635
11.1191    3.7636     10.7896
11.3411    3.7964     10.5387
11.3763    3.8434     10.4044
11.5001    3.8689     10.1075
11.5274    3.8711     9.9275
























































































































































6.4006     5.5212     8.7424     RORBIT
6.2452     5.5766     8.733
6.098      5.6997     8.7223
5.8936     5.8939     8.7316
5.8467     5.9681     8.7722
5.7058     6.0816     8.7862
5.5518     6.2483     8.854
5.4762     6.3231     8.8885
5.3699     6.4736     8.9908
5.3246     6.567      9.0882
5.2349     6.6476     9.1728
5.1332     6.7809     9.3292
5.1555     6.8274     9.4531
5.1019     6.8868     9.5729
5.087      6.9551     9.8552
5.0286     6.9378     10.0891
5.0519     6.8467     10.2604
5.1333     6.7111     10.4314
5.2054     6.6005     10.5892
5.4023     6.3328     10.7837
5.4746     6.1194     10.8937
5.706      5.8744     10.967
5.8159     5.6887     10.9824
5.9422     5.5164     10.9983
6.1066     5.4553     10.9334
6.2566     5.4268     10.8698
6.408      5.388      10.7991
6.605      5.2743     10.7693
6.6505     5.1441     10.9286
6.8121     4.9585     10.9427
6.9642     4.8859     10.7024
7.0329     4.8013     10.4984
7.1169     4.8193     10.3245
7.2355     4.8758     9.9596
7.242      4.9275     9.772
7.1907     4.9366     9.6324
7.1609     4.8977     9.4835



































































































































































8.9713     4.1201     8.6822     LORBIT
9.1413     4.0696     8.6715
9.3897     3.9884     8.667
9.6123     3.9372     8.7005
9.797      3.9387     8.7513
9.9224     3.896      8.7767
10.1068    3.8497     8.8395
10.2314    3.8574     8.9397
10.3967    3.7992     9.0492
10.4931    3.8124     9.1458
10.5646    3.7882     9.2617
10.6565    3.7457     9.3768
10.72      3.7668     9.5535
10.7321    3.7444     9.6991
10.7378    3.7415     9.8745
10.6879    3.6906     10.0509
10.594     3.6764     10.1891
10.5053    3.6483     10.3226
10.4018    3.6208     10.4547
10.336     3.6138     10.5447
10.2003    3.6418     10.6503
10.0919    3.572      10.7499
9.9178     3.5732     10.8368
9.7748     3.6092     10.8957
9.6343     3.6555     10.9609
9.504      3.5725     11.0226
9.3564     3.6348     10.9921
9.1652     3.682      10.9874
9.0163     3.7766     10.9575
8.8687     3.9089     10.92
8.7097     4.032      10.8572
8.5365     4.1155     10.9203
8.3526     4.1648     10.9165
8.1225     4.1777     10.9689
8.0068     4.3013     10.8198
7.8738     4.3375     10.5695
7.8202     4.3537     10.3782
7.7687     4.4066     10.1973
7.7465     4.4479     10.0576
7.7548     4.4566     9.8931
7.7955     4.467      9.6505
7.8334     4.436      9.5179
7.8172     4.3798     9.3904





























































































































































4.8681     7.7397     10.0617    RTEMFOS
4.8386     7.7464     9.8616
4.8631     7.6464     9.5908
4.8159     7.5953     9.4782
4.7977     7.5241     9.3303
4.802      7.42       9.1484
4.8073     7.3646     9.0274
4.8099     7.2972     8.8636
4.807      7.2087     8.626
4.7849     7.1063     8.4008
4.7817     7.1187     8.2022
4.734      7.0708     7.9168
4.6619     7.098      7.7261
4.5489     7.0597     7.5201
4.529      7.2738     7.4679
4.5346     7.5737     7.3583
4.5348     7.7536     7.3552
4.5496     8.0024     7.3745
4.6054     8.2441     7.3935
4.659      8.3534     7.4485
4.7338     8.5073     7.5185



















































































































































































11.5523    3.8809     9.9176     LTEMFOS
11.5606    3.8546     9.7278
11.5236    3.7991     9.6224
11.4515    3.7269     9.4223
11.3896    3.7014     9.2212
11.3184    3.6665     9.0732
11.2491    3.6664     8.9034
11.2075    3.6862     8.6955
11.1524    3.6352     8.5605
11.0984    3.6188     8.4116
11.0632    3.6181     8.1807
11.0427    3.5968     7.9384
11.0599    3.5552     7.7284
11.1172    3.5409     7.5782
11.2456    3.4983     7.4203
11.3991    3.4881     7.3119
11.5453    3.5272     7.2565
11.7548    3.6035     7.2399
11.945     3.6863     7.2333
12.0954    3.8175     7.2616
12.2479    3.9261     7.2721
12.3456    4.0154     7.3009
12.4551    4.1049     7.3499

















































































































































































6.0661     3.0717     11.7447    OP
7.445      4.6014     11.6207    BA
10.0991    8.0575     9.9866     ST
13.1083    11.695     9.0726     IV
4.7556     7.1308     10.6644    R_PG
5.0571     9.178      9.6945     R_ZTI
8.7974     9.2415     10.7537    R_M3D
9.7152     11.3515    10.2999    R_M12
11.1977    12.7654    9.6071     R_MP3
12.2842    13.1214    9.3211     R_PMI
10.3205    2.5516     10.8732    L_PG
12.5232    3.3252     10.0873    L_ZTI
11.6833    7.1326     10.8695    L_M3D
13.3943    8.6237     10.4149    L_M12
14.6236    10.4103    9.7799     L_MP3
14.6503    11.5005    9.4105     L_PMI
13.1851    13.9661    9.248      O1
11.3605    4.1412     5.5579     O2
4.8324     9.0859     9.2255     O3
7.9568     0.6008     10.4278    O4




















































































































































































7.9047     10.2557    9.3875     RZYGINF
7.7062     10.2401    9.3107
7.4453     10.2235    9.2311
7.2518     10.194     9.2394
7.0124     10.1549    9.3037
6.8833     10.0907    9.3676
6.6632     10.02      9.4431
6.5169     9.9479     9.5046
6.3874     9.8397     9.5688
6.2109     9.7969     9.6311
6.0441     9.7484     9.6641
5.89       9.6848     9.7094
5.7664     9.5875     9.7249
5.659      9.4845     9.7183
5.5669     9.3962     9.7399
5.443      9.347      9.7307
5.3327     9.252      9.7362
5.2595     9.2142     9.7288
5.0643     9.0644     9.703





















































































































































































12.9377    6.1961     9.5115     LZYGINF
12.951     5.9191     9.482
12.9286    5.6924     9.5143
12.9272    5.538      9.584
12.9497    5.3903     9.6671
12.9584    5.2103     9.7388
12.8999    5.0878     9.7955
12.878     4.9099     9.8709
12.8089    4.748      9.9415
12.7659    4.6254     9.9751
12.7741    4.4899     10.0489
12.7612    4.3845     10.072
12.8792    4.2868     10.0738
12.8511    4.1385     10.0756
12.8689    4.0125     10.0877
12.7932    3.883      10.1394
12.7397    3.7139     10.1131
12.693     3.5999     10.1238
12.6694    3.4636     10.1084
12.5568    3.2973     10.1238




















































































































































































8.7512     9.3673     10.7503    R-ALV
8.763      9.592      10.7585
8.7933     9.8076     10.6827
8.8093     9.9989     10.6377
8.8537     10.2333    10.6332
8.9488     10.387     10.5809
9.0445     10.5358    10.5415
9.1411     10.6913    10.468
9.2603     10.8713    10.4027
9.3122     10.9607    10.3626
9.3818     11.0942    10.3296
9.5316     11.2585    10.2867
9.7074     11.363     10.2218
9.795      11.4698    10.2017
9.8704     11.5635    10.1838
9.9369     11.6536    10.1547
9.9952     11.7473    10.119
10.1191    11.908     10.0662
10.3441    11.9824    9.947
10.5545    12.1687    9.9164
10.7289    12.3296    9.8848
10.8562    12.4323    9.8528
10.9416    12.5244    9.8164
11.0254    12.6443    9.7942
11.1662    12.737     9.6945















































































































































































11.7185    7.1181     10.8395    L-ALV
11.9461    7.125      10.8147
12.1257    7.1998     10.7779
12.2411    7.2476     10.6941
12.3688    7.3087     10.6751
12.478     7.3811     10.6948
12.6082    7.5077     10.6426
12.69      7.608      10.5914
12.7419    7.7105     10.5822
12.8288    7.8145     10.5364
12.9544    7.9159     10.4878
13.0476    8.0292     10.4499
13.1615    8.1372     10.4249
13.2813    8.2778     10.4274
13.3385    8.3563     10.3726
13.3866    8.5496     10.3153
13.4827    8.705      10.3136
13.5823    8.835      10.2583
13.6777    8.9491     10.2606
13.8001    9.0572     10.232
13.8579    9.1641     10.1933
13.9334    9.3973     10.1403
13.9926    9.5432     10.1425
14.0853    9.6818     10.0985
14.1544    9.8305     10.0629
14.2256    9.9379     10.0246
14.3614    10.077     9.9557
14.4422    10.158     9.8932
14.5204    10.2697    9.8607
14.6002    10.3698    9.7904
