BM(NH)     ZD.1961.778Phk39stv
-0.3837    14.1615    10.7902    IN
-0.2174    9.6544     13.5686    BR
-0.2131    4.7679     10.9141    GL
-0.2358    4.8571     10.5788    NA
-0.2856    3.4346     7.7513     RH
-0.1731    2.6231     5.7607     NS
-0.1588    2.5031     5.0021     PR
-0.834     2.5607     5.0255     R_PR2
-0.6008    4.5838     8.7199     R_PMS
-3.2279    6.3497     7.2886     R_ZMI
-1.8665    5.4058     8.9452     R_ZMU
-0.6414    5.302      9.779      R_DA
-1.8036    5.1818     11.1188    R_MTI
-1.5509    5.3858     11.6748    R_MTS
-3.1779    5.8259     9.9778     R_FMO
-3.5608    6.3551     10.3816    R_FMT
-3.9931    10.5982    9.396      R_PO
-3.9308    7.1822     8.2146     R_ZTS
0.5556     2.6318     5.1127     L_PR2
0.0354     4.5417     8.637      L_PMS
2.5479     6.539      7.0019     L_ZMI
1.3331     5.6613     8.8674     L_ZMU
0.0853     5.3183     9.8351     L_DA
1.2648     5.3009     10.9491    L_MTI
1.2895     5.452      11.4663    L_MTS
2.6772     6.1164     10.0567    L_FMO
2.9507     6.646      10.2202    L_FMT
2.8504     10.9184    9.0491     L_PO
3.1659     7.4358     8.0372     L_ZTS
-1.2985    2.6005     5.2417     O1
2.5714     6.7224     10.9104    O2
-4.3357    9.1255     8.6298     O3
0.0205     13.9407    11.384     O4







































































































































































-0.1861    4.7611     10.9376    GLRH
-0.186     4.8233     10.6866
-0.1874    4.8814     10.5291
-0.2264    4.925      10.3219
-0.2143    4.958      10.1308
-0.2241    4.9537     9.9199
-0.2373    4.9296     9.6936
-0.2189    4.9026     9.4839
-0.2922    4.8447     9.3362
-0.3053    4.7379     9.1463
-0.3067    4.6512     9.0028
-0.2751    4.531      8.8586
-0.2723    4.4594     8.7693
-0.2775    4.3151     8.623
-0.2645    4.1696     8.4768
-0.3123    4.0769     8.3959
-0.2799    3.9622     8.2646
-0.2662    3.8439     8.1627
-0.2833    3.6889     8.0284
-0.2698    3.5932     7.9301
-0.2736    3.5274     7.8672
-0.2783    3.4507     7.7805
-0.2746    3.3877     7.7168

















































































































































































-0.3264    3.4154     7.7155     NOSE
-0.3958    3.4133     7.7226
-0.591     3.451      7.7105
-0.6858    3.4103     7.512
-0.8031    3.3576     7.2553
-0.8704    3.3206     7.1219
-0.9207    3.2635     6.912
-0.9057    3.162      6.7393
-0.8719    3.0536     6.5835
-0.8043    2.9364     6.461
-0.7763    2.8605     6.398
-0.678     2.6943     6.2798
-0.6146    2.6263     6.1647
-0.4717    2.5428     5.9633
-0.3407    2.5439     5.7995
-0.1974    2.5688     5.7597
-0.0663    2.5703     5.7955
0.0216     2.5971     5.8797
0.1348     2.5979     6.0236
0.2546     2.6632     6.1962
0.3664     2.8424     6.345
0.4145     2.9225     6.4233
0.4279     3.058      6.5388
0.4151     3.2326     6.6816
0.4721     3.259      6.7755
0.4157     3.361      6.9095
0.4022     3.4248     7.0095
0.3723     3.4156     7.177
0.3478     3.4482     7.305
0.2302     3.5141     7.3874
0.2335     3.4972     7.4925
0.1896     3.5254     7.6162
0.0392     3.4785     7.6564
-0.0859    3.5248     7.6995
-0.1616    3.445      7.7019
-0.272     3.3972     7.684




































































































































































-0.2008    2.6273     5.7461     NASP-PR
-0.1847    2.4707     5.6262
-0.1729    2.4143     5.4426
-0.16      2.4014     5.2542
-0.1463    2.4089     5.1757
-0.1518    2.4405     5.0525


































































































































































































-0.6166    4.4995     8.642      R-PM/MAX
-0.6994    4.4003     8.493
-0.7106    4.2852     8.4011
-0.7449    4.208      8.2849
-0.8335    4.0845     8.0924
-0.8425    3.9375     7.9325
-0.9047    3.8643     7.8277
-0.9595    3.8158     7.7179
-0.9913    3.7145     7.5905
-1.0459    3.6092     7.4104
-1.115     3.568      7.2926
-1.1649    3.5213     7.1573
-1.1817    3.4348     6.9936
-1.2219    3.3947     6.8256
-1.2572    3.3115     6.6312
-1.3179    3.2756     6.4692
-1.3395    3.1921     6.2664
-1.3501    3.1379     6.1183
-1.3692    3.0737     5.9147
-1.3766    3.0353     5.7492
-1.4195    3.0055     5.5966
-1.4674    3.0238     5.5234
-1.4533    3.1272     5.3392

















































































































































































0.0306     4.5774     8.6761     L-PM/MAX
0.0954     4.4728     8.5082
0.1382     4.3896     8.3919
0.1651     4.2824     8.2735
0.1761     4.2154     8.2145
0.2672     4.0982     8.0198
0.3127     3.9913     7.8968
0.3603     3.8839     7.7196
0.4511     3.8401     7.5841
0.4933     3.775      7.4711
0.5839     3.7113     7.3396
0.6695     3.6641     7.1762
0.7231     3.5999     6.9785
0.7291     3.5349     6.8546
0.8076     3.4678     6.6189
0.8074     3.3805     6.4957
0.8304     3.3105     6.2878
0.8679     3.2009     6.0087
0.9233     3.1538     5.7835
0.9672     3.1453     5.6167
0.9946     3.1888     5.379
0.9927     3.3042     5.2813
0.9472     3.4383     5.2023

















































































































































































-2.3894    5.4484     5.8815     ROSTRUM
-2.3684    5.4133     6.0622
-2.362     5.3342     6.2421
-2.2968    5.2893     6.3783
-2.1001    5.2302     6.4932
-1.9288    5.1823     6.6477
-1.7862    5.0957     6.8949
-1.731     4.9828     7.0708
-1.7198    4.9321     7.2778
-1.7048    4.8713     7.4724
-1.6711    4.7713     7.6396
-1.5989    4.6935     7.7762
-1.5207    4.6844     7.8677
-1.3915    4.6336     7.9659
-1.2404    4.6107     8.0443
-1.1461    4.5758     8.0914
-1.0106    4.5532     8.2104
-0.8956    4.5496     8.2907
-0.7957    4.4886     8.4332
-0.7128    4.4839     8.5303
-0.603     4.4405     8.583
-0.4612    4.4175     8.6737
-0.2995    4.4013     8.7072
-0.1392    4.3986     8.6554
-0.0064    4.4339     8.5994
0.0603     4.4384     8.5512
0.1945     4.545      8.4556
0.3267     4.6204     8.3591
0.456      4.681      8.206
0.5925     4.7387     8.1101
0.7474     4.751      7.9711
0.874      4.7773     7.8634
0.9582     4.8255     7.7943
1.0168     5.012      7.624
1.0472     5.1346     7.4147
1.0403     5.2335     7.2147
1.0384     5.3326     7.0142
1.0872     5.387      6.838
1.1645     5.448      6.6899
1.287      5.4917     6.5737
1.4168     5.5092     6.5019
1.5787     5.5232     6.3822
1.6846     5.5593     6.2096
1.6971     5.6163     6.0071
1.6947     5.647      5.88
1.7209     5.6767     5.7734


























































































































































-3.5911    6.2871     10.3426    SUPORB
-3.5581    6.2694     10.5135
-3.5338    6.2509     10.6909
-3.464     6.2067     10.919
-3.3456    6.113      11.0454
-3.2081    6.0223     11.1494
-3.0601    5.9815     11.2599
-2.874     5.8877     11.351
-2.6704    5.784      11.4247
-2.3421    5.6599     11.537
-2.1051    5.6194     11.6038
-1.9285    5.5408     11.6541
-1.7367    5.5312     11.7101
-1.4816    5.4902     11.7504
-1.1948    5.5099     11.8211
-0.8675    5.4817     11.8869
-0.6102    5.3591     11.7991
-0.4367    5.1996     11.6707
-0.2004    5.1128     11.56
-0.012     5.138      11.5443
0.3248     5.3206     11.6354
0.6172     5.3472     11.6098
0.8865     5.4135     11.5627
0.9496     5.4213     11.5632
1.2529     5.4875     11.5197
1.447      5.6198     11.5217
1.6584     5.7327     11.4916
1.8881     5.8022     11.4184
2.1028     5.929      11.3222
2.2277     6.0281     11.2927
2.3652     6.1338     11.2285
2.5239     6.2084     11.1241
2.6807     6.2656     11.0062
2.8412     6.3214     10.8578
2.93       6.6751     10.6359
2.9753     6.6196     10.5165
2.9663     6.6764     10.3582
3.0025     6.6343     10.1767


































































































































































-1.8465    5.3995     8.9549     RORBIT
-2.2257    5.4312     8.9449
-2.4577    5.4901     9.0202
-2.6463    5.6151     9.144
-2.8697    5.6918     9.2974
-3.0999    5.7739     9.5735
-3.1654    5.8151     9.7903
-3.2656    5.8295     9.9862
-3.1866    5.8398     10.2977
-3.18      5.8067     10.5255
-3.0948    5.7046     10.7408
-2.9429    5.5971     10.8959
-2.7227    5.5263     11.0334
-2.5544    5.3716     11.1439
-2.2474    5.2425     11.2417
-1.9938    5.2527     11.156
-1.7471    5.111      11.1623
-1.5716    5.1312     11.0695
-1.3279    5.1232     11.0344
-0.9557    5.071      10.9899
-0.6665    5.1739     10.7757
-0.5902    5.2757     10.4917
-0.5776    5.3863     10.168
-0.589     5.4012     9.9609
-0.6052    5.3847     9.8978
-0.6283    5.3155     9.7712














































































































































































1.4265     5.5846     8.7964     LORBIT
1.5849     5.7546     8.855
1.8248     5.7798     8.8802
1.9967     5.8571     8.9432
2.2164     5.9637     9.076
2.3541     6.0208     9.2123
2.5158     6.0518     9.3583
2.609      6.0831     9.5258
2.7015     6.0509     9.636
2.7164     6.0938     9.8698
2.7472     6.0937     10.0639
2.7909     6.0757     10.2315
2.6792     6.0561     10.4144
2.5907     5.979      10.594
2.5381     5.8715     10.7418
2.4045     5.7455     10.9156
2.2976     5.6795     10.955
2.0833     5.6747     10.9732
1.967      5.5618     11.0193
1.8754     5.4778     11.0464
1.6216     5.4083     11.0121
1.3877     5.3833     10.9785
1.1679     5.3273     10.9312
0.9543     5.2065     10.9389
0.7481     5.2359     10.8863
0.4562     5.2608     10.8428
0.2137     5.2678     10.5958
0.1395     5.2998     10.388
0.0501     5.3074     10.0752
0.0846     5.3523     9.9055
0.144      5.4017     9.8005









































































































































































-3.5321    6.3604     10.2908    RTEMFOS
-3.5857    6.3246     10.1006
-3.6468    6.2398     9.9521
-3.625     6.1955     9.8366
-3.6012    6.1657     9.6512
-3.5727    6.1201     9.4482
-3.5431    6.0859     9.1758
-3.4929    6.0492     8.9672
-3.5058    6.0741     8.8279
-3.5029    6.073      8.6392
-3.4981    6.1945     8.4411
-3.5269    6.2234     8.3416
-3.6566    6.3001     8.1191
-3.7499    6.5317     8.0393
-3.8052    6.6945     8.0503
-3.9338    6.8323     8.0648
-3.9908    7.0271     8.1414
-3.9715    7.1234     8.2094
-4.0206    7.2287     8.2831





















































































































































































2.9896     6.6378     10.1473    LTEMFOS
3.0169     6.6027     9.9364
3.0108     6.6076     9.6595
2.9805     6.5605     9.4586
2.9391     6.5298     9.2443
2.9188     6.4206     9.1175
2.8938     6.468      8.9801
2.8803     6.4518     8.863
2.8468     6.4179     8.6882
2.8148     6.4044     8.5601
2.8042     6.3959     8.3609
2.8014     6.467      8.2339
2.8493     6.5341     8.0272
2.9448     6.6709     7.8955
3.0438     6.7266     7.8216
3.0987     6.8257     7.8018
3.1675     7.053      7.8597
3.2264     7.22       7.907
3.2499     7.3019     7.9463
3.2501     7.3795     7.9916
3.288      7.5149     8.07



















































































































































































0.0001     2.1834     10.6977    OP
9999       9999       9999       BA
-0.4563    8.2837     9.9672     ST
-0.6671    11.7517    9.8343     IV
-3.3809    4.5925     10.378     R_PG
-4.307     6.1749     9.6958     R_ZTI
-2.1438    8.2965     10.7406    R_M3D
-2.5732    10.0538    10.6376    R_M12
-2.1062    11.8305    10.4641    R_MP3
-1.811     12.3388    10.2471    R_PMI
2.9463     4.9657     10.2738    L_PG
3.6465     6.672      9.5167     L_ZTI
1.2115     8.447      10.6253    L_M3D
1.388      10.3452    10.5617    L_M12
0.8459     12.0382    10.173     L_MP3
0.4616     12.3909    10.2409    L_PMI
-1.7467    13.0268    10.0005    O1
2.3474     7.3493     6.0919     O2
-4.2089    5.4076     9.6148     O3
0.5587     0.3064     8.6684     O4




















































































































































































-3.4411    8.4195     9.7278     RZYGINF
-3.5998    8.2652     9.71
-3.736     8.2332     9.7564
-3.9306    7.9037     9.8343
-3.8799    7.6356     9.931
-3.9673    7.4415     9.9702
-3.9448    7.1869     9.9722
-4.0322    6.962      9.9696
-4.0766    6.8385     9.9088
-4.1011    6.6869     9.8639
-4.1816    6.4655     9.8175
-4.2185    6.3483     9.7723
-4.2648    6.1994     9.7236
-4.2505    6.18       9.7213
-4.2735    6.1018     9.6544

























































































































































































2.3189     8.9048     9.6685     LZYGINF
2.6857     8.696      9.715
2.9187     8.5205     9.7173
3.0539     8.3397     9.687
3.1319     7.9601     9.7997
3.2437     7.6885     9.8136
3.2703     7.5297     9.8059
3.2918     7.3408     9.7541
3.3304     7.1665     9.6925
3.383      7.015      9.6646
3.4251     6.8861     9.6351
3.5035     6.7912     9.6019
3.5254     6.6937     9.5714
3.5712     6.6062     9.5115


























































































































































































-2.215     8.3008     10.6521    R-ALV
-2.3431    8.5186     10.6669
-2.4218    8.6753     10.6558
-2.451     8.8179     10.6709
-2.5017    9.0401     10.6706
-2.5102    9.1839     10.6809
-2.543     9.3306     10.6615
-2.5656    9.5609     10.6678
-2.6021    9.7226     10.6797
-2.622     9.8411     10.6784
-2.5904    10.0291    10.5883
-2.5706    10.2868    10.5531
-2.575     10.4482    10.5498
-2.5419    10.6137    10.5003
-2.5121    10.7415    10.4887
-2.453     10.9485    10.4381
-2.4308    11.0514    10.4178
-2.3454    11.1794    10.3299
-2.3238    11.3262    10.346
-2.3019    11.471     10.2562
-2.2858    11.6244    10.2372
-2.2539    11.6994    10.2674
-2.231     11.8207    10.2447

















































































































































































1.1833     8.5257     10.6507    L-ALV
1.2834     8.646      10.6247
1.3502     8.8767     10.6124
1.449      9.1593     10.5882
1.466      9.3641     10.5833
1.4902     9.5585     10.5039
1.4919     9.7887     10.5366
1.4815     10.0241    10.4292
1.458      10.2268    10.4434
1.3742     10.4275    10.3396
1.3177     10.6449    10.322
1.2841     10.7484    10.4323
1.1089     10.9971    10.3789
1.0941     11.1749    10.3174
1.0803     11.4159    10.1665
0.9739     11.6366    10.1319
0.9397     11.75      10.1413
0.8961     11.8568    10.1745
0.8733     12.0036    10.1
