BM(NH)     ZD.1916.2.2Phk33stv
-0.3668    15.7924    11.2885    IN
-0.2598    11.2638    13.7611    BR
-0.0162    5.8692     12.08      GL
0.0516     5.9981     11.8257    NA
-0.0425    3.5229     8.2699     RH
0.0558     2.0971     5.6668     NS
0.0387     1.7889     4.6428     PR
-0.799     1.9389     4.7428     R_PR2
-0.4212    4.8553     9.1505     R_PMS
-3.5118    6.7975     7.3965     R_ZMI
-1.655     6.316      9.7516     R_ZMU
-0.3864    6.3371     10.8999    R_DA
-1.8059    6.017      12.0829    R_MTI
-1.6192    6.4258     12.6898    R_MTS
-3.2721    6.8377     11.011     R_FMO
-3.6018    7.5253     11.4643    R_FMT
-4.1775    12.0728    9.7668     R_PO
-4.2756    7.9732     8.4488     R_ZTS
0.8103     2.0149     4.7455     L_PR2
0.4006     4.9449     9.1602     L_PMS
3.098      7.1903     7.2248     L_ZMI
1.5558     6.5456     9.6742     L_ZMU
0.4293     6.3916     10.8798    L_DA
1.9192     6.3781     11.9284    L_MTI
1.7454     6.691      12.5597    L_MTS
3.2293     7.2841     10.8081    L_FMO
3.4326     7.9795     11.2682    L_FMT
3.0411     12.6727    9.5098     L_PO
3.7158     8.5566     8.1621     L_ZTS
-0.9918    2.0313     5.4923     O1
3.0854     8.0099     11.7956    O2
-4.8337    9.3622     8.9803     O3
0.0511     15.5261    11.7236    O4







































































































































































0.0542     5.8662     12.117     GLRH
0.0631     5.9898     11.8229
0.0634     5.9905     11.6047
0.0478     6.0257     11.3817
0.0621     6.0341     11.232
0.0261     6.0411     11.0405
0.0201     5.996      10.8622
0.0338     5.9395     10.6312
0.0491     5.8166     10.3997
0.0522     5.6821     10.2166
0.0226     5.5205     10.045
0.0129     5.3363     9.8799
0.0004     5.2033     9.7672
-0.0165    5.039      9.6309
-0.0091    4.8842     9.4753
-0.011     4.697      9.3552
-0.0264    4.5001     9.2094
-0.0291    4.333      9.0802
-0.0151    4.1869     8.9308
0.0058     4.0253     8.7765
-0.0079    3.8985     8.6394
-0.0032    3.7805     8.5462
0.0324     3.6711     8.4665
0.0119     3.5813     8.3634
-0.002     3.5553     8.3185
0.0131     3.5015     8.2531














































































































































































-0.0044    3.5221     8.2365     NOSE
-0.2107    3.5152     8.2377
-0.3457    3.4948     8.1761
-0.5205    3.5023     8.0475
-0.6298    3.535      7.9484
-0.7542    3.4663     7.7987
-0.9095    3.4312     7.633
-0.9615    3.2891     7.3768
-0.9677    3.1791     7.2212
-0.9848    3.0099     7.0476
-0.9998    2.7944     6.7818
-0.9444    2.6911     6.6188
-0.8489    2.5794     6.4703
-0.7553    2.4494     6.3576
-0.7167    2.3017     6.2104
-0.6455    2.1729     6.1198
-0.4843    2.0061     5.9523
-0.3544    1.9959     5.8461
-0.246     1.9393     5.6881
-0.1316    1.9919     5.6424
0.0797     1.9982     5.5962
0.3096     2.0027     5.6999
0.4012     2.0591     5.8227
0.488      2.1621     5.9876
0.5869     2.2735     6.094
0.6802     2.4284     6.2029
0.7273     2.588      6.325
0.7787     2.7043     6.4525
0.8078     2.8139     6.5748
0.8206     2.9822     6.713
0.8557     3.1625     6.904
0.8519     3.3393     7.1429
0.7917     3.4906     7.3641
0.813      3.5312     7.5174
0.8057     3.5855     7.6756
0.7258     3.6216     7.8174
0.6359     3.653      7.932
0.5729     3.6321     8.0224
0.4016     3.5683     8.1449
0.3073     3.5482     8.1838
0.184      3.5463     8.1898
0.104      3.536      8.2334
-0.0259    3.5562     8.2634





























































































































































0.0502     2.0135     5.5827     NASP-PR
0.0955     1.8666     5.4386
0.0417     1.7838     5.2209
0.0344     1.7636     5.0521
0.0474     1.7533     4.9311
0.0345     1.7798     4.7047


































































































































































































-0.4532    4.8407     9.1346     R-PM/MAX
-0.5151    4.6571     8.978
-0.5573    4.5017     8.8595
-0.5901    4.3295     8.7313
-0.6917    4.1723     8.5432
-0.7164    4.0445     8.3814
-0.7859    3.9618     8.2158
-0.9727    3.7425     7.9111
-1.0567    3.5714     7.7101
-1.1944    3.4866     7.4764
-1.2557    3.4354     7.3338
-1.3275    3.3315     7.0998
-1.4088    3.1723     6.753
-1.4648    3.0453     6.4511
-1.4889    2.8852     6.1349
-1.5051    2.8069     5.9595
-1.5635    2.7144     5.7188
-1.599     2.6869     5.5762
-1.572     2.7618     5.2941
-1.4673    2.7857     5.1492




















































































































































































0.3208     4.9958     9.147      L-PM/MAX
0.393      4.8597     9.0269
0.468      4.7485     8.9007
0.4858     4.5944     8.8019
0.5202     4.4432     8.6749
0.5841     4.352      8.5718
0.6093     4.2464     8.4711
0.6694     4.2122     8.3355
0.7276     4.1535     8.207
0.7894     4.1029     8.0795
0.8867     3.9785     7.8918
0.929      3.934      7.7947
0.9727     3.876      7.7069
1.0451     3.812      7.5854
1.0887     3.7238     7.4545
1.1649     3.6548     7.3027
1.2205     3.5851     7.096
1.2856     3.5248     6.9361
1.3559     3.4495     6.7364
1.3754     3.3419     6.5574
1.4125     3.2486     6.3348
1.4196     3.1684     6.1639
1.5101     3.1056     5.9529
1.4952     3.0039     5.7767
1.532      2.948      5.6083
1.5858     3.035      5.3299
1.4521     2.9726     5.2062













































































































































































-2.4003    5.7044     5.8307     ROSTRUM
-2.462     5.6002     6.0712
-2.4544    5.5775     6.2509
-2.2911    5.543      6.4769
-2.0078    5.5174     6.6345
-1.8491    5.5212     6.8088
-1.7579    5.5183     6.9627
-1.7025    5.4728     7.2487
-1.6975    5.3925     7.5957
-1.7374    5.3368     7.8795
-1.6917    5.2555     8.0774
-1.6991    5.2042     8.2831
-1.6173    5.1383     8.4919
-1.4166    5.1048     8.6362
-1.2439    5.1319     8.6765
-1.0685    5.1314     8.7663
-0.9343    5.1249     8.8803
-0.822     5.1454     8.9873
-0.6973    5.101      9.0313
-0.5696    5.0482     9.1682
-0.4276    5.0099     9.2656
-0.3519    5.0063     9.3421
-0.2047    4.9355     9.4513
-0.0259    4.9374     9.4796
0.1224     4.9629     9.4679
0.291      5.0783     9.3497
0.3799     5.1045     9.2735
0.4598     5.1069     9.1439
0.6494     5.1788     8.9762
0.7615     5.1722     8.8585
0.9394     5.2533     8.746
1.1149     5.2851     8.6485
1.2073     5.2932     8.5877
1.3656     5.3169     8.525
1.4395     5.4641     8.3684
1.4468     5.4596     8.0474
1.3725     5.5892     7.7316
1.3453     5.619      7.5883
1.3377     5.7095     7.3423
1.3512     5.8479     7.1144
1.4055     5.765      6.9389
1.4915     5.8852     6.816
1.6177     5.9412     6.6714
1.7811     5.9468     6.5804
1.9665     5.9559     6.4119
2.0215     5.9616     6.1857
2.0241     6.031      6.0634
2.0236     6.0131     5.9446
1.9811     6.0071     5.8338
1.9318     6.0623     5.701






















































































































































-3.703     7.3804     11.3033    SUPORB
-3.6495    7.3733     11.4664
-3.6323    7.3449     11.5677
-3.5694    7.3006     11.731
-3.5043    7.2972     11.879
-3.4086    7.2794     12.0119
-3.3088    7.2213     12.127
-3.2301    7.0983     12.1787
-3.1409    6.9894     12.2184
-3.0179    6.8784     12.298
-2.7151    6.6318     12.4011
-2.5162    6.6268     12.4905
-2.2647    6.5809     12.5749
-2.0582    6.5764     12.6507
-1.7843    6.4365     12.6836
-1.4842    6.3872     12.6989
-1.2601    6.3362     12.6805
-0.9766    6.2001     12.6527
-0.6955    6.1609     12.6262
-0.4993    6.1111     12.5857
-0.2892    6.0542     12.5033
-0.105     5.9984     12.443
-0.0017    5.9859     12.4062
0.0811     5.9757     12.3611
0.2824     6.1045     12.4817
0.5438     6.2409     12.5633
0.8689     6.4204     12.6149
0.9606     6.5058     12.6352
1.3509     6.6931     12.6333
1.5697     6.7297     12.6275
1.8143     6.7899     12.5879
2.0632     6.909      12.5224
2.4037     7.0028     12.4115
2.6862     7.0345     12.2997
2.899      7.2768     12.176
3.078      7.456      12.044
3.1546     7.5722     11.9709
3.2256     7.6859     11.8906
3.4062     7.726      11.6761
3.5143     7.8339     11.4715
3.5138     7.9306     11.2375































































































































































-1.6742    6.3865     9.778      RORBIT
-1.8513    6.4039     9.7616
-2.0508    6.4362     9.7544
-2.2157    6.4634     9.7695
-2.4535    6.5079     9.8104
-2.5885    6.5708     9.869
-2.7403    6.6454     9.9705
-2.9563    6.7012     10.0956
-3.0879    6.7931     10.3324
-3.2121    6.8798     10.6286
-3.2574    6.8931     10.8799
-3.2598    6.8693     11.0688
-3.1988    6.8162     11.3294
-3.0687    6.6067     11.6195
-2.8379    6.4848     11.7945
-2.7107    6.3881     11.8731
-2.4769    6.2888     11.9859
-2.1134    6.1841     12.0425
-1.9441    6.1698     12.0315
-1.7664    6.1544     12.02
-1.5576    6.1748     11.9649
-1.3468    6.1447     11.9564
-1.2082    6.1138     12.0473
-0.8568    6.0976     12.1225
-0.5884    6.2474     11.9374
-0.3807    6.2963     11.5228
-0.3636    6.3732     11.322
-0.3294    6.377      11.1529
-0.36      6.3982     11.0446
-0.4057    6.3555     10.8826










































































































































































1.4871     6.5857     9.7384     LORBIT
1.7734     6.6294     9.6244
2.0184     6.6926     9.5971
2.22       6.7702     9.5825
2.4419     6.8436     9.6228
2.6124     7.0198     9.781
2.7416     7.1492     9.9
2.8678     7.2201     10.0327
3.01       7.2942     10.2507
3.0802     7.3317     10.4423
3.2003     7.3118     10.6849
3.2033     7.2983     10.8885
3.1466     7.2606     11.1056
3.1226     7.1316     11.2873
2.988      6.9999     11.5027
2.883      6.8534     11.6595
2.6818     6.7063     11.7984
2.4573     6.6396     11.8406
2.2259     6.5181     11.9002
1.917      6.388      11.9191
1.7467     6.3275     11.9165
1.5382     6.2898     11.8934
1.2364     6.2858     11.9637
0.9482     6.3056     12.0043
0.6571     6.309      11.7893
0.5127     6.3515     11.5391
0.4465     6.3796     11.28
0.4128     6.4031     11.1259
0.4222     6.4196     10.9864
0.4404     6.4053     10.8924










































































































































































-3.6116    7.4654     11.442     RTEMFOS
-3.7119    7.4388     11.2803
-3.808     7.4067     11.0187
-3.8295    7.3093     10.7372
-3.812     7.2429     10.4825
-3.7873    7.1625     10.2515
-3.7506    7.144      9.9236
-3.7374    7.0821     9.7266
-3.7104    7.0419     9.444
-3.6931    6.9719     9.1186
-3.7182    6.9396     8.8051
-3.7512    7.0039     8.7
-3.8578    7.1351     8.4848
-4.0001    7.2692     8.319
-4.0614    7.4362     8.2682
-4.193     7.6396     8.2957
-4.2364    7.7883     8.3472
-4.2815    7.897      8.3944
-4.284     7.9426     8.424
-4.3184    8.0152     8.4736




















































































































































































3.5018     7.905      11.1868    LTEMFOS
3.5279     7.9873     11.0132
3.548      8.0046     10.7818
3.5115     7.9326     10.5513
3.5201     7.8521     10.3352
3.5322     7.793      10.1314
3.4918     7.7593     9.9004
3.4713     7.6606     9.6446
3.4452     7.571      9.4026
3.3952     7.5495     9.1491
3.3744     7.483      8.9727
3.3607     7.5103     8.8069
3.3851     7.5141     8.5186
3.4137     7.6867     8.2839
3.5638     7.8832     8.0762
3.6739     8.0037     8.0014
3.7127     8.1798     8.0237
3.7315     8.3268     8.0539
3.7266     8.4233     8.1229
3.7175     8.5397     8.156




















































































































































































0.1907     1.9797     10.6534    OP
0.0725     3.821      10.7375    BA
-0.354     8.2405     10.4638    ST
-0.6037    13.0111    10.6869    IV
-3.3245    3.9195     10.3096    R_PG
-4.4566    6.0722     9.9638     R_ZTI
-2.2632    8.353      11.3183    R_M3D
-2.5975    10.6069    11.4854    R_M12
-2.4893    12.6263    11.3707    R_MP3
-2.1013    13.6717    11.2451    R_PMI
3.399      4.5474     10.1574    L_PG
4.1996     6.6808     9.7775     L_ZTI
1.6139     8.6645     11.134     L_M3D
1.6085     11.016     11.2934    L_M12
1.2391     12.9672    11.1749    L_MP3
0.5839     13.7905    11.1875    L_PMI
-1.8777    14.3147    10.5865    O1
2.8763     7.5421     5.7694     O2
-4.622     5.8935     9.3733     O3
0.8801     -0.0494    7.9261     O4




















































































































































































-3.6667    8.7334     10.2975    RZYGINF
-3.7779    8.5935     10.2698
-3.831     8.4905     10.2628
-3.9485    8.419      10.2819
-4.1453    8.2566     10.3599
-4.1392    8.0378     10.3518
-4.0824    7.8653     10.3526
-4.048     7.6182     10.3722
-4.0842    7.3679     10.3788
-4.1086    7.1809     10.3648
-4.0571    7.0079     10.3714
-4.1407    6.7642     10.3293
-4.2319    6.5885     10.3001
-4.3258    6.4255     10.1881
-4.4273    6.2908     10.0934
-4.4521    6.2006     10.0601
-4.4987    6.1579     10.016
-4.5322    6.1266     9.941






















































































































































































3.0934     9.1679     10.0886    LZYGINF
3.317      8.9677     10.0638
3.5043     8.7884     10.1359
3.6098     8.5444     10.1581
3.5838     8.301      10.1791
3.5778     8.1017     10.2106
3.5738     7.8687     10.2227
3.6214     7.6851     10.2085
3.7091     7.4351     10.1862
3.7843     7.2892     10.1545
3.8532     7.0654     10.0522
3.9194     6.9643     10.0229
4.0111     6.9264     9.9787
4.0915     6.8482     9.9116
4.1181     6.7892     9.8861
4.2104     6.7207     9.8155
























































































































































































-2.3317    8.4409     11.3295    R-ALV
-2.5052    8.6409     11.3342
-2.6883    8.9378     11.3002
-2.7017    9.3862     11.2266
-2.7106    9.6744     11.308
-2.7023    9.8637     11.368
-2.711     9.9994     11.3939
-2.7489    10.2628    11.4434
-2.6313    10.5588    11.3626
-2.6155    10.7112    11.3987
-2.6283    10.9265    11.4061
-2.6391    11.127     11.4688
-2.6303    11.3884    11.4531
-2.5625    11.5269    11.4845
-2.5178    11.7197    11.507
-2.5167    11.9307    11.5064
-2.5356    12.2168    11.4991
-2.5201    12.407     11.4773
-2.5221    12.5099    11.4449
-2.4989    12.6468    11.3905




















































































































































































1.5713     8.7268     11.1315    L-ALV
1.765      8.9407     11.1213
1.8769     9.2335     11.0729
1.8995     9.6484     11.0074
1.8446     10.0399    11.0318
1.7832     10.3508    11.0124
1.8116     10.6526    11.1146
1.6416     10.9161    11.1947
1.5883     11.1413    11.1685
1.5531     11.42      11.1604
1.5276     11.7156    11.1907
1.4341     11.8929    11.1771
1.3882     12.0936    11.2137
1.3874     12.3208    11.2313
1.3608     12.6135    11.1962
1.3467     12.7928    11.1637
1.2991     12.987     11.1219
1.2735     13.074     11.0337
