BM(NH)     ZD.1961.8.9Phk35stv
-0.023     16.363     11.2931    IN
0.015      12.1093    14.3277    BR
-0.0364    6.3509     12.4609    GL
-0.0261    6.3606     12.1338    NA
-0.0668    4.0831     8.6735     RH
-0.3139    2.4867     6.3283     NS
-0.2907    2.1029     5.4787     PR
-1.0995    2.2472     5.4085     R_PR2
-0.1929    5.5181     9.8704     R_PMS
-3.2829    7.3866     7.6691     R_ZMI
-1.7732    6.8937     10.1542    R_ZMU
-0.4589    6.7855     11.1544    R_DA
-1.9052    6.8064     12.6092    R_MTI
-1.8734    7.0972     13.0668    R_MTS
-3.2584    7.5417     11.3447    R_FMO
-3.6754    8.2686     11.6375    R_FMT
-3.8364    12.553     10.0888    R_PO
-4.1427    8.6235     8.8845     R_ZTS
0.6035     2.3309     5.5083     L_PR2
0.3678     5.5763     9.9346     L_PMS
3.1437     7.539      7.7034     L_ZMI
1.5301     6.9629     10.1745    L_ZMU
0.4304     6.7783     11.2396    L_DA
2.0162     6.8397     12.6572    L_MTI
1.932      7.1177     13.0456    L_MTS
3.3716     7.7203     11.3842    L_FMO
3.4677     8.4647     11.7346    L_FMT
3.3482     12.7522    9.8996     L_PO
3.8196     8.8625     8.874      L_ZTS
-0.7886    1.8724     5.5106     O1
3.0262     8.4601     12.3866    O2
-4.5263    10.4077    9.1724     O3
0.803      15.9309    11.6689    O4







































































































































































-0.0208    6.3501     12.6019    GLRH
-0.0396    6.3463     12.3194
-0.0395    6.3592     12.0559
-0.0276    6.3513     11.8151
-0.015     6.3601     11.5452
-0.0137    6.3091     11.3102
-0.026     6.2651     11.091
0.0051     6.1073     10.8162
0.0066     5.9847     10.6209
0.0182     5.835      10.4276
0.0144     5.6664     10.2195
-0.0129    5.506      10.0292
-0.0194    5.3356     9.864
0.0071     5.1252     9.6836
-0.0038    5.0032     9.5006
-0.005     4.8911     9.4017
0.0346     4.7754     9.2752
0.0271     4.6115     9.1556
0.0058     4.4843     9.0597
-0.008     4.3572     8.9496
-0.032     4.221      8.8352
-0.0211    4.1528     8.7689
-0.0495    4.0803     8.6917

















































































































































































-0.0592    4.0931     8.6908     NOSE
-0.2043    4.0733     8.6488
-0.4225    4.0563     8.5774
-0.5323    4.0969     8.4931
-0.6925    4.0022     8.332
-0.7959    3.9097     8.1709
-0.8759    3.7889     7.9968
-0.9807    3.6406     7.7679
-1.0221    3.4911     7.5859
-1.0448    3.3655     7.3955
-1.0591    3.2388     7.252
-1.0303    3.0939     7.0675
-0.9827    2.9223     6.9183
-0.8983    2.7231     6.7878
-0.7485    2.5862     6.6794
-0.6143    2.5845     6.6205
-0.4899    2.5365     6.5461
-0.3587    2.5682     6.3988
-0.255     2.5499     6.3699
-0.0712    2.5425     6.4841
0.105      2.5832     6.6079
0.2255     2.6601     6.6914
0.3583     2.8136     6.7835
0.5238     2.9775     6.8755
0.6173     3.1214     7.035
0.6964     3.2274     7.2123
0.743      3.3127     7.3569
0.7307     3.4327     7.4905
0.717      3.5182     7.6046
0.6633     3.6028     7.7288
0.6034     3.7477     7.8215
0.5586     3.8481     8.0039
0.5411     3.8856     8.1519
0.5032     3.9388     8.2802
0.4552     4.03       8.3528
0.4603     4.0354     8.4532
0.235      4.0362     8.5689
0.1726     4.1113     8.5997
-0.0098    4.0643     8.6487

































































































































































-0.2618    2.494      6.3282     NASP-PR
-0.2799    2.351      6.2106
-0.2808    2.2476     6.0567
-0.2632    2.1712     5.893
-0.2888    2.126      5.7749
-0.2779    2.0842     5.6625
-0.2453    2.0905     5.5644

































































































































































































-0.2749    5.453      9.779      R-PM/MAX
-0.3289    5.3287     9.589
-0.3989    5.1289     9.3969
-0.5187    5.035      9.1982
-0.5852    4.8912     9.0432
-0.6394    4.7548     8.9214
-0.711     4.5851     8.7584
-0.7993    4.4272     8.59
-0.9222    4.2617     8.4054
-1.033     4.0984     8.1926
-1.1136    3.8963     7.9876
-1.1695    3.7389     7.8354
-1.2375    3.559      7.6399
-1.2851    3.4612     7.4555
-1.3304    3.3685     7.298
-1.3657    3.2809     7.1214
-1.4714    3.2386     6.9328
-1.5306    3.1642     6.7226
-1.587     3.0895     6.6049
-1.6358    3.1155     6.4686
-1.6877    3.0267     6.3138
-1.8175    3.0409     6.1353
-1.9696    3.0946     5.7854
-1.8727    3.1149     5.5857
-1.7508    3.1468     5.4851















































































































































































0.4116     5.6208     9.9332     L-PM/MAX
0.4349     5.4727     9.7553
0.4833     5.2474     9.5209
0.539      5.1371     9.3204
0.591      4.959      9.1411
0.6713     4.7633     8.8998
0.7097     4.5935     8.7117
0.7644     4.5524     8.6185
0.7882     4.4803     8.5206
0.819      4.3553     8.4084
0.92       4.1758     8.1623
0.9416     4.037      8.0191
1.0064     3.835      7.8567
0.983      3.6233     7.6144
0.9844     3.4995     7.3961
1.0011     3.3854     7.2029
1.038      3.2365     6.9183
1.045      3.1199     6.6476
1.0806     3.0695     6.4197
1.1597     3.0366     6.2133
1.2311     3.0751     6.0588
1.3171     3.0993     5.9178
1.2585     3.1679     5.6549
1.1667     3.2784     5.5052
















































































































































































-2.5915    6.2553     6.3263     ROSTRUM
-2.5622    6.1648     6.4965
-2.516     6.0779     6.7065
-2.3638    6.0071     6.8316
-2.1895    5.9874     6.9337
-2.035     5.9013     7.0746
-1.8947    5.8594     7.2485
-1.8215    5.7699     7.4746
-1.7479    5.646      7.7642
-1.7096    5.5893     7.982
-1.688     5.5066     8.1969
-1.669     5.4665     8.3165
-1.6254    5.3793     8.4963
-1.5319    5.3376     8.6535
-1.3703    5.2767     8.8045
-1.1821    5.2349     8.8887
-1.0472    5.2048     8.9237
-0.8669    5.207      9.0004
-0.7247    5.1631     9.073
-0.5943    5.1127     9.2033
-0.4375    5.107      9.3165
-0.2879    5.0777     9.4266
-0.1383    5.0787     9.5015
-0.0209    5.0819     9.5583
0.1387     5.0641     9.5619
0.291      5.0565     9.5151
0.3853     5.0916     9.4766
0.5009     5.2244     9.4066
0.6448     5.2403     9.2311
0.8073     5.3465     9.0947
0.9235     5.3859     9.0047
1.0329     5.3655     8.9474
1.1975     5.3938     8.8687
1.3665     5.4176     8.7503
1.4611     5.4731     8.585
1.5206     5.571      8.3955
1.554      5.6205     8.1905
1.5832     5.7042     8.0092
1.5966     5.7772     7.7927
1.6275     5.951      7.4713
1.6543     6.0152     7.3005
1.7562     6.1038     7.1215
1.8717     6.1688     6.9601
2.0734     6.214      6.8509
2.2006     6.2188     6.7604
2.2938     6.2624     6.5902
2.3191     6.3371     6.3686
2.3222     6.3833     6.2496
2.3229     6.4119     6.1339























































































































































-3.6601    8.281      11.6775    SUPORB
-3.5974    8.207      11.8439
-3.5239    8.0992     12.0502
-3.4278    7.9818     12.2457
-3.3041    7.8714     12.3885
-3.1135    7.6886     12.6036
-2.795     7.586      12.7994
-2.585     7.562      12.9084
-2.4198    7.4616     12.9801
-2.2395    7.3858     13.0275
-1.9941    7.3622     13.1232
-1.7831    7.3123     13.1798
-1.451     7.3258     13.2934
-1.3047    7.418      13.36
-1.059     7.4877     13.4465
-0.8382    7.5474     13.507
-0.4852    7.4175     13.4838
-0.4045    7.2605     13.4451
-0.1822    7.0412     13.3192
-0.0357    6.8981     13.2293
0.0196     6.8462     13.216
0.1907     6.982      13.2845
0.3959     7.0591     13.3382
0.6183     7.2198     13.4032
0.8057     7.3897     13.4718
1.0114     7.38       13.4367
1.2389     7.3419     13.3647
1.4513     7.2895     13.2508
1.6526     7.2866     13.1939
1.864      7.3141     13.1372
2.0359     7.4214     13.1023
2.1895     7.5039     13.0687
2.422      7.6301     12.9686
2.6905     7.7852     12.86
2.884      7.8624     12.7528
3.0938     8.0252     12.6081
3.2362     8.1456     12.4992
3.345      8.1819     12.3593
3.4278     8.2584     12.1773
3.4692     8.3309     12.0487
3.5209     8.39       11.9341
3.5879     8.3775     11.7197






























































































































































-1.7243    6.8634     10.1279    RORBIT
-1.9424    6.916      10.1156
-2.1948    7.0156     10.1492
-2.5318    7.1503     10.2516
-2.7345    7.2622     10.3679
-2.9038    7.3331     10.5157
-3.019     7.4427     10.7003
-3.1512    7.5375     10.9642
-3.2189    7.5667     11.1819
-3.2482    7.5904     11.333
-3.3102    7.6105     11.5583
-3.2926    7.5354     11.769
-3.2011    7.4263     12.0434
-2.9501    7.2756     12.3567
-2.5763    7.0245     12.5633
-2.4378    6.9578     12.6369
-2.1741    6.8813     12.6404
-1.9077    6.7804     12.6244
-1.6827    6.7708     12.5741
-1.3731    6.7451     12.6076
-1.16      6.715      12.6282
-0.835     6.6292     12.6077
-0.6061    6.7559     12.2496
-0.4327    6.7736     11.8982
-0.3707    6.8216     11.5271
-0.4141    6.7648     11.2341














































































































































































1.5593     7.0083     10.1614    LORBIT
1.8122     7.0294     10.1099
2.065      7.0845     10.0664
2.2901     7.2793     10.1761
2.6001     7.3673     10.2777
2.7872     7.485      10.4512
2.9127     7.5707     10.5885
2.9627     7.707      10.7594
3.105      7.7338     10.9995
3.2291     7.752      11.2816
3.3032     7.7279     11.4495
3.3441     7.6469     11.7256
3.2369     7.5708     11.9706
3.1103     7.4649     12.2011
2.9162     7.275      12.4665
2.6883     7.1983     12.5433
2.4702     7.046      12.6495
2.3137     6.9455     12.6563
2.0231     6.8335     12.689
1.7024     6.7454     12.6458
1.2596     6.7459     12.6162
1.0317     6.6338     12.6458
0.6874     6.6541     12.4352
0.5335     6.7573     12.0565
0.4259     6.7851     11.7358
0.4086     6.8084     11.5221
0.4075     6.818      11.3941
0.4261     6.784      11.235












































































































































































-3.6869    8.2268     11.6337    RTEMFOS
-3.733     8.212      11.4598
-3.7475    8.1872     11.2691
-3.7652    8.1062     11.0732
-3.7653    8.0205     10.8699
-3.7699    7.9796     10.6638
-3.73      7.945      10.4323
-3.7196    7.8478     10.2411
-3.6944    7.7103     9.937
-3.7005    7.7049     9.6735
-3.6876    7.6043     9.4464
-3.7111    7.618      9.2135
-3.7619    7.7466     8.9495
-3.8829    7.9279     8.7604
-3.9938    8.0896     8.7234
-4.091     8.2646     8.7625
-4.181     8.5241     8.8381
-4.1758    8.5928     8.8588
-4.1556    8.6129     8.8848





















































































































































































3.5504     8.4189     11.7662    LTEMFOS
3.6003     8.437      11.5215
3.6214     8.3935     11.2917
3.6366     8.3374     11.0435
3.6439     8.2247     10.7935
3.6093     8.1651     10.5496
3.5775     8.1193     10.2493
3.5527     8.0538     10.0365
3.5099     7.9826     9.8093
3.4932     7.9369     9.5363
3.5161     7.9209     9.2792
3.55       7.916      9.0417
3.6495     8.0288     8.8216
3.713      8.207      8.75
3.8153     8.3891     8.7325
3.9133     8.551      8.7113
3.8913     8.7808     8.7936
3.8898     8.8857     8.8681






















































































































































































-0.5029    2.3193     11.1577    OP
-0.5209    4.2958     11.3837    BA
-0.3819    8.969      10.6489    ST
-0.4885    13.1519    10.7348    IV
-4.14      4.6103     10.531     R_PG
-4.733     6.941      10.1919    R_ZTI
-2.4597    8.9124     11.3678    R_M3D
-2.7698    11.2155    11.7075    R_M12
-2.3252    13.265     11.6715    R_MP3
-1.8601    14.3222    11.4672    R_PMI
2.9828     4.535      10.3902    L_PG
3.7803     6.6608     10.0092    L_ZTI
1.646      8.792      11.3505    L_M3D
1.9106     10.9454    11.6377    L_M12
1.4643     13.0912    11.7105    L_MP3
0.8636     14.1589    11.3813    L_PMI
-1.0074    15.4808    11.0624    O1
2.609      7.3922     5.9522     O2
-4.8425    6.3238     9.8714     O3
0.3174     0.3001     8.6357     O4




















































































































































































-3.6234    9.4826     10.6046    RZYGINF
-3.8704    9.4046     10.5785
-4.158     9.2595     10.6314
-4.2877    9.0223     10.6684
-4.3574    8.8372     10.6861
-4.4004    8.5784     10.7408
-4.386     8.3653     10.7557
-4.3831    8.1355     10.7421
-4.37      7.9523     10.6816
-4.3748    7.8328     10.6459
-4.3929    7.6841     10.5642
-4.4102    7.543      10.5066
-4.4666    7.4163     10.4483
-4.5296    7.2691     10.4057
-4.6183    7.1348     10.3531
-4.6581    7.0461     10.2717
-4.7172    6.9957     10.2324
-4.7446    6.9518     10.1991






















































































































































































2.8514     9.254      10.4039    LZYGINF
3.09       9.1118     10.3712
3.3386     9.0183     10.4028
3.4211     8.8417     10.432
3.4406     8.5852     10.4546
3.5059     8.4218     10.4505
3.4948     8.2177     10.4598
3.5152     8.155      10.467
3.4213     7.9015     10.4676
3.4644     7.5026     10.4074
3.5387     7.2464     10.3101
3.6064     7.0088     10.2074
3.6344     6.828      10.1187
3.7134     6.7826     10.0755
3.7697     6.737      10.0435
3.8215     6.667      9.9847
























































































































































































-2.4865    9.0003     11.4718    R-ALV
-2.6485    9.2918     11.5233
-2.7265    9.5211     11.5786
-2.7728    9.7035     11.6049
-2.7954    9.9503     11.6444
-2.7967    10.2024    11.6815
-2.7937    10.4607    11.6997
-2.788     10.6361    11.6996
-2.7902    10.974     11.737
-2.7482    11.2576    11.7098
-2.714     11.5057    11.7265
-2.731     11.7479    11.7457
-2.6519    11.9848    11.7561
-2.5595    12.3015    11.6905
-2.5243    12.477     11.7021
-2.4137    12.7435    11.7408
-2.4157    12.9181    11.7091
-2.3835    13.0161    11.7279
-2.3431    13.1457    11.7164
-2.312     13.1986    11.7324




















































































































































































1.6769     8.9116     11.3785    L-ALV
1.8337     9.1694     11.4164
1.9515     9.4717     11.4701
2.0387     9.8544     11.4912
2.0632     10.1545    11.481
2.0709     10.4998    11.4807
2.0559     10.8014    11.5361
2.0288     11.0312    11.5285
1.9991     11.3213    11.5804
1.9739     11.558     11.6375
1.8888     11.8813    11.6261
1.8047     12.1281    11.6311
1.7053     12.3731    11.7039
1.6427     12.5891    11.6672
1.6276     12.8697    11.6326
1.5679     13.0257    11.6575
1.5241     13.1897    11.5937
