BM(NH)     ZD.1961.770Phk40stv
-0.6688    16.1627    10.581     IN
-0.3619    11.3109    14.5518    BR
-0.1283    5.7367     12.0259    GL
-0.1461    5.7703     11.7262    NA
-0.1914    3.3145     8.1822     RH
-0.2345    2.0033     5.5884     NS
-0.3011    1.7984     4.6003     PR
-1.2447    1.921      4.8516     R_PR2
-0.5962    4.6896     9.058      R_PMS
-3.4417    6.8539     7.6406     R_ZMI
-1.8921    6.2266     9.7262     R_ZMU
-0.477     6.1523     10.9256    R_DA
-2.0612    6.0296     12.3206    R_MTI
-1.9372    6.3037     12.7203    R_MTS
-3.3426    6.759      11.0721    R_FMO
-3.8477    7.3223     11.3005    R_FMT
-4.3111    11.8512    9.5501     R_PO
-4.3152    7.7685     8.635      R_ZTS
0.5513     1.9676     4.7702     L_PR2
0.2701     4.8743     9.1793     L_PMS
2.5922     7.0098     7.2226     L_ZMI
1.5205     6.4054     9.6614     L_ZMU
0.1785     6.2247     11.0181    L_DA
9999       9999       9999       L_MTI
9999       9999       9999       L_MTS
2.9643     7.0246     10.9923    L_FMO
3.3383     7.678      10.8608    L_FMT
3.2576     12.258     9.4484     L_PO
3.6411     8.0567     8.4241     L_ZTS
0.2041     1.5267     4.5513     O1
-3.4128    7.5124     12.1243    O2
4.1357     10.1967    8.7845     O3
-1.2706    15.8605    11.0831    O4







































































































































































-0.1417    5.7144     12.1133    GLRH
-0.1373    5.7161     11.8981
-0.1379    5.7477     11.7274
-0.1407    5.7667     11.5496
-0.1373    5.7439     11.2982
-0.1514    5.749      11.1027
-0.1527    5.7249     10.8308
-0.1746    5.6875     10.5849
-0.1413    5.5989     10.3887
-0.1431    5.5025     10.2135
-0.1332    5.4044     10.023
-0.1263    5.2987     9.8938
-0.1177    5.1857     9.7731
-0.1134    4.9638     9.5959
-0.1139    4.7315     9.4052
-0.1209    4.5232     9.2665
-0.137     4.3916     9.1547
-0.1454    4.1971     9.0231
-0.1605    3.955      8.8622
-0.1739    3.7801     8.7094
-0.1645    3.6317     8.5754
-0.1517    3.4673     8.4131
-0.1548    3.3846     8.2976
-0.1492    3.3282     8.2406
-0.1187    3.2608     8.1443















































































































































































-0.1724    3.3418     8.1845     NOSE
-0.4075    3.2872     8.1062
-0.6077    3.2765     8.027
-0.7043    3.2952     7.9332
-0.8346    3.3172     7.8187
-0.9168    3.2691     7.6651
-0.9847    3.1864     7.5037
-1.0195    3.0763     7.2921
-1.0561    2.9507     7.1039
-1.0968    2.8599     6.8868
-1.0663    2.7627     6.7446
-1.034     2.6679     6.5814
-1.0013    2.5389     6.4656
-0.9351    2.3532     6.3327
-0.8475    2.1722     6.1863
-0.7271    2.0477     6.0651
-0.5631    2.0145     5.8687
-0.4692    1.995      5.7212
-0.3407    2.0117     5.6459
-0.2435    2.0259     5.5969
-0.0782    1.9981     5.6571
0.0616     2.0538     5.7882
0.1513     2.091      5.9234
0.2586     2.1472     6.0195
0.3578     2.1815     6.0869
0.4135     2.3026     6.1596
0.4385     2.4391     6.2358
0.5391     2.6109     6.392
0.6267     2.7717     6.61
0.6595     2.8716     6.7334
0.7085     2.9501     6.9046
0.6545     3.033      7.049
0.6829     3.143      7.2728
0.628      3.1928     7.3808
0.5033     3.3289     7.5954
0.5154     3.3529     7.6953
0.4497     3.4221     7.8479
0.2913     3.3157     7.9662
0.247      3.3147     8.053
0.0727     3.3005     8.1269
-0.126     3.3214     8.2































































































































































-0.2368    1.9523     5.5722     NASP-PR
-0.2652    1.8597     5.4406
-0.2749    1.7691     5.2649
-0.2991    1.7355     5.0434
-0.3002    1.715      4.8611
-0.317     1.7119     4.7772
-0.3008    1.7228     4.6582

































































































































































































-0.5894    4.6854     9.0685     R-PM/MAX
-0.6599    4.432      8.8369
-0.7039    4.2909     8.7154
-0.7672    4.1315     8.5217
-0.8611    3.9955     8.308
-0.9338    3.906      8.169
-1.0318    3.7874     7.9652
-1.1412    3.6666     7.7424
-1.2213    3.5324     7.5698
-1.2832    3.4486     7.3942
-1.337     3.3975     7.2153
-1.416     3.2974     6.9878
-1.4841    3.2163     6.8419
-1.5376    3.0686     6.6245
-1.6123    3.0318     6.3462
-1.6339    2.9496     6.0945
-1.6949    2.8006     5.9252
-1.7956    2.7262     5.7516
-1.837     2.7822     5.5949
-1.8116    2.7866     5.4148
-1.735     2.7944     5.3337
-1.6634    2.82       5.2431


















































































































































































0.2662     4.8942     9.2203     L-PM/MAX
0.3392     4.7529     9.0493
0.3952     4.5392     8.8283
0.4191     4.392      8.7092
0.4476     4.2495     8.5602
0.5198     4.1547     8.3526
0.6216     4.0143     8.1015
0.665      3.891      7.9319
0.7729     3.7279     7.6868
0.8055     3.6522     7.5502
0.8635     3.5579     7.4232
0.909      3.475      7.2157
0.9377     3.4347     7.0471
0.9651     3.3677     6.9033
1.0008     3.252      6.684
1.0828     3.0953     6.2352
1.0935     2.9476     5.9643
1.1265     2.8462     5.764
1.2154     2.7105     5.5193
1.1769     2.8403     5.3035
1.0892     2.8632     5.1428
0.9974     2.9186     5.047


















































































































































































-2.6492    5.7945     6.0173     ROSTRUM
-2.6116    5.7161     6.2417
-2.5377    5.6351     6.3658
-2.3562    5.6103     6.4453
-2.1656    5.5991     6.492
-2.0437    5.5632     6.5469
-1.9152    5.5332     6.6409
-1.7972    5.5474     6.7079
-1.6837    5.5283     6.8912
-1.6356    5.48       7.0913
-1.6187    5.3584     7.3682
-1.6206    5.2857     7.5667
-1.6195    5.1633     7.8473
-1.6479    5.123      8.0111
-1.6382    5.0505     8.1191
-1.6319    5.0054     8.2493
-1.5445    4.9463     8.3366
-1.4624    4.9513     8.3794
-1.1526    4.8578     8.5566
-1.0515    4.8255     8.6426
-0.9446    4.8199     8.7226
-0.8352    4.8706     8.8981
-0.7178    4.852      9.0078
-0.6333    4.8811     9.1205
-0.535     4.8736     9.2029
-0.4394    4.8701     9.3209
-0.2855    4.8055     9.4315
-0.1283    4.7793     9.4258
0.1156     4.7761     9.298
0.2636     4.8484     9.1479
0.3838     4.8918     9.0165
0.4871     4.9622     8.8597
0.6954     5.096      8.6459
0.8937     5.1434     8.4938
1.0599     5.1741     8.3821
1.133      5.1813     8.3359
1.2655     5.2381     8.2241
1.2766     5.3139     8.0723
1.2157     5.4147     7.8323
1.1718     5.6333     7.5989
1.1166     5.7196     7.3742
1.073      5.7832     7.1473
1.1293     5.9013     6.9092
1.231      5.8739     6.7123
1.3916     5.8819     6.56
1.5415     5.8823     6.4688
1.6637     5.8693     6.415
1.7855     5.8348     6.3937
1.8988     5.8145     6.2962
1.9297     5.8347     6.2238
1.9417     5.8414     6.0378
1.9332     5.8793     5.9154
1.9374     5.8976     5.8196
1.9362     5.9107     5.7062


















































































































































-3.8342    7.3477     11.1608    SUPORB
-3.8029    7.3106     11.3918
-3.775     7.3317     11.5652
-3.741     7.2872     11.7071
-3.6873    7.249      11.8905
-3.5401    7.1628     12.1109
-3.3794    7.0196     12.2559
-3.2071    6.961      12.3715
-3.0636    6.7803     12.4522
-2.8904    6.6241     12.5319
-2.4462    6.4907     12.6627
-2.1708    6.5056     12.7365
-1.9875    6.5797     12.7972
-1.7994    6.5888     12.8421
-1.5239    6.6322     12.8874
-1.322     6.6892     12.9242
-1.1611    6.7264     12.955
-0.8971    6.7118     12.9539
-0.6492    6.5853     12.8942
-0.4883    6.4535     12.8351
-0.2902    6.3205     12.7574
-0.2287    6.2322     12.7119
-0.1267    6.1565     12.672
9999       9999       9999
















































































































































































-1.9798    6.2463     9.7153     RORBIT
-2.2772    6.373      9.7326
-2.4777    6.4198     9.7615
-2.6711    6.4997     9.8481
-2.822     6.5673     9.9795
-2.9496    6.6173     10.1266
-3.0714    6.6783     10.2861
-3.1976    6.7224     10.448
-3.3412    6.7528     10.7307
-3.3458    6.798      10.9123
-3.3945    6.7719     11.1112
-3.3712    6.7756     11.2596
-3.3339    6.7164     11.4074
-3.2572    6.694      11.5556
-3.1339    6.6427     11.7325
-2.942     6.5185     11.9727
-2.7469    6.2896     12.2997
-2.5236    6.2617     12.2533
-2.2963    6.1895     12.2761
-2.013     6.0943     12.2612
-1.6255    6.0277     12.1992
-1.3919    5.987      12.1851
-1.1093    6.0636     12.1952
-0.8222    6.0307     12.0803
-0.7065    6.0609     11.8339
-0.5981    6.1077     11.5487
-0.5243    6.2109     11.2624
-0.5006    6.2383     11.0999
-0.4695    6.1767     10.9562











































































































































































9999       9999       9999       LORBIT







































































































































































































-3.8544    7.2735     11.2892    RTEMFOS
-3.8712    7.2894     11.0852
-3.879     7.2921     10.9061
-3.8637    7.2552     10.6936
-3.8473    7.238      10.5501
-3.8055    7.1548     10.3687
-3.7846    7.1146     10.1947
-3.7344    7.0363     9.9859
-3.6884    6.933      9.7025
-3.6553    6.9083     9.4897
-3.6246    6.8819     9.3517
-3.6117    6.9054     9.1465
-3.6126    6.7575     8.9835
-3.675     6.8175     8.7784
-3.8031    6.9159     8.5475
-3.9601    6.9845     8.4439
-4.1127    7.1811     8.4378
-4.2111    7.3493     8.5071
-4.2456    7.5022     8.5436
-4.2694    7.6511     8.5813
-4.247     7.691      8.5968
-4.2996    7.7915     8.6558


















































































































































































3.4102     7.6132     10.9088    LTEMFOS
3.4129     7.6071     10.7005
3.3845     7.5396     10.5636
3.3535     7.4745     10.3733
3.3252     7.3952     10.1825
3.286      7.3252     10.0054
3.2536     7.2753     9.8749
3.2303     7.2199     9.6561
3.21       7.1809     9.5429
3.178      7.1456     9.3972
3.1558     7.1132     9.2235
3.1286     7.057      9.0647
3.1392     7.053      8.8657
3.1398     7.0143     8.6885
3.1835     7.0467     8.5106
3.2481     7.0792     8.3788
3.3549     7.1922     8.2579
3.4219     7.3209     8.2584
3.5261     7.4356     8.2322
3.5678     7.6132     8.2852
3.5583     7.7482     8.3202
3.6069     7.8398     8.3557
3.6183     7.9134     8.3815
3.6679     8.0229     8.3992
3.6634     8.1077     8.4565















































































































































































9999       9999       9999       OP
9999       9999       9999       BA
-0.4065    8.5555     10.6585    ST
-0.3993    13.1218    10.4856    IV
-3.8737    4.4309     10.9408    R_PG
-4.8445    6.4613     10.3934    R_ZTI
-2.2333    8.7628     11.5193    R_M3D
-2.5669    10.8786    11.3804    R_M12
-2.1626    12.7788    11.09      R_MP3
-1.6654    13.7614    10.9164    R_PMI
3.0753     4.4002     10.6682    L_PG
4.0666     6.3629     9.8396     L_ZTI
1.5125     8.8579     11.4085    L_M3D
1.8241     10.9529    11.1681    L_M12
1.3035     12.9304    10.955     L_MP3
0.8341     13.7663    10.8421    L_PMI
0.0956     15.3406    10.7693    O1
-3.8414    6.9399     6.1935     O2
4.0614     5.879      9.5509     O3
-1.2238    -0.4274    9.9694     O4




















































































































































































-3.3475    9.2543     10.2846    RZYGINF
-3.4631    9.1753     10.2142
-3.6603    9.2131     10.104
-3.8823    9.083      10.2045
-4.0444    8.9088     10.3165
-4.1358    8.7088     10.3558
-4.1467    8.5369     10.4241
-4.1887    8.2741     10.5368
-4.2127    8.0413     10.5947
-4.2457    7.8068     10.6343
-4.2653    7.6412     10.711
-4.3585    7.4635     10.6953
-4.5023    7.2595     10.6313
-4.5747    7.1257     10.5592
-4.6861    7.0104     10.5181
-4.7817    6.9059     10.4327
-4.8164    6.6882     10.4162
-4.8541    6.6941     10.4104
-4.8934    6.632      10.3894





















































































































































































2.6498     9.2459     9.9849     LZYGINF
2.8534     9.1682     9.8499
3.0445     9.1485     9.767
3.2023     8.9821     9.8266
3.283      8.7299     9.9338
3.2622     8.5179     10.0184
3.3664     8.3216     10.1163
3.3461     8.0258     10.2079
3.3732     7.8222     10.2369
3.4506     7.5083     10.2693
3.5747     7.2923     10.2609
3.6412     7.1376     10.1857
3.7774     7.0273     10.0875
3.8644     6.9141     9.9952
3.9098     6.837      9.956
3.9843     6.714      9.9187
4.0472     6.555      9.8856
4.0717     6.4633     9.8678






















































































































































































-2.298     8.8201     11.4933    R-ALV
-2.4793    9.2082     11.4644
-2.58      9.4146     11.4064
-2.6288    9.6664     11.381
-2.6086    9.8325     11.4171
-2.6585    10.0854    11.3784
-2.6286    10.3103    11.3846
-2.6851    10.552     11.3584
-2.6156    10.8641    11.3088
-2.5604    11.1194    11.2536
-2.4903    11.5757    11.1704
-2.3798    11.7889    11.2255
-2.2943    12.041     11.1397
-2.2989    12.1065    11.1621
-2.3254    12.3425    11.1423
-2.2746    12.5111    11.1318
-2.2393    12.6262    11.1104
-2.16      12.7748    11.102






















































































































































































1.5032     8.879      11.3723    L-ALV
1.6489     9.1109     11.2917
1.8001     9.4039     11.2063
1.8587     9.8316     11.1002
1.8202     10.0675    11.2397
1.8723     10.3081    11.185
1.8857     10.5465    11.127
1.863      10.8457    11.1516
1.8095     11.0795    11.1559
1.7934     11.3417    11.138
1.761      11.5347    11.1131
1.7306     11.7754    11.0787
1.5599     11.8542    11.0838
1.5179     12.0455    11.0419
1.4647     12.2813    11.0246
1.4542     12.4557    10.9659
1.4138     12.6456    10.9646
1.4021     12.8301    10.9097
1.3676     12.9405    10.8873
