BM(NH)     ZD.1961.774Phk5stv
0.6913     14.4314    10.6591    IN
0.6976     9.9562     13.8381    BR
0.2226     4.5622     11.1863    GL
0.2186     4.7097     10.6596    NA
0.0717     3.8185     7.9238     RH
-0.0671    2.9875     5.6607     NS
-0.093     2.75       5.0293     PR
-0.7553    2.8749     5.1887     R_PR2
-0.197     4.6276     8.6929     R_PMS
-2.6503    6.6432     7.3472     R_ZMI
-1.2556    5.7918     8.9446     R_ZMU
0.0294     5.2001     10.0492    R_DA
-1.3304    5.1946     11.1647    R_MTI
-1.2377    5.3401     11.8972    R_MTS
9999       9999       9999       R_FMO
9999       9999       9999       R_FMT
-3.0708    11.27      9.6472     R_PO
9999       9999       9999       R_ZTS
0.5822     2.8423     4.9667     L_PR2
0.4993     4.6386     8.6999     L_PMS
2.8788     6.6491     6.9217     L_ZMI
1.4633     5.6626     8.7213     L_ZMU
0.5187     5.383      9.9569     L_DA
1.9585     4.9912     10.9775    L_MTI
1.9033     5.2236     11.6723    L_MTS
3.1462     6.0239     9.9437     L_FMO
3.53       6.3808     10.1567    L_FMT
3.8982     11.0831    9.1462     L_PO
9999       9999       9999       L_ZTS
1.4616     3.7124     5.1521     O1
-2.4498    6.6218     11.4064    O2
4.3864     10.1253    8.76       O3
-0.265     13.8935    11.8992    O4







































































































































































0.2198     4.5808     11.0518    GLRH
0.2307     4.6761     10.7901
0.243      4.7807     10.5444
0.2113     4.8933     10.3424
0.1975     4.9587     10.1518
0.1859     4.9721     9.9774
0.2068     4.9668     9.7923
0.2014     4.9505     9.6542
0.1863     4.8895     9.4546
0.186      4.8291     9.3105
0.1653     4.7421     9.1334
0.1756     4.6197     8.9626
0.1596     4.4905     8.813
0.0866     4.3537     8.6354
0.084      4.2044     8.4576
0.0991     4.0965     8.3219
0.0717     3.9893     8.1989
0.0772     3.916      8.0953
0.0691     3.8756     8.0456
0.0765     3.8328     7.9809




















































































































































































0.0715     3.8372     7.9734     NOSE
-0.1205    3.8493     7.929
-0.314     3.8352     7.8344
-0.4561    3.8539     7.6818
-0.5378    3.7829     7.4511
-0.6416    3.7244     7.3333
-0.7542    3.6387     7.043
-0.8352    3.573      6.8545
-0.7976    3.4645     6.6008
-0.7455    3.3622     6.4352
-0.6472    3.1403     6.2703
-0.5688    2.9462     6.128
-0.4348    2.8671     5.9924
-0.2982    2.9277     5.8234
-0.1373    3.0107     5.6836
-0.0722    3.0282     5.6505
0.0658     3.0124     5.7026
0.2378     2.9923     5.8798
0.4055     2.9662     6.0468
0.5811     2.995      6.1451
0.6874     3.2446     6.3135
0.6959     3.4203     6.4275
0.7544     3.5534     6.6287
0.7587     3.5996     6.8471
0.767      3.6686     7.0779
0.7308     3.755      7.3038
0.7175     3.8019     7.4341
0.6398     3.8219     7.5826
0.586      3.8142     7.6453
0.4044     3.7867     7.7614
0.2921     3.8516     7.9511
0.1282     3.8383     7.9484
0.0864     3.8538     7.933







































































































































































-0.0285    2.9574     5.6171     NASP-PR
-0.0605    2.8482     5.4969
-0.0656    2.7776     5.3471
-0.0632    2.7481     5.2371
-0.0653    2.7259     5.1447
-0.0809    2.7626     5.0253


































































































































































































-0.2372    4.5866     8.6148     R-PM/MAX
-0.3327    4.4757     8.4427
-0.4144    4.376      8.2889
-0.4948    4.2587     8.1164
-0.5661    4.2071     7.9859
-0.6372    4.1212     7.7863
-0.7442    4.0626     7.6474
-0.8419    3.974      7.4526
-0.9393    3.8433     7.1528
-1.002     3.7181     6.8944
-1.0766    3.617      6.5563
-1.1274    3.5723     6.3691
-1.1698    3.4776     6.1583
-1.2256    3.4203     5.9545
-1.2734    3.3595     5.8099
-1.3203    3.3402     5.5969
-1.3386    3.3772     5.4057
-1.3259    3.5201     5.2865






















































































































































































0.4871     4.6051     8.6357     L-PM/MAX
0.5689     4.4613     8.4564
0.6188     4.3127     8.2577
0.6798     4.2251     8.0866
0.7586     4.1227     7.8268
0.7867     4.0794     7.6493
0.8565     3.9703     7.4937
0.9197     3.8787     7.2762
0.9568     3.8159     7.0977
1.0089     3.7808     6.9297
1.0175     3.7067     6.7217
1.0478     3.6472     6.4733
1.0677     3.5675     6.2687
1.0964     3.4909     6.0162
1.16       3.3777     5.6654
1.1706     3.3108     5.5149
1.1914     3.321      5.3003
1.1123     3.4763     5.0988






















































































































































































-1.9683    5.7954     5.9056     ROSTRUM
-1.9315    5.7426     6.1189
-1.884     5.6741     6.31
-1.7906    5.6364     6.4945
-1.6038    5.6008     6.6502
-1.4863    5.551      6.817
-1.3965    5.4591     7.0186
-1.3608    5.4236     7.2325
-1.3571    5.3734     7.3961
-1.3703    5.3401     7.5572
-1.3485    5.3007     7.7027
-1.2992    5.2629     7.8882
-1.1965    5.1689     7.9921
-0.981     5.1144     8.1342
-0.8275    5.0881     8.2696
-0.6726    5.0418     8.3874
-0.5486    5.0186     8.4863
-0.4453    4.9792     8.5436
-0.3498    4.9481     8.6577
-0.2585    4.8655     8.8047
-0.1872    4.8298     8.9133
-0.1065    4.8073     8.954
-0.0247    4.7561     9.0179
0.1215     4.7128     9.0745
0.2926     4.7065     8.9978
0.4581     4.791      8.9455
0.6202     4.8264     8.7244
0.8138     4.8985     8.4403
0.9629     4.9214     8.2741
1.1346     5.0158     8.1281
1.2265     5.0758     8.0131
1.3792     5.0738     7.8789
1.4635     5.1898     7.6405
1.5083     5.2852     7.4667
1.4881     5.4013     7.1487
1.4955     5.5402     6.9558
1.5099     5.686      6.7514
1.5921     5.7455     6.553
1.7437     5.7508     6.408
1.8789     5.6273     6.3298
2.0244     5.6334     6.2736
2.096      5.6725     6.0783
2.1006     5.7156     5.8945
2.0839     5.7557     5.7439
2.0851     5.7706     5.6414
2.0961     5.7833     5.5263


























































































































































9999       9999       9999       SUPORB
0.3261     4.7839     11.5621
0.5608     4.8758     11.6982
0.7748     5.0122     11.8169
0.9546     5.139      11.8911
1.2142     5.2316     11.9448
1.4068     5.2814     11.9152
1.6273     5.2819     11.8505
1.8355     5.2716     11.7638
2.1138     5.3472     11.6709
2.4696     5.4309     11.5033
2.8296     5.6257     11.3564
2.9929     5.7582     11.277
3.2545     5.9675     11.1174
3.3729     6.102      11.0255
3.5355     6.2346     10.7812
3.5853     6.2903     10.5902
3.6035     6.2869     10.432
3.6111     6.3194     10.3401
3.6071     6.2984     10.1789
3.5982     6.3185     10.1322



















































































































































































9999       9999       9999       RORBIT







































































































































































































1.4507     5.7073     8.7497     LORBIT
1.6482     5.7731     8.6766
1.9104     5.8052     8.626
2.2058     5.8485     8.6652
2.4685     5.9189     8.8154
2.6654     5.9409     8.9267
2.8342     5.9748     9.0963
2.9807     6.0229     9.281
3.0728     6.0506     9.4941
3.1887     6.0308     9.8112
3.1465     6.0458     9.9593
3.167      5.9951     10.1783
3.1299     5.8903     10.3768
3.0128     5.7542     10.6179
2.8627     5.588      10.7996
2.6833     5.4385     10.9057
2.4717     5.3655     10.9411
2.2344     5.2011     10.9632
1.9324     5.1437     10.9195
1.6403     5.092      10.9479
1.5049     5.07       10.9832
1.2        5.0111     10.9723
1.0191     4.9879     10.9281
0.8097     5.001      10.8155
0.6983     5.0473     10.6914
0.6022     5.1235     10.5494
0.5536     5.1247     10.4797
0.4762     5.2438     10.2534
0.4982     5.359      10.1173
0.5128     5.3759     10.0019










































































































































































9999       9999       9999       RTEMFOS







































































































































































































9999       9999       9999       LTEMFOS







































































































































































































-0.1333    2.262      10.7204    OP
9999       9999       9999       BA
0.2787     7.8172     10.5031    ST
0.5646     11.2117    10.5722    IV
-3.3314    4.5183     10.3543    R_PG
9999       9999       9999       R_ZTI
-1.4019    7.9984     11.3159    R_M3D
-1.5221    9.9355     11.355     R_M12
-0.8782    11.6279    11.1747    R_MP3
-0.5879    12.2324    11.047     R_PMI
3.2598     4.08       10.0273    L_PG
9999       9999       9999       L_ZTI
2.0441     7.8453     11.1219    L_M3D
2.4702     9.6893     11.2231    L_M12
2.0985     11.4563    10.8973    L_MP3
1.8232     11.9786    10.9766    L_PMI
2.1557     11.8641    10.9238    O1
-2.819     7.6258     6.2975     O2
4.0391     4.3931     9.1468     O3
-1.3239    0.3023     7.8672     O4




















































































































































































9999       9999       9999       RZYGINF







































































































































































































9999       9999       9999       LZYGINF







































































































































































































-1.418     8.0312     11.2846    R-ALV
-1.5628    8.2858     11.3524
-1.6421    8.6112     11.3626
-1.5778    8.947      11.3248
-1.5724    9.1792     11.2784
-1.6024    9.4592     11.3583
-1.6081    9.7021     11.2697
-1.5121    9.932      11.2752
-1.4491    10.1507    11.1983
-1.4214    10.3541    11.2166
-1.3301    10.5665    11.1379
-1.2423    10.7322    11.0955
-1.1773    11.0439    11.1579
-1.1359    11.1888    11.0826
-1.1078    11.3385    11.0673
-1.0939    11.473     11.0607
-1.0485    11.6175    11.0208
-1.0377    11.659     11.0275






















































































































































































2.158      7.8928     11.118     L-ALV
2.2914     8.0686     11.099
2.3623     8.2304     11.1181
2.4188     8.5383     11.0908
2.3908     8.8085     11.1351
2.4114     8.9547     11.1404
2.4386     9.1955     11.1409
2.4957     9.3658     11.1449
2.4864     9.6248     11.1305
2.4256     9.9085     11.0839
2.3963     10.1236    11.0245
2.3207     10.4614    10.9628
2.26       10.7366    10.9129
2.1905     10.9775    10.9363
2.1649     11.1823    10.8939
2.1354     11.341     10.9126
2.1074     11.4627    10.8947
