BM(NH)     ZD.1961.759Phk9stv
-0.2284    12.8651    11.0219    IN
-0.3593    7.7985     13.9529    BR
-0.3832    3.7126     10.2878    GL
-0.4157    3.8146     10.0439    NA
-0.4981    2.7863     7.2952     RH
-0.5461    2.3128     5.1361     NS
-0.5658    2.2185     4.4467     PR
-1.17      2.3554     4.6672     R_PR2
-0.8032    3.4531     7.9436     R_PMS
-3.1372    5.9567     6.8526     R_ZMI
-1.9377    4.9075     8.5856     R_ZMU
-0.6925    4.4127     9.3273     R_DA
-1.9682    4.1704     10.575     R_MTI
-1.9465    4.3439     11.0025    R_MTS
-3.1269    5.1076     9.835      R_FMO
-3.4314    5.4772     10.0808    R_FMT
-3.5062    9.6831     9.5771     R_PO
-3.8729    6.5889     7.9437     R_ZTS
0.1425     2.3345     4.5764     L_PR2
-0.1427    3.4384     7.8968     L_PMS
2.2938     5.7481     6.904      L_ZMI
1.0103     4.791      8.6542     L_ZMU
-0.0957    4.4745     9.4367     L_DA
1.0604     4.0446     10.5613    L_MTI
0.9573     4.1343     10.911     L_MTS
2.3843     4.9855     9.8297     L_FMO
2.7061     5.3254     10.1459    L_FMT
2.6888     9.5881     9.5115     L_PO
3.1259     6.5381     8.0583     L_ZTS
0.1651     2.3286     5.4146     O1
-3.1602    5.4392     10.7915    O2
3.386      8.2064     8.6052     O3
-0.8988    12.7171    11.1719    O4







































































































































































-0.4159    3.7139     10.2487    GLRH
-0.4308    3.8209     9.9946
-0.4114    3.9537     9.7489
-0.4391    3.9944     9.5413
-0.4389    3.9813     9.348
-0.432     3.9319     9.1536
-0.4217    3.8056     8.7872
-0.4235    3.7013     8.5113
-0.3921    3.5495     8.2316
-0.4425    3.3959     8.0739
-0.4592    3.234      7.8753
-0.499     3.1169     7.7308
-0.5047    3.021      7.6382
-0.4891    2.9286     7.5045
-0.4685    2.8624     7.4105
-0.4724    2.8385     7.377
-0.4833    2.7756     7.2594























































































































































































-0.4854    2.778      7.2951     NOSE
-0.6723    2.7826     7.2185
-0.8785    2.8837     7.1755
-1.035     2.893      6.935
-1.1275    2.8309     6.722
-1.178     2.7735     6.4321
-1.1788    2.6911     6.1396
-1.1688    2.5792     5.942
-1.0666    2.4193     5.7427
-0.9283    2.2938     5.5892
-0.776     2.2025     5.3185
-0.6521    2.2384     5.1819
-0.5213    2.282      5.1233
-0.3547    2.223      5.2421
-0.2062    2.2292     5.4692
-0.1349    2.2642     5.5984
-0.0864    2.3545     5.7013
-0.0338    2.4736     5.7959
0.0564     2.5441     5.9004
0.1589     2.5887     6.0138
0.2059     2.6483     6.1517
0.2151     2.7067     6.3127
0.2071     2.7223     6.4916
0.1597     2.7506     6.6362
0.1187     2.7905     6.7653
0.0725     2.8229     6.9368
0.0205     2.8479     7.0571
-0.0577    2.8571     7.199
-0.3165    2.7815     7.2218
-0.5232    2.8092     7.2624










































































































































































-0.5363    2.2532     5.0813     NASP-PR
-0.5511    2.186      4.9685
-0.5201    2.1184     4.745
-0.5121    2.1211     4.6122
-0.5212    2.1558     4.4864



































































































































































































-0.8344    3.4042     7.865      R-PM/MAX
-0.8954    3.264      7.6903
-0.9613    3.1516     7.5529
-1.0655    3.0824     7.3455
-1.1427    3.0167     7.11
-1.2303    3.0034     6.9681
-1.274     2.9287     6.7253
-1.3501    2.8615     6.5122
-1.4066    2.8275     6.3326
-1.4659    2.8475     6.0656
-1.5117    2.8543     5.8259
-1.5234    2.817      5.633
-1.5622    2.8107     5.4312
-1.6178    2.7942     5.2234
-1.657     2.8022     5.0932
-1.5784    2.9491     4.8753
























































































































































































-0.1442    3.413      7.8717     L-PM/MAX
-0.0783    3.2781     7.6984
0.003      3.1373     7.5312
0.0455     3.0463     7.4048
0.0834     3.0055     7.2646
0.1502     2.9384     7.0677
0.2132     2.9057     6.9228
0.2932     2.8769     6.7845
0.3221     2.8431     6.633
0.3715     2.8162     6.5042
0.3761     2.7521     6.3631
0.4318     2.7644     6.0793
0.487      2.7727     5.8811
0.5325     2.7781     5.6861
0.5458     2.7624     5.513
0.6092     2.72       5.2593
0.6797     2.7205     5.1135
0.6696     2.8887     4.9052






















































































































































































-2.289     5.0633     6.0362     ROSTRUM
-2.2189    4.9493     6.1774
-2.0537    4.8976     6.3247
-1.8842    4.8485     6.4813
-1.8203    4.7344     6.6456
-1.7997    4.6829     6.8324
-1.8216    4.6103     7.0308
-1.8425    4.5342     7.2557
-1.7981    4.3918     7.4844
-1.7167    4.2854     7.6501
-1.5738    4.1941     7.8005
-1.4149    4.1126     7.9121
-1.1688    4.0266     8.0445
-1.0149    3.9674     8.1876
-0.9111    3.8739     8.3084
-0.8189    3.813      8.4103
-0.7194    3.7621     8.4994
-0.6502    3.7335     8.501
-0.4877    3.7013     8.5219
-0.3099    3.7184     8.4654
-0.1089    3.8375     8.4286
0.0182     3.944      8.2743
0.1785     4.0445     8.0996
0.3987     4.1033     8.0049
0.6099     4.179      7.8872
0.8073     4.3025     7.7466
0.913      4.4141     7.4996
0.9717     4.5767     7.2785
0.9205     4.6725     6.9707
0.9225     4.7592     6.7024
1.0414     4.8416     6.548
1.1939     4.8869     6.4855
1.4285     4.9383     6.4362
1.495      5.0083     6.1719
1.4623     5.0314     6.0226
1.5115     5.1117     5.9148




































































































































































-3.436     5.4588     10.147     SUPORB
-3.4122    5.3286     10.3336
-3.3399    5.2228     10.5074
-3.1704    5.1209     10.729
-2.9544    4.9537     10.8571
-2.7546    4.818      10.9481
-2.605     4.6874     10.9754
-2.4308    4.5779     10.9785
-2.132     4.5013     11.0694
-1.7872    4.4443     11.1908
-1.4808    4.409      11.2861
-1.1387    4.2665     11.2449
-0.8058    4.1219     11.087
-0.6165    4.008      10.9504
-0.3998    3.9631     10.8893
-0.0586    4.0249     10.9773
0.0956     4.0911     11.0652
0.3473     4.1961     11.1726
0.6577     4.293      11.2064
0.9287     4.2978     11.1561
1.2061     4.3339     11.072
1.4665     4.4084     11.0168
1.6947     4.5693     11.003
2.1374     4.7976     10.8842
2.3605     4.9602     10.7274
2.5375     5.1171     10.5626
2.6222     5.1907     10.4115
2.6705     5.2575     10.2777
2.7007     5.3163     10.1682
2.7146     5.368      10.0689










































































































































































-1.9505    4.9463     8.6001     RORBIT
-2.2186    5.0069     8.5995
-2.4527    5.1056     8.698
-2.7574    5.1751     8.9102
-2.8971    5.1815     9.0785
-3.0422    5.1845     9.2843
-3.1364    5.1693     9.5117
-3.1622    5.1345     9.7051
-3.1725    5.0784     9.8709
-3.1684    5.0245     10.1084
-3.0738    4.9332     10.2753
-2.9501    4.7949     10.4312
-2.7818    4.614      10.5777
-2.6001    4.491      10.6158
-2.2377    4.2918     10.6293
-1.9723    4.169      10.5869
-1.7814    4.144      10.5165
-1.4799    4.0849     10.4622
-1.2722    4.0735     10.4613
-1.0109    4.1157     10.405
-0.8677    4.1077     10.3195
-0.7273    4.1293     10.1036
-0.6206    4.2382     9.767
-0.5943    4.277      9.6191
-0.623     4.3527     9.4746
-0.7054    4.4153     9.3046














































































































































































1.028      4.8109     8.6563     LORBIT
1.1905     4.8969     8.6248
1.3636     4.9402     8.6384
1.5546     4.9859     8.6914
1.7229     5.0366     8.7635
1.8934     5.0291     8.8732
2.109      5.0156     9.0331
2.1462     5.1102     9.1704
2.2515     5.1026     9.3304
2.3364     5.0719     9.4925
2.4212     5.0174     9.6014
2.3533     5.011      9.8182
2.3641     4.9474     10.0607
2.2583     4.7872     10.3267
2.0604     4.6512     10.5168
1.9578     4.4559     10.6037
1.7317     4.3423     10.6482
1.573      4.2539     10.6701
1.3846     4.1613     10.6567
1.1302     4.0815     10.592
0.9025     4.0517     10.4998
0.761      4.0466     10.4888
0.6102     4.0301     10.48
0.271      4.0107     10.4426
0.0114     4.0883     10.2112
-0.1238    4.2408     9.8452
-0.161     4.3365     9.6601
-0.1494    4.3849     9.5668
-0.1385    4.4246     9.5173
-0.1036    4.4668     9.3996










































































































































































-3.4218    5.4811     10.0991    RTEMFOS
-3.4966    5.4929     9.8717
-3.5061    5.5055     9.6302
-3.5133    5.493      9.4791
-3.4748    5.4887     9.2299
-3.4617    5.477      8.9763
-3.4113    5.4906     8.7482
-3.3946    5.484      8.5664
-3.3866    5.5233     8.2865
-3.3838    5.6243     8.0875
-3.4319    5.7139     7.9214
-3.512     5.8235     7.745
-3.6487    6.0154     7.6308
-3.7305    6.1762     7.644
-3.7732    6.3467     7.7486
-3.8793    6.4746     7.8134
-3.8518    6.5374     7.8801
-3.8625    6.6053     7.9549






















































































































































































2.7195     5.3237     10.0579    LTEMFOS
2.7561     5.3986     9.8944
2.759      5.3798     9.6337
2.7638     5.4106     9.3968
2.7231     5.3561     9.1362
2.6833     5.3407     8.8622
2.6504     5.3858     8.6837
2.6347     5.3815     8.4724
2.6345     5.4441     8.2421
2.6175     5.4622     7.9879
2.6851     5.5796     7.8944
2.7768     5.721      7.7473
2.8767     5.9405     7.688
2.9716     6.1253     7.7289
3.0654     6.3173     7.8172
3.1323     6.4293     7.912
3.1806     6.5196     7.9604
3.1807     6.5748     8.0452






















































































































































































0.2105     3.0597     10.9417    OP
0.1035     5.0338     11.0724    BA
0.016      8.3872     10.0439    ST
-0.0774    11.8618    10.1344    IV
-2.8707    5.017      10.044     R_PG
-3.6735    6.6839     9.7322     R_ZTI
-1.7297    8.31       10.7993    R_M3D
-1.9282    10.1121    10.6095    R_M12
-1.5757    11.9087    10.4938    R_MP3
-1.1782    12.4556    10.5457    R_PMI
3.0507     5.0971     9.9152     L_PG
3.8062     6.9131     9.7168     L_ZTI
1.7642     8.457      10.6829    L_M3D
1.8019     10.2404    10.7406    L_M12
1.3002     12.0594    10.4912    L_MP3
0.9794     12.5185    10.5452    L_PMI
0.4804     12.7559    9.6649     O1
-2.8108    7.6461     6.3314     O2
3.8011     6.2899     9.565      O3
-0.5494    0.9647     9.2689     O4




















































































































































































-2.7467    8.8464     10.1226    RZYGINF
-2.9159    8.7713     10.0794
-3.1163    8.6442     10.0892
-3.2815    8.4819     10.1379
-3.3952    8.1542     10.1708
-3.4399    7.9045     10.1558
-3.4774    7.6741     10.1371
-3.5107    7.4662     10.0656
-3.524     7.2168     10.0336
-3.5882    7.0046     9.9446
-3.6414    6.8847     9.8628
-3.6811    6.7848     9.7881
-3.6852    6.6874     9.7343



























































































































































































2.6871     9.0169     10.0574    LZYGINF
2.8956     8.9326     10.0098
3.0201     8.8702     10.0375
3.1692     8.7556     10.0994
3.2956     8.5141     10.1332
3.3966     8.3121     10.1451
3.4572     8.0896     10.1412
3.4486     7.8922     10.1223
3.5008     7.7192     10.0773
3.5551     7.5149     10.0076
3.59       7.3088     9.9578
3.664      7.1322     9.8653
3.737      6.984      9.7808
3.7521     6.9586     9.748
3.7627     6.8846     9.7234

























































































































































































-1.8101    8.3735     10.725     R-ALV
-1.9196    8.5731     10.7255
-1.948     8.8222     10.7404
-1.9817    9.195      10.747
-1.9697    9.4864     10.7178
-1.9577    9.7754     10.6298
-1.9165    10.0683    10.528
-1.8945    10.3024    10.59
-1.8959    10.5726    10.6273
-1.7153    10.95      10.491
-1.6869    11.2488    10.5245
-1.6422    11.5129    10.5756
-1.6115    11.6756    10.5747
-1.5085    12.0414    10.4988


























































































































































































1.6931     8.5159     10.6455    L-ALV
1.8206     8.837      10.6937
1.9013     9.2197     10.5785
1.8516     9.5448     10.6049
1.8375     9.9579     10.5446
1.7606     10.3016    10.5416
1.683      10.5442    10.5401
1.6467     10.7814    10.4823
1.5357     11.0768    10.5154
1.4388     11.3503    10.4677
1.3874     11.5721    10.4913
1.3431     11.8139    10.4626
1.305      12.0629    10.4674
