MNHN       1901-515   Php15stv
-1.404     17.7806    12.5203    IN
-1.0538    12.7605    15.1178    BR
-1.146     7.2414     13.1233    GL
-1.1539    7.2869     12.6267    NA
-1.1967    4.2032     8.854      RH
-1.0634    2.0862     6.4294     NS
-1.0135    1.5313     5.4428     PR
-2.016     2.0104     5.6282     R_PR2
-1.4591    6.4143     10.4584    R_PMS
-4.7322    8.1037     8.1443     R_ZMI
-3.0589    7.5558     10.5892    R_ZMU
-1.4959    7.4676     11.9986    R_DA
-3.0911    7.868      13.0607    R_MTI
-2.9676    8.3751     13.8077    R_MTS
-4.397     8.5693     11.8817    R_FMO
-4.9213    9.3574     12.177     R_FMT
-5.3858    14.2822    10.2017    R_PO
-5.8737    9.4568     9.2183     R_ZTS
-0.0007    1.902      5.6942     L_PR2
-0.8688    6.7017     10.7001    L_PMS
2.3927     8.1394     8.0251     L_ZMI
0.7183     7.7095     10.622     L_ZMU
-0.6637    7.7027     11.8751    L_DA
1.0166     7.8251     13.2436    L_MTI
0.7695     8.57       13.7866    L_MTS
2.0749     8.6472     11.8821    L_FMO
2.6137     9.2277     12.1379    L_FMT
2.8728     14.2933    10.2866    L_PO
3.4842     9.5549     9.2864     L_ZTS
-0.4462    1.2333     5.2853     O1
-4.497     9.3644     13.0018    O2
4.0874     11.5131    10.1667    O3
-0.3933    17.7437    12.2747    O4







































































































































































-1.1637    7.2317     13.1328    GLRH
-1.1761    7.2595     12.7755
-1.2313    7.2896     12.5264
-1.2238    7.2754     12.3311
-1.2101    7.2185     12.1444
-1.2123    7.1702     11.9234
-1.2344    7.1142     11.7486
-1.2206    7.0211     11.5517
-1.21      6.9048     11.334
-1.2136    6.8471     11.1827
-1.2111    6.7326     11.0327
-1.1888    6.5606     10.8761
-1.208     6.3793     10.7031
-1.2072    6.1616     10.5368
-1.2216    6.0461     10.4444
-1.207     5.9297     10.32
-1.2195    5.7843     10.1841
-1.2186    5.5886     10.0249
-1.1936    5.4426     9.9122
-1.1848    5.249      9.7582
-1.1628    5.0247     9.61
-1.1751    4.8302     9.4655
-1.2119    4.6675     9.3051
-1.22      4.5138     9.1935
-1.2169    4.3879     9.0919
-1.2408    4.2862     8.9938
-1.2168    4.1661     8.8613













































































































































































-1.1286    4.2188     8.8418     NOSE
-1.3569    4.1922     8.8115
-1.5509    4.1636     8.7555
-1.7385    4.1247     8.6797
-1.8308    4.001      8.5429
-1.9778    3.8435     8.3796
-2.0346    3.6289     8.1482
-2.0738    3.3745     7.8963
-2.0971    3.1224     7.6189
-2.0357    2.8942     7.3181
-1.9596    2.6509     7.117
-1.7626    2.4098     6.9574
-1.61      2.2419     6.846
-1.3748    2.1286     6.636
-1.2287    2.1216     6.5048
-0.9886    2.101      6.4417
-0.8496    2.1253     6.552
-0.7075    2.2337     6.7349
-0.5294    2.3094     6.9341
-0.3847    2.5037     7.1008
-0.3077    2.6139     7.1765
-0.1961    2.7216     7.3112
-0.1544    2.873      7.4512
-0.1491    3.0484     7.6843
-0.1874    3.2402     7.8454
-0.2358    3.3876     7.9811
-0.2518    3.5595     8.1356
-0.285     3.6633     8.2835
-0.3291    3.7917     8.4489
-0.3549    3.897      8.5689
-0.3796    4.0163     8.6617
-0.5156    4.1357     8.7616
-0.6646    4.1569     8.8224
-0.8087    4.1673     8.8186
-0.9777    4.2        8.8643
-1.1402    4.2232     8.8378




































































































































































-1.0558    2.0425     6.4265     NASP-PR
-1.0559    1.8793     6.2772
-1.0968    1.7619     6.1424
-1.0704    1.6261     5.9947
-1.0447    1.5538     5.7928
-1.0201    1.5232     5.6991
-1.0279    1.5317     5.607
-0.9835    1.5053     5.4653
































































































































































































-1.4777    6.429      10.4988    R-PM/MAX
-1.4975    6.2743     10.3691
-1.5219    6.1112     10.2179
-1.5429    5.8598     10
-1.5919    5.6949     9.8635
-1.6524    5.4487     9.7167
-1.7261    5.2401     9.5813
-1.7981    5.1098     9.4542
-1.932     4.9362     9.2847
-2.0654    4.7639     9.0804
-2.1507    4.6093     8.9632
-2.2516    4.4547     8.8752
-2.2597    4.3502     8.8187
-2.259     4.2011     8.6648
-2.3009    4.0714     8.5408
-2.3374    3.9068     8.3848
-2.4715    3.7233     8.1206
-2.551     3.5713     7.8279
-2.6116    3.4099     7.4006
-2.631     3.3526     7.1342
-2.6864    3.2349     6.8196
-2.7593    3.2241     6.7074
-2.8219    3.1715     6.5452
-2.8597    3.0947     6.2758
-2.8754    3.014      6.1135
-2.8992    3.0388     5.8484
-2.657     3.0732     5.4729













































































































































































-0.8823    6.665      10.6511    L-PM/MAX
-0.8148    6.4843     10.4427
-0.7676    6.3442     10.3023
-0.7322    6.1916     10.1499
-0.7209    6.0195     10.0347
-0.6831    5.8926     9.9338
-0.6402    5.7516     9.8272
-0.5966    5.5608     9.7064
-0.5077    5.3097     9.5439
-0.3867    5.105      9.4378
-0.3503    4.9957     9.338
-0.2533    4.8126     9.1818
-0.1909    4.6222     9.0491
-0.0421    4.4125     8.9311
0.0059     4.1988     8.8447
0.0781     4.0022     8.6565
0.1716     3.8556     8.4472
0.293      3.6458     8.1918
0.3832     3.5365     7.9374
0.4736     3.4384     7.6892
0.5275     3.2834     7.2917
0.6041     3.2519     7.0574
0.6555     3.1491     6.827
0.6818     3.0621     6.6421
0.7388     2.9505     6.4658
0.8395     2.9079     6.2084
0.8608     2.8737     5.9862
0.8414     2.8888     5.7772
0.7244     2.9638     5.5523











































































































































































-3.7774    6.9711     6.3111     ROSTRUM
-3.7706    6.9196     6.5632
-3.7706    6.8292     6.8935
-3.6886    6.7779     7.1295
-3.5998    6.7501     7.254
-3.4537    6.7178     7.4402
-3.3227    6.6487     7.5433
-3.1506    6.5866     7.7495
-3.0788    6.4409     7.9674
-2.9781    6.3485     8.3061
-2.9429    6.3151     8.4806
-2.907     6.2503     8.6527
-2.8853    6.2263     8.8609
-2.8566    6.2175     9.0544
-2.8032    6.2205     9.2756
-2.7576    6.157      9.4523
-2.727     6.1668     9.6051
-2.6925    6.1081     9.7876
-2.5016    6.158      9.8691
-2.3251    6.1861     9.9437
-2.1456    6.1805     9.979
-2.0245    6.1832     10.0474
-1.8757    6.1768     10.1001
-1.7187    6.198      10.1982
-1.5559    6.1533     10.2442
-1.4229    6.1463     10.3102
-1.2653    6.0992     10.4046
-1.058     6.0827     10.4042
-0.9508    6.1012     10.3249
-0.8268    6.1875     10.2264
-0.7121    6.1915     10.1834
-0.5646    6.2078     10.1493
-0.339     6.234      10.0776
-0.1548    6.2751     10.0438
0.0421     6.2936     10.0033
0.2189     6.333      9.9914
0.3698     6.3191     9.9437
0.4202     6.4138     9.7997
0.5029     6.4469     9.6485
0.5452     6.4856     9.5088
0.5887     6.6403     9.2211
0.6185     6.6521     9.0005
0.6432     6.6694     8.8453
0.6596     6.6938     8.664
0.6944     6.7415     8.5238
0.7613     6.8046     8.303
0.8305     6.8189     8.138
0.9303     6.8725     7.991
1.0305     6.9005     7.8396
1.132      6.9225     7.7256
1.3037     6.9278     7.5427
1.4462     6.9868     7.4021
1.5619     7.0396     7.1696
1.6105     7.093      7.0001
1.6233     7.1364     6.7899
1.6122     7.185      6.6444
1.6105     7.2441     6.4932
1.6388     7.3112     6.3608
1.6321     7.35       6.2826
1.6097     7.3532     6.2099












































































































































-4.929     9.2917     12.1952    SUPORB
-4.8878    9.2205     12.4671
-4.7614    9.1768     12.8173
-4.4922    9.0269     13.1043
-4.3245    8.9152     13.2516
-4.0126    8.7719     13.4532
-3.791     8.6882     13.5633
-3.5121    8.5305     13.68
-3.2749    8.528      13.7889
-3.0239    8.5213     13.8604
-2.8394    8.5167     13.914
-2.6215    8.3353     13.9309
-2.2819    8.1539     13.9429
-2.1564    8.1449     13.9329
-1.9053    8.0165     13.9104
-1.7393    7.9485     13.8823
-1.5272    7.9825     13.8443
-1.3306    7.8017     13.7862
-1.1225    7.7599     13.7823
-0.8058    7.7532     13.8102
-0.631     7.88       13.8511
-0.3264    8.0746     13.9052
-0.112     8.1335     13.921
0.1505     8.2253     13.919
0.4251     8.305      13.8785
0.6165     8.3846     13.8401
0.7647     8.4149     13.811
0.9325     8.4675     13.7496
1.0962     8.4796     13.6999
1.2351     8.5643     13.6339
1.3486     8.644      13.5958
1.4926     8.7613     13.5302
1.6355     8.8632     13.4546
1.7551     8.9393     13.3922
1.834      9.0235     13.3427
1.9399     9.0743     13.2904
2.034      9.0916     13.2298
2.1338     9.1396     13.1556
2.1891     9.3733     12.9737
2.3331     9.2976     12.7941
2.3941     9.3784     12.6274
2.5083     9.319      12.3158






























































































































































-3.0556    7.543      10.6068    RORBIT
-3.2543    7.5894     10.5631
-3.4511    7.6617     10.5511
-3.7346    7.7713     10.594
-3.8839    7.856      10.6519
-3.9916    7.9163     10.6957
-4.0765    7.9848     10.7823
-4.1502    8.0694     10.869
-4.2496    8.1598     10.9894
-4.3094    8.2383     11.1093
-4.3715    8.3439     11.305
-4.4294    8.4327     11.4959
-4.4984    8.4869     11.6755
-4.4865    8.5501     11.8622
-4.48      8.5768     12.0217
-4.4605    8.5665     12.2063
-4.3839    8.4873     12.3846
-4.2639    8.4647     12.5201
-4.1518    8.3504     12.7001
-3.9204    8.2467     12.8366
-3.7282    8.1369     12.9502
-3.4169    8.0094     12.998
-3.2579    7.8979     13.0376
-2.9728    7.755      13.0043
-2.7012    7.6183     12.9843
-2.4404    7.6534     13.0021
-2.031     7.6727     13.0131
-1.8427    7.5671     12.8813
-1.7202    7.623      12.6308
-1.6402    7.5571     12.5
-1.5547    7.5113     12.3303
-1.5542    7.5122     12.2052
-1.5391    7.501      12.0524







































































































































































0.2361     7.5504     10.7278    LORBIT
0.4881     7.5941     10.6582
0.6536     7.6678     10.62
0.9235     7.7154     10.5916
1.1597     7.7781     10.571
1.434      7.9217     10.6358
1.7191     8.0075     10.7159
1.746      8.1207     10.8611
1.8144     8.2873     11.0081
1.8943     8.3233     11.1212
1.9208     8.4179     11.2317
1.9626     8.5303     11.3948
2.0127     8.631      11.5396
2.04       8.6501     11.7792
1.9757     8.7074     11.9312
1.9612     8.6984     12.1068
1.9259     8.6946     12.3529
1.9002     8.553      12.6292
1.7799     8.4236     12.8132
1.6184     8.3135     12.9724
1.3523     8.1749     13.0792
1.1307     8.042      13.1278
0.8903     7.929      13.1364
0.5765     7.7664     13.0633
0.3715     7.6716     12.9903
-0.1464    7.5997     13.1108
-0.5119    7.5632     12.8553
-0.6805    7.5057     12.6668
-0.75      7.5648     12.3204
-0.7588    7.6039     12.0891
-0.6991    7.6624     11.983
-0.6312    7.7076     11.7378








































































































































































-4.9199    9.2245     12.2841    RTEMFOS
-4.9691    9.245      12.1855
-5.0401    9.2737     12.0462
-5.1277    9.2514     11.8239
-5.1591    9.1847     11.6211
-5.2122    9.1019     11.5056
-5.2499    9.0712     11.3631
-5.2595    9.0484     11.223
-5.2571    8.9817     11.0332
-5.2551    8.896      10.8925
-5.2506    8.7623     10.6754
-5.2353    8.6737     10.5028
-5.2399    8.615      10.318
-5.2392    8.5427     10.1486
-5.2326    8.5446     10.0091
-5.2425    8.514      9.9262
-5.2479    8.4694     9.8071
-5.3296    8.4601     9.5813
-5.373     8.5103     9.4401
-5.5051    8.5782     9.2828
-5.5627    8.7265     9.1955
-5.6795    8.843      9.1258
-5.8041    9.0823     9.1107
-5.8512    9.2308     9.1263
-5.8866    9.4746     9.2237















































































































































































2.5341     9.2771     12.2399    LTEMFOS
2.6094     9.2268     12.0811
2.6908     9.1736     11.8914
2.7293     9.2263     11.6743
2.7479     9.1611     11.5962
2.6955     9.0849     11.3381
2.718      9.0302     11.2251
2.7393     8.9222     10.9927
2.739      8.8159     10.6884
2.7251     8.7628     10.4889
2.7286     8.6824     10.3537
2.729      8.6382     10.1266
2.7678     8.5593     9.907
2.7997     8.544      9.6491
2.8515     8.5478     9.4967
2.9719     8.5413     9.2852
3.092      8.7651     9.1595
3.1919     8.9544     9.1249
3.2291     9.0653     9.1222
3.291      9.1735     9.1257
3.3845     9.2895     9.1333
3.4333     9.338      9.1518
3.5095     9.4438     9.1543
3.4876     9.5608     9.2742
















































































































































































0.1707     4.0888     12.1867    OP
0.2368     6.2731     12.3442    BA
0.5313     11.3241    11.5236    ST
0.93       16.4111    11.6543    IV
-3.6753    6.4773     11.4642    R_PG
-4.6989    8.9636     10.8284    R_ZTI
-1.7443    11.2051    12.0766    R_M3D
-1.9212    13.821     12.5568    R_M12
-1.2388    16.5815    12.2249    R_MP3
-0.4816    17.6872    12.1172    R_PMI
4.226      6.1355     11.3292    L_PG
5.6        8.4374     10.4962    L_ZTI
2.6072     10.8015    12.0966    L_M3D
3.3974     13.4351    12.5253    L_M12
3.28       16.2687    12.1924    L_MP3
2.5796     17.7962    12.047     L_PMI
1.6441     19.5132    11.7002    O1
-2.9283    9.6562     6.6008     O2
5.6025     8.0966     9.791      O3
0.781      1.5878     9.5221     O4




















































































































































































-3.06      12.0252    11.1005    RZYGINF
-3.226     11.8297    11.095
-3.4245    11.6526    11.0903
-3.596     11.4302    11.1393
-3.7627    11.2523    11.166
-3.8576    11.1312    11.177
-4.0103    10.8512    11.1932
-4.145     10.5733    11.234
-4.219     10.2672    11.2715
-4.3465    10.0542    11.2691
-4.3672    9.8649     11.2218
-4.4503    9.7148     11.2071
-4.5144    9.5592     11.1465
-4.6091    9.3818     11.0544
-4.673     9.2027     10.9935
-4.7326    9.0941     10.9407
-4.7676    9.0323     10.8673
-4.7812    8.9727     10.8251






















































































































































































4.1022     11.7163    11.1082    LZYGINF
4.2371     11.5238    11.0625
4.3938     11.3428    11.0565
4.4778     11.1796    11.0605
4.5404     11.0458    11.0659
4.6237     10.8646    11.08
4.7237     10.7187    11.1229
4.8038     10.5583    11.115
4.8562     10.4095    11.1207
4.9038     10.2115    11.1477
4.975      9.9814     11.1846
5.0613     9.688      11.1696
5.1963     9.3456     11.0847
5.2614     9.1652     11.0063
5.3298     8.9566     10.8727
5.3797     8.7751     10.7933
5.4534     8.6254     10.7109
5.5445     8.5779     10.6316
5.5716     8.5243     10.5855
5.5901     8.4168     10.4909




















































































































































































-1.6802    11.1714    12.1192    R-ALV
-1.8168    11.4357    12.2277
-1.9581    11.7218    12.2753
-2.0931    12.1357    12.2284
-1.9802    12.5897    12.3639
-2.0192    12.8735    12.4657
-2.0126    13.1626    12.5568
-1.9647    13.5721    12.5753
-1.8801    13.8086    12.5886
-1.8327    14.1313    12.5458
-1.7768    14.4469    12.5496
-1.6698    14.7599    12.5324
-1.5582    14.9481    12.5451
-1.5359    15.1688    12.4897
-1.5494    15.338     12.4218
-1.497     15.6029    12.4631
-1.4834    15.7513    12.4571
-1.5027    15.9739    12.3696
-1.4932    16.1614    12.2672
-1.4454    16.3833    12.1455
-1.3311    16.5527    12.1977



















































































































































































2.5619     10.9366    12.1333    L-ALV
2.7469     11.1662    12.1981
2.8667     11.3698    12.2671
3.0229     11.6061    12.3257
3.108      11.8297    12.4189
3.2304     12.1055    12.3869
3.3058     12.3863    12.3942
3.3897     12.6743    12.3811
3.4144     12.9944    12.3919
3.3926     13.2715    12.4355
3.3695     13.5665    12.4373
3.3496     13.7816    12.4452
3.3416     14.0137    12.4414
3.3187     14.3789    12.404
3.2441     14.6656    12.3785
3.2265     14.9316    12.3621
3.234      15.1743    12.3884
3.2385     15.4045    12.3747
3.2579     15.6481    12.3767
3.2726     15.8484    12.3577
3.2953     15.979     12.3121
3.2959     16.1366    12.2582
3.2746     16.2663    12.172
