AMNH       169432     Phu1mam
-0.4701    20.9313    13.9296    IN
-0.2839    15.7411    16.4708    BR
0.3804     9.3235     15.7774    GL
0.336      9.2372     15.3313    NA
0.4491     3.8793     9.1082     RH
0.6407     1.1641     5.7238     NS
0.6929     0.8862     4.0743     PR
-0.4628    1.1631     4.2248     R_PR2
-0.5307    4.8567     9.544      R_PMS
-3.8785    9.0026     9.047      R_ZMI
-2.0331    9.1876     13.0722    R_ZMU
-0.1804    9.3914     14.2551    R_DA
-2.0767    9.3907     15.5878    R_MTI
-2.0566    10.3257    16.5244    R_MTS
-3.5658    10.0028    14.2087    R_FMO
-4.555     10.7554    14.1699    R_FMT
-4.7283    16.7668    11.8073    R_PO
-5.6215    11.0497    10.6065    R_ZTS
1.7122     1.1983     4.2232     L_PR2
1.2931     4.7456     9.5272     L_PMS
4.1405     9.6005     8.776      L_ZMI
2.518      9.4438     12.92      L_ZMU
0.7622     9.4257     14.2019    L_DA
2.8728     9.7123     15.4233    L_MTI
2.8145     10.7027    16.3315    L_MTS
3.8183     10.3495    13.5613    L_FMO
4.8662     11.4172    14.0917    L_FMT
4.0092     17.1869    11.3537    L_PO
5.5798     11.3642    10.3519    L_ZTS
1.4307     0.6258     4.2365     O1
3.9345     11.572     15.6156    O2
-5.6128    15.2763    11.194     O3
0.3101     20.5342    13.3243    O4







































































































































































0.3762     9.3097     15.8493    GLRH
0.3641     9.2956     15.7412
0.3565     9.258      15.5852
0.3656     9.2479     15.4854
0.348      9.2213     15.3211
0.3737     9.157      14.9692
0.3776     9.1446     14.7332
0.3631     9.1092     14.4318
0.3803     9.0473     14.2012
0.3876     8.9752     14.0229
0.3771     8.8437     13.8174
0.3861     8.7221     13.6316
0.3775     8.5733     13.4468
0.3978     8.426      13.284
0.3915     8.3086     13.1842
0.3937     8.1886     13.0721
0.3988     8.0906     13.0094
0.3972     7.9466     12.908
0.3901     7.7861     12.8
0.3957     7.6437     12.672
0.3981     7.5129     12.5831
0.4161     7.3611     12.445
0.4213     7.2315     12.3426
0.3962     7.0305     12.1662
0.3971     6.8568     12.013
0.4016     6.7076     11.9046
0.3842     6.6023     11.7922
0.3869     6.4042     11.6489
0.3896     6.2299     11.5162
0.3955     6.1271     11.4267
0.3983     5.9467     11.3124
0.3832     5.819      11.2187
0.4104     5.6431     11.0865
0.3829     5.4972     10.9714
0.3917     5.379      10.8566
0.345      5.0662     10.5708
0.3703     4.895      10.3986
0.3516     4.7502     10.2651
0.3423     4.6193     10.1306
0.3422     4.4647     9.936
0.3318     4.3686     9.8284
0.3678     4.253      9.6671
0.3748     4.0866     9.4878
0.3894     3.9962     9.3635
0.3988     3.9079     9.2472
0.3872     3.8531     9.1132


























































































































































0.457      3.848      9.0963     NOSE
0.1339     3.9243     9.0664
-0.0639    3.8988     8.9273
-0.2918    3.8914     8.7938
-0.3376    3.8036     8.6059
-0.4123    3.7318     8.3053
-0.5043    3.5429     8.0457
-0.6348    3.3193     7.8863
-0.6796    3.1309     7.6523
-0.6955    3.0122     7.4712
-0.7052    2.7603     7.1842
-0.7744    2.5284     6.9356
-0.7559    2.1168     6.6337
-0.6474    1.843      6.446
-0.3877    1.6295     6.3571
-0.1797    1.4427     6.2886
0.0182     1.2787     6.1706
0.2185     1.17       6.0276
0.3566     1.1554     5.8192
0.5781     1.1828     5.7443
0.7755     1.1887     5.7969
0.9177     1.2042     6.0156
1.0381     1.2657     6.1409
1.2441     1.3482     6.242
1.3884     1.5329     6.3492
1.5007     1.6853     6.3787
1.621      1.8307     6.4582
1.7669     2.0339     6.5353
1.8639     2.2728     6.7325
1.8978     2.4756     6.9056
1.8947     2.61       7.0698
1.8831     2.7487     7.2036
1.8897     2.9556     7.4231
1.8572     3.0722     7.5551
1.8282     3.2251     7.7562
1.8506     3.3729     8
1.4895     3.6029     8.0711
1.3879     3.685      8.31
1.3051     3.8153     8.4772
1.1755     3.9647     8.5926
1.1477     3.9949     8.8595
0.9507     3.9847     8.9618
0.7654     3.9272     9.0879
0.4708     3.8739     9.0616




























































































































































0.6277     1.1662     5.7442     NASP-PR
0.6324     1.1025     5.6789
0.6416     1.038      5.5811
0.6509     0.9838     5.501
0.6767     0.9188     5.393
0.6618     0.8534     5.232
0.6755     0.8457     5.1226
0.6604     0.8157     4.9776
0.6823     0.8164     4.8394
0.6973     0.809      4.6655
0.7109     0.8142     4.5845
0.6931     0.8137     4.4271
0.6957     0.8007     4.3755
0.6966     0.8089     4.2945
0.6905     0.8483     4.1301

























































































































































































-0.5437    4.8269     9.5318     R-PM/MAX
-0.571     4.6411     9.3833
-0.6257    4.5244     9.2247
-0.6621    4.4092     9.093
-0.6787    4.3398     9.0155
-0.6975    4.2763     8.9196
-0.7241    4.1476     8.8003
-0.7678    3.9947     8.6929
-0.7863    3.9015     8.5878
-0.7942    3.8114     8.4897
-0.8316    3.7103     8.3819
-0.9045    3.6189     8.2743
-0.9203    3.5228     8.1411
-0.9453    3.4511     8.0184
-0.9733    3.3726     7.8762
-0.9783    3.2823     7.7061
-1.0024    3.1934     7.4943
-1.0414    3.1092     7.3322
-1.0848    3.0106     7.1471
-1.0973    2.9322     7.0085
-1.1249    2.8866     6.8969
-1.1672    2.7806     6.6821
-1.201     2.6999     6.3675
-1.2575    2.5772     6.17
-1.3235    2.4798     5.9605
-1.3782    2.2979     5.6575
-1.4929    2.3356     5.4164
-1.43      2.4025     5.0872












































































































































































1.2816     4.7046     9.5416     L-PM/MAX
1.3158     4.6131     9.3995
1.3599     4.4781     9.2394
1.4104     4.381      9.1152
1.4689     4.3557     8.987
1.5276     4.2721     8.8545
1.565      4.1842     8.7639
1.5856     4.1157     8.6943
1.6163     4.0607     8.6448
1.7137     3.9141     8.4896
1.7973     3.7961     8.334
1.8404     3.7256     8.2315
1.9177     3.5755     8.029
1.9423     3.4842     7.9118
1.9757     3.4228     7.7796
1.9883     3.345      7.6913
2.0203     3.2639     7.5095
2.053      3.172      7.3183
2.0634     3.0799     7.124
2.1158     2.9867     6.9152
2.1465     2.9086     6.7054
2.1892     2.7983     6.4815
2.2133     2.7112     6.2868
2.2749     2.5819     6.0834
2.3988     2.506      5.9207
2.4649     2.4694     5.6876
2.5711     2.5227     5.5415
2.5016     2.4842     5.2992












































































































































































-2.5438    6.9324     5.72       ROSTRUM
-2.5813    6.8422     5.9292
-2.5546    6.8135     6.0893
-2.5415    6.7885     6.2806
-2.5187    6.7551     6.4464
-2.4584    6.7308     6.5681
-2.3646    6.7007     6.7333
-2.1969    6.6575     6.9922
-2.1427    6.6003     7.149
-2.0667    6.5668     7.3194
-2.0408    6.518      7.5221
-2.0432    6.4474     7.792
-2.1216    6.3836     8.1268
-2.1624    6.3271     8.3354
-2.2969    6.256      8.6718
-2.3593    6.1928     8.9097
-2.4658    6.1185     9.1666
-2.4756    5.9687     9.4815
-2.2522    5.7909     9.9735
-2.0433    5.7618     10.0934
-1.8263    5.7565     10.1675
-1.6254    5.7952     10.172
-1.4251    5.8078     10.1102
-1.4589    5.8068     10.0108
-1.1986    5.8221     10.0748
-1.0108    5.8485     10.137
-0.8467    5.8018     10.2299
-0.684     5.7756     10.3297
-0.385     5.705      10.4505
-0.2793    5.6492     10.6198
-0.164     5.617      10.725
0.0422     5.5175     10.84
0.2277     5.5084     10.903
0.5052     5.4584     10.9037
0.6805     5.4892     10.8626
0.8554     5.5141     10.7644
0.9956     5.608      10.6089
1.0771     5.6001     10.4442
1.2492     5.6695     10.3433
1.4251     5.7337     10.2299
1.6503     5.7996     10.0859
1.8797     5.861      10.0608
2.1761     5.8717     10.0139
2.3703     5.8564     10.0295
2.5205     5.8884     10.0508
2.7337     5.8696     9.9733
2.9457     5.8958     9.7549
3.1236     6.0107     9.4478
3.1574     6.153      9.0446
3.0526     6.1756     8.7869
2.871      6.2898     8.4598
2.7858     6.3297     8.2133
2.7053     6.3537     7.9598
2.6311     6.3992     7.7489
2.619      6.427      7.5816
2.6357     6.4411     7.4178
2.6449     6.5028     7.2456
2.7454     6.5625     6.9789
2.8406     6.6436     6.8181
2.9488     6.7034     6.6723
3.0652     6.7497     6.5009
3.188      6.8222     6.2712
3.1999     6.9407     6.0035
3.2027     6.9855     5.808
3.1284     7.0766     5.6075







































































































































-4.5488    10.7405    14.2401    SUPORB
-4.506     10.7404    14.5172
-4.4098    10.7049    14.7389
-4.3304    10.6851    14.9656
-4.2213    10.6429    15.2223
-4.0423    10.5356    15.4922
-3.8505    10.5506    15.6948
-3.6434    10.4411    15.8918
-3.4408    10.4495    16.0353
-3.2403    10.3704    16.1104
-2.9276    10.3798    16.2589
-2.6222    10.4298    16.3821
-2.3036    10.4377    16.4919
-1.9196    10.3907    16.5921
-1.6463    10.4456    16.6332
-1.3093    10.4614    16.6513
-1.0131    10.309     16.6595
-0.7671    10.211     16.6378
-0.5139    10.1398    16.6146
-0.2829    10.0346    16.5718
-0.0002    9.9783     16.4998
0.2749     9.9609     16.4107
0.5638     9.9957     16.425
0.9107     10.0657    16.4789
1.1526     10.202     16.5222
1.5595     10.4432    16.5463
1.8963     10.621     16.5429
2.1035     10.6476    16.5254
2.4434     10.6851    16.4662
2.787      10.759     16.3438
3.0657     10.7803    16.2379
3.3271     10.8439    16.1273
3.5968     10.9332    15.9832
4.1805     11         15.5742
4.5213     11.1625    15.1159
4.6341     11.256     14.8952
4.7334     11.336     14.6078
4.77       11.4081    14.4001
4.8922     11.4362    13.9988

































































































































































-2.0711    9.1739     13.0654    RORBIT
-2.3182    9.2455     13.1205
-2.5237    9.2377     13.1776
-2.7043    9.2635     13.2287
-2.8986    9.3579     13.3179
-3.0478    9.4875     13.4332
-3.2235    9.5539     13.5253
-3.375     9.6747     13.7
-3.42      9.8374     13.8933
-3.4323    9.9609     13.9908
-3.5422    10.0036    14.2026
-3.5548    9.9165     14.7184
-3.5017    9.8527     14.8966
-3.3802    9.8062     15.0587
-3.2701    9.6322     15.2646
-3.0909    9.5494     15.4054
-2.936     9.4509     15.5397
-2.7261    9.3804     15.5986
-2.4739    9.3104     15.6181
-2.2478    9.298      15.652
-1.9793    9.2957     15.6309
-1.6507    9.2439     15.5962
-1.407     9.3396     15.5057
-1.2273    9.3468     15.5532
-0.8941    9.4361     15.7428
-0.6852    9.4277     15.7523
-0.4517    9.4865     15.6396
-0.2948    9.4875     15.2774
-0.2294    9.4439     15.0436
-0.1984    9.4606     14.858
-0.1901    9.5022     14.6139
-0.1842    9.3816     14.257








































































































































































2.4554     9.4278     12.9324    LORBIT
2.6532     9.4673     12.9901
2.8596     9.5453     13.0068
3.0168     9.681      13.0828
3.2132     9.7009     13.1217
3.375      9.8882     13.2205
3.5921     10.0366    13.333
3.7371     10.2461    13.5149
3.8664     10.4055    13.7256
4.0505     10.4829    13.9794
4.1271     10.5621    14.1645
4.1502     10.5512    14.4583
4.1307     10.4757    14.6429
4.0657     10.3706    14.803
3.9525     10.2456    15.033
3.8219     10.0932    15.2237
3.5922     9.9977     15.2968
3.3824     9.8621     15.3906
3.139      9.7559     15.4628
2.9191     9.7175     15.4452
2.7224     9.6075     15.4908
2.4848     9.6147     15.4381
2.228      9.5675     15.4579
1.7674     9.626      15.7191
1.5632     9.6378     15.6644
1.2884     9.5702     15.7032
1.094      9.5038     15.6594
0.9524     9.5353     15.2815
0.8996     9.4711     15.1067
0.8573     9.4448     14.9324
0.8173     9.4855     14.74
0.7757     9.4414     14.5196
0.8009     9.4126     14.2032







































































































































































-4.5509    10.7387    14.1632    RTEMFOS
-4.586     10.6112    14.0415
-4.5752    10.5123    13.9897
-4.5934    10.4361    13.807
-4.6037    10.3719    13.6849
-4.6276    10.2877    13.5735
-4.6155    10.2142    13.4218
-4.5932    10.0752    13.1853
-4.6026    9.9895     13.0222
-4.6109    9.9753     12.8729
-4.6036    9.9452     12.7422
-4.6258    9.8604     12.6862
-4.5996    9.7909     12.5771
-4.6287    9.7831     12.4337
-4.6133    9.7712     12.2858
-4.6413    9.692      12.1838
-4.6603    9.6464     12.033
-4.6726    9.5808     11.8929
-4.7056    9.5259     11.7595
-4.754     9.4994     11.54
-4.7941    9.4487     11.3786
-4.8562    9.4573     11.1961
-4.897     9.4277     11.0055
-4.9987    9.4495     10.7977
-5.1384    9.5488     10.6517
-5.2428    9.726      10.509
-5.3393    9.8419     10.4947
-5.4522    9.9799     10.4604
-5.5171    10.1074    10.4354
-5.5159    10.2624    10.4419
-5.5912    10.3869    10.4381
-5.5559    10.5494    10.4975
-5.6042    10.6693    10.495
-5.6414    10.9935    10.5871






































































































































































4.9007     11.4034    14.0686    LTEMFOS
4.9231     11.365     13.938
4.9143     11.3186    13.7929
4.9342     11.2609    13.732
4.9456     11.1668    13.6367
4.9764     11.05      13.4641
4.9857     11.0041    13.313
5.0046     10.9287    13.163
5.015      10.861     13.0346
5.0035     10.7947    12.8649
5.0119     10.7571    12.7212
5.0208     10.6495    12.5868
5.0409     10.5699    12.3879
5.0166     10.4756    12.2341
4.9949     10.4501    12.0576
4.9965     10.3855    11.9571
5.0106     10.338     11.7678
5.0197     10.2172    11.5541
5.0237     10.1796    11.3042
5.0629     10.0872    11.1631
5.1132     10.091     11.0138
5.1664     10.0402    10.8469
5.2075     10.0631    10.6492
5.2546     10.1037    10.5273
5.3201     10.2013    10.3601
5.4439     10.3894    10.2311
5.4976     10.5702    10.223
5.5409     10.7462    10.2442
5.5965     10.8897    10.2563
5.6248     11.0756    10.2705
5.6867     11.5317    10.3092









































































































































































-0.1397    4.3126     13.0641    OP
-0.2389    6.6493     13.3093    BA
-0.1886    13.2028    12.6067    ST
-0.1388    19.7223    13.2794    IV
9999       9999       9999       R_PG
-6.0342    9.7524     11.4693    R_ZTI
-2.7336    13.8484    14.1377    R_M3D
-2.9065    16.5379    14.3282    R_M12
-2.6962    19.2427    14.1248    R_MP3
-1.9845    21.1259    13.735     R_PMI
4.1298     6.6732     12.8551    L_PG
5.7713     9.6052     11.5966    L_ZTI
2.5424     13.7315    14.3095    L_M3D
2.8175     16.3311    14.1862    L_M12
2.6481     18.9622    13.7231    L_MP3
1.8198     21.0775    13.4673    L_PMI
0.728      23.1578    14.0465    O1
3.7616     9.7338     5.7659     O2
-5.5698    6.9671     11.1842    O3
0.736      1.5686     10.1147    O4




















































































































































































-6.0355    9.7361     11.4907    RZYGINF
-5.9909    9.8952     11.6593
-5.8784    10.0568    11.7261
-5.7622    10.2298    11.836
-5.6545    10.4235    11.8633
-5.5866    10.6463    11.9058
-5.5296    10.9224    11.924
-5.4339    11.2973    11.926
-5.3888    11.548     11.9298
-5.3563    11.8245    11.8542
-5.2654    12.0994    11.702
-5.161     12.3932    11.5996
-5.0509    12.5537    11.5301
-4.9472    12.7147    11.5084
-4.7547    12.931     11.5224
-4.5895    13.1061    11.5973
-4.4419    13.184     11.6687
-4.2703    13.2715    11.7776
-4.0615    13.4962    11.924





















































































































































































5.7236     9.6145     11.6169    LZYGINF
5.5172     9.7665     11.7982
5.37       9.9671     11.8782
5.2322     10.1492    11.9384
5.1476     10.3898    11.9837
5.0854     10.5758    11.9871
5.0098     10.7919    11.9848
4.9578     11.0333    11.9794
4.9293     11.1931    11.9517
4.8644     11.4408    11.9081
4.8744     11.6813    11.8383
4.853      11.9875    11.7127
4.6874     12.2434    11.6175
4.5221     12.4792    11.5394
4.3206     12.6432    11.5055
4.105      12.8377    11.5534
3.9215     13.0421    11.6942
3.7431     13.2561    11.9181






















































































































































































-2.7415    13.8459    14.1264    R-ALV
-2.7998    13.9521    14.1682
-2.8776    14.1195    14.1851
-2.9196    14.2934    14.2285
-2.9617    14.4334    14.2586
-3         14.6731    14.2801
-3.0094    14.8787    14.2318
-3.0098    15.0739    14.2836
-3.0309    15.3814    14.252
-3.0302    15.6208    14.294
-3.0323    15.7878    14.3113
-3.032     15.9203    14.2795
-3.0231    16.0125    14.3138
-3.011     16.1422    14.3114
-2.9837    16.2848    14.2981
-2.9633    16.3649    14.2716
-2.9409    16.4937    14.2538
-2.9249    16.608     14.2397
-2.9337    16.7106    14.2557
-2.9179    16.8161    14.2991
-2.8993    16.9948    14.2517
-2.8942    17.1817    14.2461
-2.8771    17.3649    14.2405
-2.7749    17.8244    13.9937
-2.7449    18.0671    13.9801
-2.7145    18.3165    13.9796
-2.7182    18.5501    14.0175
-2.715     18.6922    13.9915
-2.7164    18.8544    13.9513
-2.7292    19.171     13.9577










































































































































































2.4924     13.6298    14.261     L-ALV
2.6012     13.821     14.2437
2.6671     13.9847    14.2322
2.7291     14.1904    14.213
2.7872     14.4371    14.2434
2.8307     14.7619    14.1647
2.8402     14.9798    14.2405
2.8701     15.1872    14.1744
2.896      15.4758    14.2389
2.887      15.7929    14.3196
2.8507     16.0284    14.2624
2.8308     16.3881    14.2301
2.785      16.601     14.2879
2.7672     16.8786    14.2727
2.7531     17.2533    14.1465
2.6436     17.5233    14.1662
2.6168     17.8366    14.1001
2.5648     18.1172    14.0949
2.5557     18.3995    14.009
2.5792     18.6734    13.9398
2.609      18.9858    13.9652
2.5795     19.0621    14.0059
