BM(NH)     ZD.1903.6.4Phu164sf
0.4939     20.0971    13.0863    IN
0.5015     16.1285    15.8001    BR
0.3593     8.7927     14.7732    GL
0.3021     8.7789     14.2067    NA
0.0357     3.0559     8.7804     RH
-0.0863    0.4516     5.3101     NS
-0.0786    0.1235     3.9689     PR
-1.1849    0.5522     3.9541     R_PR2
-0.5887    4.4251     9.4739     R_PMS
-3.8101    8.2102     8.4382     R_ZMI
-1.6055    8.9386     12.1818    R_ZMU
-0.24      8.8776     13.251     R_DA
-1.974     9.1303     14.6563    R_MTI
-1.4484    9.9008     15.7225    R_MTS
-3.5057    9.9203     13.2597    R_FMO
-4.2483    10.5893    13.2579    R_FMT
-4.6972    16.0497    10.5044    R_PO
-4.953     10.0574    9.7288     R_ZTS
1.12       0.3291     4.1459     L_PR2
0.7502     4.805      9.6719     L_PMS
3.7523     8.0637     7.8318     L_ZMI
2.1898     8.6502     11.9954    L_ZMU
0.734      8.8079     13.27      L_DA
2.4599     9.0194     14.382     L_MTI
2.3708     9.9538     15.5372    L_MTS
3.9457     9.7825     12.9231    L_FMO
4.7346     10.3869    12.6492    L_FMT
5.1942     16.0028    10.1464    L_PO
5.1483     10.0295    9.2997     L_ZTS
-1.4019    0.5689     5.2444     O1
4.1593     10.7562    14.4728    O2
-5.64      11.8232    9.9566     O3
1.5014     19.9559    12.4752    O4







































































































































































0.2942     8.7942     14.5689    GLRH
0.2679     8.8013     14.3535
0.2657     8.7863     14.1821
0.2734     8.7564     13.9278
0.2555     8.7015     13.6942
0.2726     8.588      13.3685
0.2676     8.4332     13.1577
0.2658     8.2581     12.9443
0.2412     8.1267     12.811
0.2051     8.0259     12.6419
0.2168     7.8721     12.4929
0.2311     7.7228     12.3202
0.2199     7.5926     12.207
0.1985     7.4694     12.0737
0.2235     7.3373     11.9797
0.2027     7.2099     11.8447
0.218      7.0134     11.6945
0.2294     6.8131     11.5472
0.2056     6.6097     11.3632
0.1887     6.406      11.2118
0.1905     6.1984     11.0628
0.1975     6.0083     10.9022
0.1835     5.8433     10.8165
0.1758     5.569      10.6253
0.1486     5.3205     10.4794
0.1633     5.1704     10.3915
0.1407     4.8952     10.2115
0.1486     4.6949     10.0789
0.1147     4.3987     9.888
0.1075     4.2297     9.7695
0.1294     4.0612     9.6619
0.1214     3.8605     9.5314
0.0744     3.6857     9.3843
0.0624     3.5357     9.2704
0.0686     3.4162     9.1431
0.0664     3.2674     9.0237
0.0592     3.1789     8.9338
0.0386     3.1115     8.8809
0.0405     3.036      8.759

































































































































































0.0618     3.0595     8.7916     NOSE
-0.1621    3.0596     8.7908
-0.3746    3.0014     8.7564
-0.4994    2.9367     8.6179
-0.6654    2.9298     8.4605
-0.7995    2.6898     8.2683
-0.9395    2.4886     8.064
-1.0417    2.2512     7.772
-1.0884    2.0998     7.5054
-1.1687    1.8285     7.1784
-1.1951    1.5905     6.8981
-1.1745    1.3256     6.6409
-1.1605    1.1262     6.4858
-1.0441    0.8791     6.3259
-0.8911    0.6624     6.1601
-0.7342    0.4814     5.9765
-0.5725    0.3433     5.6976
-0.4313    0.275      5.4828
-0.2001    0.2506     5.2625
-0.0782    0.3184     5.2403
0.0814     0.2197     5.2992
0.2244     0.2277     5.4224
0.3886     0.2952     5.6062
0.5211     0.3893     5.8534
0.6436     0.5123     6.0476
0.8872     0.9029     6.2978
1.0677     1.1828     6.5065
1.136      1.4165     6.6759
1.1986     1.6153     6.9476
1.2347     1.8033     7.1557
1.2447     1.9763     7.3446
1.2084     2.0889     7.4731
1.1473     2.2651     7.6596
1.0724     2.3855     7.8004
0.9794     2.5464     7.9981
0.9275     2.6325     8.0945
0.8888     2.7506     8.2319
0.8534     2.8599     8.3108
0.822      2.9366     8.364
0.6098     2.9385     8.5461
0.5033     3.0114     8.6967
0.385      3.0818     8.757
0.2195     3.0955     8.7652
-0.0277    3.0942     8.8194




























































































































































-0.0918    0.2541     5.1909     NASP-PR
-0.0624    0.1248     5.0255
-0.072     0.0734     4.8268
-0.0878    0.0505     4.6559
-0.073     0.0181     4.4748
-0.0777    0.022      4.3349
-0.0914    0.0535     4.1971
-0.1408    0.0849     4.0838
































































































































































































-0.6315    4.3927     9.4427     R-PM/MAX
-0.7636    4.0618     9.2142
-0.9036    3.7971     8.958
-1.1099    3.528      8.8291
-1.2504    3.3475     8.6658
-1.3861    3.1882     8.524
-1.4285    2.9821     8.3103
-1.4499    2.8457     8.1474
-1.4573    2.5238     7.8
-1.4603    2.2987     7.4911
-1.4748    2.2073     7.3404
-1.522     2.0184     6.9982
-1.5779    1.9013     6.7303
-1.6936    1.8212     6.5127
-1.8658    1.7977     6.2846
-1.915     1.6844     6.0249
-2.0285    1.5508     5.633
-2.1256    1.5044     5.3773
-2.2025    1.5123     5.1064
-2.1308    1.5119     4.9489
-1.9968    1.4446     4.7794
-1.9053    1.3998     4.7189
-1.7801    1.4162     4.6182

















































































































































































0.7661     4.701      9.6115     L-PM/MAX
0.8384     4.5341     9.4793
0.8599     4.3772     9.3785
0.9252     4.2123     9.282
0.9907     4.0431     9.1398
1.0807     3.7709     8.9383
1.1974     3.6272     8.7972
1.3247     3.4007     8.6392
1.4122     3.1991     8.5062
1.4508     3.0658     8.4241
1.5868     2.7826     8.1859
1.6139     2.6641     8.0855
1.5893     2.4603     7.825
1.5644     2.2627     7.5103
1.5919     2.0694     7.1976
1.6175     1.9512     6.958
1.6926     1.794      6.6644
1.8129     1.7022     6.4771
1.9617     1.6739     6.1653
1.9863     1.5611     5.8993
2.0971     1.4724     5.6486
2.102      1.4118     5.4978
2.1213     1.3231     5.2673
2.1204     1.2683     5.0956
2.0978     1.2392     4.9044
2.0712     1.2567     4.6696
2.0404     1.2955     4.6011
1.9194     1.4226     4.445












































































































































































-2.7927    5.8899     5.7849     ROSTRUM
-2.7539    5.7594     6.0218
-2.737     5.7607     6.2726
-2.6758    5.7043     6.3991
-2.5804    5.6725     6.5526
-2.4105    5.6675     6.7031
-2.2655    5.6539     6.8024
-2.1273    5.6251     6.947
-2.013     5.5663     7.1008
-1.9268    5.5339     7.3273
-1.8731    5.4535     7.5063
-1.8376    5.4221     7.6961
-1.8375    5.4188     7.8107
-1.8637    5.3959     8.03
-1.8994    5.3332     8.2398
-1.9436    5.2531     8.3994
-2.0267    5.1962     8.541
-2.0692    5.1386     8.7727
-2.061     5.108      8.9647
-2.113     5.0535     9.1996
-2.1025    4.9738     9.4653
-2.0298    4.9487     9.6124
-1.9318    4.9366     9.7336
-1.67      4.9694     9.8458
-1.522     4.9804     9.8275
-1.3868    5.0322     9.7221
-1.1765    5.0475     9.7349
-0.9702    5.0063     9.7357
-0.7743    5.017      9.7425
-0.6093    4.989      9.7919
-0.4197    4.9833     9.8461
-0.2908    4.886      10.0612
-0.1812    4.8876     10.0962
-0.0593    4.8883     10.1626
0.1264     4.8732     10.1935
0.296      4.9051     10.1813
0.3921     4.9611     10.1593
0.5254     5.0149     10.1165
0.6112     5.0281     10.0378
0.7126     5.0869     9.8619
0.8798     5.1441     9.7911
1.0682     5.1335     9.702
1.2349     5.1386     9.6689
1.3648     5.1374     9.6846
1.5067     5.1475     9.7286
1.6668     5.1432     9.6569
1.8879     5.1096     9.6478
2.1587     5.1171     9.6511
2.2924     5.1766     9.5872
2.383      5.2089     9.4727
2.407      5.3822     9.2938
2.3541     5.4313     8.9995
2.2998     5.4613     8.819
2.1344     5.5811     8.3732
2.0532     5.6246     8.1639
1.9497     5.729      7.9126
1.906      5.7969     7.569
1.964      5.8491     7.3754
1.9552     5.8962     7.1301
2.0725     5.8921     6.8499
2.2467     5.865      6.6347
2.4737     5.8146     6.5173
2.6858     5.8456     6.352
2.7296     5.8334     6.1178
2.7468     5.8827     5.8605
2.7397     5.9183     5.6387
2.7361     5.9132     5.5129
2.7784     5.9494     5.3969




































































































































-4.2402    10.5696    13.232     SUPORB
-4.1989    10.6485    13.5506
-4.1128    10.6619    13.7584
-4.0517    10.6774    14.0014
-3.918     10.6423    14.2744
-3.768     10.5724    14.5081
-3.4683    10.4539    14.8629
-3.222     10.3112    15.0658
-2.9838    10.1239    15.2029
-2.6872    10.0459    15.3506
-2.3678    10.0472    15.4771
-2.0112    10.147     15.625
-1.6742    10.1935    15.7294
-1.1937    10.0452    15.7785
-0.7606    9.9397     15.7659
-0.3183    9.7806     15.7135
-0.0981    9.6825     15.6798
0.0737     9.4574     15.5605
0.2452     9.2458     15.3966
0.5649     9.2295     15.4096
0.8533     9.4731     15.5526
1.1867     9.6978     15.661
1.6844     9.8297     15.6825
1.9786     9.9224     15.6477
2.2971     9.8768     15.5772
2.5565     9.7686     15.4288
2.7946     9.7273     15.3125
3.0746     9.8461     15.209
3.264      9.9404     15.1253
3.418      10.0894    15.0467
3.6291     10.1883    14.929
3.7433     10.262     14.8439
3.9272     10.3426    14.7224
4.0613     10.3441    14.5653
4.3162     10.3907    14.2997
4.4873     10.4679    14.0348
4.6106     10.5254    13.8034
4.6455     10.5147    13.6904
4.7215     10.4593    13.3595
4.7653     10.4813    13.1766
4.7831     10.4817    13.1091
4.8096     10.4149    12.8609






























































































































































-1.7206    8.8378     12.1906    RORBIT
-1.9032    8.862      12.2321
-2.1407    8.9141     12.2504
-2.3471    9.008      12.266
-2.5294    9.0874     12.2922
-2.7255    9.2053     12.3769
-2.8926    9.3559     12.4785
-3.0133    9.4769     12.5919
-3.2193    9.685      12.7941
-3.3491    9.8485     12.9971
-3.4383    9.9376     13.2459
-3.4744    10.0166    13.538
-3.4234    9.9456     13.8831
-3.2508    9.8127     14.1834
-3.1008    9.6637     14.367
-2.9291    9.4971     14.535
-2.6326    9.3613     14.5943
-2.4427    9.2634     14.6474
-2.2449    9.1893     14.6797
-1.9824    9.1535     14.6526
-1.788     9.0977     14.6393
-1.6341    9.0936     14.6254
-1.441     9.0691     14.6464
-1.186     9.2194     14.7127
-0.9815    9.15       14.7713
-0.6337    9.0605     14.7877
-0.4001    9.0949     14.5885
-0.3219    9.1226     14.3904
-0.3006    9.1254     14.1826
-0.2882    9.1269     13.9438
-0.2416    9.0582     13.7902
-0.2369    9.0452     13.6102
-0.2593    8.9719     13.3922
-0.2282    8.9001     13.2703






































































































































































2.1437     8.6664     12.0055    LORBIT
2.3555     8.7479     12.0587
2.609      8.8266     12.0363
2.8499     8.8445     12.0215
3.0093     8.9128     12.0386
3.1841     9.0406     12.1026
3.3476     9.158      12.1662
3.4768     9.2719     12.2631
3.6285     9.3964     12.3657
3.7118     9.5518     12.4592
3.814      9.7035     12.6254
3.9748     9.7312     12.8666
4.0535     9.7916     13.1519
4.0464     9.7983     13.3327
4.0238     9.7315     13.542
3.9339     9.6584     13.7166
3.8726     9.5508     13.9252
3.7748     9.3958     14.1502
3.5639     9.3018     14.2372
3.2618     9.2301     14.3269
2.9529     9.1509     14.3619
2.5276     9.1025     14.3457
2.1619     9.1179     14.382
2.0162     9.1238     14.3922
1.7671     9.1753     14.4211
1.5829     9.1807     14.5665
1.2519     9.172      14.5592
1.0392     9.1252     14.2463
0.9759     9.0993     14.0746
0.9141     9.0377     13.8755
0.8397     8.9975     13.6947
0.7947     8.9477     13.5447
0.7486     8.8646     13.4277
0.7237     8.8311     13.3347
0.7024     8.7841     13.2687





































































































































































-4.2559    10.5363    13.1844    RTEMFOS
-4.2853    10.4596    13.0892
-4.3101    10.3515    12.9127
-4.349     10.2934    12.7379
-4.3543    10.2295    12.5547
-4.3842    10.1489    12.2985
-4.4131    10.0494    12.0903
-4.4217    9.9386     11.8883
-4.4103    9.7838     11.5608
-4.4063    9.6864     11.3718
-4.4352    9.5001     11.1352
-4.4609    9.4187     10.9274
-4.4789    9.3406     10.7224
-4.5271    9.2478     10.5453
-4.5908    9.1905     10.3713
-4.6245    9.0693     10.2112
-4.6612    9.1403     10.0932
-4.735     9.2605     9.9146
-4.7907    9.3897     9.7647
-4.8968    9.5924     9.678
-4.9098    9.8574     9.6625
-4.9971    10.0007    9.7011
-4.9886    10.0652    9.7256

















































































































































































4.817      10.3819    12.7789    LTEMFOS
4.8343     10.2484    12.4989
4.8409     10.1264    12.2708
4.8466     10.0425    12.0408
4.8259     9.9516     11.8148
4.8074     9.8237     11.5958
4.786      9.741      11.4592
4.7557     9.5981     11.2253
4.7634     9.5149     11.0344
4.7246     9.3806     10.7816
4.7133     9.2752     10.6075
4.7204     9.1719     10.3953
4.7408     9.057      10.1569
4.7724     9.0053     9.9563
4.8333     8.9478     9.7356
4.8955     8.9651     9.5162
4.9271     9.0595     9.4129
5.0409     9.1943     9.2396
5.0974     9.3944     9.1864
5.1276     9.554      9.1656
5.1555     9.7207     9.1907
5.144      9.7991     9.2119
5.1243     9.8284     9.2281
5.1764     10.0085    9.2682
















































































































































































-0.1114    2.4903     13.2282    OP
-0.1548    4.8301     13.3239    BA
-0.1645    11.2743    12.5453    ST
-0.0022    18.3565    12.878     IV
-4.595     5.5577     13.0801    R_PG
-5.8569    8.1845     11.9479    R_ZTI
-2.499     12.4116    13.8174    R_M3D
-2.8067    15.356     13.7916    R_M12
-2.5096    18.2285    13.6583    R_MP3
-1.7217    19.5647    13.7676    R_PMI
4.3561     5.7573     12.7986    L_PG
5.4501     8.4348     11.5675    L_ZTI
2.2422     12.344     13.6671    L_M3D
2.6302     15.3977    13.6824    L_M12
2.5177     18.2125    13.5007    L_MP3
1.9169     19.7795    13.5274    L_PMI
-1.395     20.47      12.7354    O1
3.3714     8.235      5.8956     O2
-6.0045    8.5498     11.201     O3
0.8737     -0.1563    10.2254    O4




















































































































































































-4.0776    12.1766    11.8864    RZYGINF
-4.2111    11.9139    11.7877
-4.3718    11.732     11.6659
-4.4439    11.5916    11.6635
-4.5674    11.4168    11.6378
-4.7104    11.2113    11.6632
-4.8498    11.0304    11.7252
-4.9877    10.8629    11.7854
-4.9732    10.6728    11.8784
-5.0918    10.3849    12.0056
-5.1696    10.0271    12.0693
-5.2665    9.764      12.0947
-5.3077    9.5043     12.1309
-5.4583    9.3114     12.1387
-5.6623    9.163      12.1061
-5.8187    8.9236     12.0018
-5.8424    8.7401     11.9974
-5.9549    8.5927     11.9152
-5.9703    8.4076     11.9077
-5.9901    8.312      11.901
-5.9866    8.2703     11.8634



















































































































































































3.7547     12.052     11.5545    LZYGINF
3.8905     11.7462    11.4775
4.029      11.5441    11.4543
4.1354     11.3442    11.4579
4.3308     11.1803    11.5477
4.4036     10.8728    11.7112
4.3958     10.6957    11.7463
4.44       10.5063    11.8423
4.5089     10.2351    11.9079
4.6545     9.9563     11.9388
4.7674     9.7296     11.9515
4.8881     9.532      11.9384
5.0608     9.3144     11.8843
5.2192     9.1779     11.818
5.3158     8.9377     11.7323
5.3618     8.8047     11.6883
5.4127     8.6931     11.6291
5.4351     8.6002     11.6024
5.453      8.5366     11.6024
5.4368     8.4313     11.5721




















































































































































































-2.5927    12.5094    13.7897    R-ALV
-2.7708    12.7666    13.7972
-2.872     13.1878    13.8136
-2.8914    13.465     13.8417
-2.8767    13.946     13.8175
-2.9141    14.2509    13.8081
-2.9465    14.6441    13.7784
-2.9254    15.0247    13.7389
-2.862     15.2862    13.6766
-2.8179    15.5694    13.7394
-2.7412    15.9728    13.7491
-2.7143    16.2503    13.7247
-2.5796    16.6115    13.7161
-2.5813    16.8459    13.6915
-2.5748    17.068     13.69
-2.5624    17.4027    13.6741
-2.5643    17.6415    13.6654
-2.5722    17.8806    13.6206
-2.5626    18.0555    13.5879
-2.5517    18.1814    13.6182




















































































































































































2.2032     12.4016    13.6431    L-ALV
2.4256     12.694     13.6932
2.5429     13.0461    13.729
2.6466     13.4184    13.6562
2.6389     13.5921    13.7336
2.6291     13.9575    13.6855
2.6564     14.1869    13.6483
2.7038     14.5846    13.5757
2.6851     14.9351    13.5318
2.6384     15.1239    13.6915
2.6206     15.4585    13.6586
2.609      15.6872    13.6599
2.5751     15.8769    13.6644
2.5724     16.1462    13.5598
2.5218     16.4507    13.5883
2.4827     16.6728    13.6513
2.4549     16.9962    13.6066
2.4865     17.233     13.5267
2.5081     17.4925    13.4994
2.5396     17.6664    13.475
2.5777     17.9623    13.4569
2.559      18.1148    13.4367
2.5361     18.2309    13.4472
