AMNH       169432     Phu1pwl2
0.6182     24.1748    13.5866    IN
-0.014     19.1       16.6974    BR
-0.5793    12.7811    16.5081    GL
-0.5372    12.6351    15.9222    NA
-0.8965    6.8875     10.0508    RH
-1.0097    3.9825     6.9055     NS
-0.8846    3.5256     5.268      PR
-1.9927    3.9546     5.2956     R_PR2
-1.815     7.9871     10.3631    R_PMS
-4.3289    12.7457    9.2191     R_ZMI
-2.7379    12.8074    13.5236    R_ZMU
-0.9516    12.7786    14.7976    R_DA
-2.8846    13.1613    15.9816    R_MTI
-2.7023    14.1162    16.9603    R_MTS
-3.9818    13.7776    14.2503    R_FMO
-5.0646    14.7606    14.2068    R_FMT
-4.1835    20.5058    11.5485    R_PO
-5.8722    14.9009    10.7361    R_ZTS
0.1933     3.7497     5.5156     L_PR2
0.0939     7.6565     10.4653    L_PMS
3.6516     11.9639    9.5998     L_ZMI
1.6505     12.4099    13.6769    L_ZMU
0.0391     12.7176    14.8069    L_DA
1.9535     12.7428    16.1069    L_MTI
1.8486     13.8852    17.1229    L_MTS
3.1048     13.0415    14.3409    L_FMO
4.373      14.1571    14.7721    L_FMT
4.6908     19.702     11.7417    L_PO
5.2722     13.64      11.1906    L_ZTS
-1.3273    3.4326     4.814      O1
3.6531     14.3797    15.4234    O2
-6.0554    16.7389    10.9028    O3
1.1959     23.1418    13.5472    O4







































































































































































-0.5732    12.8174    16.509     GLRH
-0.5694    12.7112    16.2611
-0.5572    12.6513    16.0115
-0.5462    12.5939    15.8673
-0.5382    12.5582    15.6211
-0.4837    12.4993    15.2881
-0.53      12.4641    15.0586
-0.4642    12.3687    14.7829
-0.4692    12.2537    14.5938
-0.508     12.0884    14.37
-0.5533    11.9108    14.1387
-0.5252    11.657     13.9049
-0.5545    11.4036    13.7141
-0.5809    11.079     13.5087
-0.6017    10.8202    13.3531
-0.6258    10.6666    13.2362
-0.6713    10.3662    13.0138
-0.6794    10.1338    12.8535
-0.6891    9.8982     12.6631
-0.6861    9.6746     12.4931
-0.7768    9.436      12.3177
-0.777     9.2575     12.2048
-0.8218    9.0218     12.0607
-0.8493    8.8364     11.9254
-0.8621    8.5774     11.7605
-0.871     8.3591     11.584
-0.8974    8.2005     11.4654
-0.9128    8.0431     11.3175
-0.9254    7.8409     11.1497
-0.9433    7.625      10.9369
-0.9186    7.4691     10.7775
-0.9264    7.3132     10.5965
-0.9706    7.1849     10.4284
-0.9273    7.0536     10.3076
-0.8986    6.9675     10.2151
-0.8864    6.8971     10.1364
-0.8852    6.8628     10.0666



































































































































































-0.8678    6.915      9.9861     NOSE
-1.0322    6.9405     10.0096
-1.1923    6.9988     10.0648
-1.3647    6.9843     9.9181
-1.4831    6.9715     9.8686
-1.6309    7.0251     9.6754
-1.7339    6.8803     9.4861
-1.8436    6.7343     9.256
-1.8639    6.6336     9.0902
-1.9315    6.5332     8.918
-2.0102    6.4398     8.8146
-2.0901    6.277      8.6798
-2.181     6.1447     8.5702
-2.1682    6.025      8.4044
-2.245     5.9069     8.2478
-2.2978    5.7571     8.0647
-2.2995    5.5953     7.9052
-2.2892    5.3922     7.7479
-2.3208    5.1887     7.6246
-2.2433    5.0337     7.5286
-2.1595    4.8152     7.4682
-2.0119    4.6156     7.4002
-1.9038    4.4873     7.3838
-1.7293    4.3002     7.3317
-1.6208    4.1691     7.2689
-1.5283    4.0103     7.2038
-1.3792    3.9916     7.1297
-1.2439    3.9964     6.9779
-1.0932    3.9807     6.9038
-0.9646    3.9663     6.9037
-0.8359    3.9548     6.9661
-0.723     3.8793     7.1399
-0.611     3.9699     7.2866
-0.4162    4.1171     7.4593
-0.263     4.1982     7.5215
-0.0539    4.325      7.5583
0.0775     4.4329     7.6158
0.1815     4.5636     7.6808
0.2329     4.7249     7.7484
0.3225     4.8869     7.8619
0.3215     5.0692     7.9811
0.3623     5.2915     8.1783
0.3739     5.4442     8.3512
0.3636     5.6078     8.478
0.337      5.7736     8.6267
0.349      5.8863     8.745
0.3491     6.0112     8.8708
0.3321     6.1175     9.0291
0.045      6.3754     9.0771
-0.0465    6.4657     9.2451
-0.0943    6.6128     9.407
-0.1712    6.7584     9.581
-0.1964    6.8759     9.6954
-0.2631    6.9049     9.8718
-0.4146    6.8895     9.9603
-0.5914    6.8767     10.0517
-0.7418    6.915      10.0963
-0.834     6.9216     10.0657
-0.8875    6.8734     10.0072













































































































































-0.9449    4.0443     6.965      NASP-PR
-0.9706    3.9129     6.8676
-1.0139    3.8032     6.7352
-0.9973    3.7055     6.617
-0.9894    3.6008     6.4598
-1.005     3.5437     6.3118
-0.9929    3.5034     6.1355
-0.9761    3.5044     5.9296
-0.9327    3.5022     5.798
-0.9332    3.4847     5.6866
-0.9347    3.4796     5.5503
-0.9325    3.4609     5.4554
-0.9153    3.5035     5.3162
-0.885     3.5219     5.2245


























































































































































































-1.7831    8.0009     10.3686    R-PM/MAX
-1.8001    7.8962     10.2931
-1.8551    7.7143     10.1217
-1.936     7.4957     9.8974
-2.0022    7.3494     9.7553
-2.0056    7.2672     9.6599
-2.0924    7.0812     9.4946
-2.158     6.9087     9.3291
-2.2214    6.771      9.1745
-2.2777    6.6271     8.9932
-2.3203    6.5066     8.7887
-2.3484    6.3717     8.5909
-2.3748    6.2754     8.3968
-2.4305    6.1896     8.1806
-2.495     6.0404     7.9731
-2.5217    5.9007     7.6721
-2.5829    5.8005     7.4862
-2.6155    5.7093     7.2329
-2.685     5.5422     6.9679
-2.7669    5.5436     6.825
-2.8086    5.4001     6.6506
-2.8773    5.3907     6.4604
-2.9058    5.412      6.256
-2.8841    5.4093     6.1482
-2.7476    5.3959     5.9672
-2.6293    5.415      5.8946
-2.4018    5.4692     5.722













































































































































































0.0977     7.6719     10.4721    L-PM/MAX
0.1785     7.3988     10.1667
0.23       7.248      10.0215
0.2926     7.0814     9.8935
0.3196     6.9806     9.751
0.394      6.7823     9.6106
0.4625     6.658      9.5031
0.5399     6.4779     9.3141
0.5472     6.4114     9.2321
0.5872     6.2945     9.1119
0.6433     6.1109     8.8773
0.6613     5.9637     8.6902
0.6997     5.7991     8.3974
0.7133     5.7173     8.2394
0.7515     5.6311     8.1121
0.7556     5.5715     7.9958
0.7732     5.5374     7.8694
0.7849     5.452      7.772
0.8024     5.3604     7.5815
0.8277     5.2657     7.4313
0.8484     5.1636     7.3111
0.9596     5.0809     7.1855
1.0017     4.9796     7.0297
1.0957     4.9514     6.839
1.1771     4.9372     6.7026
1.1404     4.9886     6.528
1.1305     5.0213     6.3843
0.954      5.0307     6.2788
0.9268     5.0168     6.1936
0.8348     5.0607     6.0637










































































































































































-3.125     10.0518    6.2489     ROSTRUM
-3.2445    9.9854     6.5365
-3.239     9.9917     6.7884
-3.24      9.9842     6.9701
-3.1882    9.954      7.1966
-3.078     9.9589     7.4252
-2.9501    9.9284     7.6683
-2.8676    9.8342     7.8893
-2.8169    9.8408     8.1198
-2.8169    9.8131     8.2787
-2.9129    9.7593     8.6387
-2.9755    9.7772     8.8155
-3.0398    9.7423     9.0606
-3.2075    9.6807     9.3452
-3.2861    9.64       9.5531
-3.3991    9.5366     9.7772
-3.5016    9.3942     10.0824
-3.3605    9.3389     10.3206
-3.3271    9.1491     10.5461
-2.9857    9.1095     10.8137
-2.7381    9.041      10.8404
-2.4288    9.0822     10.776
-2.1627    9.0357     10.8541
-1.8729    8.9214     11.0124
-1.5615    8.8293     11.2605
-1.2592    8.6474     11.5958
-1.0129    8.6052     11.7235
-0.784     8.5393     11.7496
-0.4739    8.5442     11.7123
-0.2414    8.5921     11.5998
-0.0189    8.6471     11.4225
0.2178     8.6724     11.2102
0.5043     8.7162     11.0686
0.7055     8.7387     10.9813
1.0072     8.7353     10.9124
1.2508     8.6244     10.9835
1.5239     8.5798     11.0162
1.8728     8.6234     10.7932
2.0615     8.6647     10.5375
2.1413     8.7096     10.1338
2.0978     8.7249     9.8675
1.9682     8.7663     9.635
1.8667     8.8091     9.418
1.7585     8.9986     9.0004
1.7189     9.0148     8.8048
1.7041     9.047      8.5533
1.7554     9.1301     8.2058
1.898      9.1509     7.9581
2.127      9.2388     7.6632
2.3258     9.2884     7.4394
2.473      9.3221     7.1069
2.5048     9.4287     6.8414
2.4736     9.4717     6.6089



















































































































































-5.1091    14.7284    14.2476    SUPORB
-5.0215    14.8939    14.738
-4.8926    14.8539    15.0906
-4.7558    14.8111    15.4919
-4.5909    14.679     15.7731
-4.4269    14.6009    15.9783
-4.1377    14.5205    16.2356
-3.9694    14.3641    16.4219
-3.751     14.215     16.5413
-3.5914    14.0438    16.6523
-3.4579    13.8938    16.6751
-3.3343    13.7896    16.7123
-3.1926    13.7198    16.7207
-2.8479    13.7378    16.8599
-2.6181    13.9383    16.9676
-2.372     14.0959    17.034
-2.1034    14.1814    17.0907
-1.7973    14.0654    17.1371
-1.4667    14.0264    17.121
-1.1965    13.9135    17.1126
-1.0002    13.7311    17.0687
-0.8418    13.5538    17.0588
-0.6661    13.3874    17.0159
-0.4943    13.3919    16.9821
-0.2822    13.4358    17.0101
0.0074     13.5188    17.0893
0.2978     13.6083    17.1546
0.5126     13.7746    17.1351
0.6904     13.9219    17.1678
0.9245     14.0408    17.1465
1.1829     13.9909    17.1842
1.3558     13.8431    17.1943
1.652      13.8397    17.1505
1.9286     13.7423    17.0999
2.1306     13.6107    17.0266
2.4048     13.7362    16.9624
2.6882     13.9892    16.851
2.9334     13.9942    16.733
3.3734     14.1477    16.4939
3.6466     14.2654    16.3002
3.8662     14.2857    16.0658
4.025      14.2483    15.7811
4.1495     14.2169    15.6029
4.2665     14.1781    15.3858
4.3838     14.1458    15.1353
4.4503     14.1198    14.9111


























































































































































-4.0426    13.7656    14.2393    RORBIT
-4.136     13.9187    14.4877
-4.1976    13.9616    14.7947
-4.2388    13.8587    15.0591
-4.0338    13.7851    15.3666
-3.9516    13.6271    15.5619
-3.7504    13.5397    15.7089
-3.5274    13.4257    15.8396
-3.3       13.3743    15.8719
-3.0845    13.2904    15.9292
-2.7696    13.187     15.9955
-2.5394    13.1473    15.9358
-2.3165    13.1404    15.8989
-1.7248    13.0915    16.2031
-1.4706    13.0835    16.1975
-1.2393    12.9961    16.0484
-1.1435    12.9636    15.8105
-1.0656    12.9713    15.4168
-1.0096    12.9621    15.204
-0.9608    12.9159    15.0045
-0.9525    12.7852    14.8016



















































































































































































3.2061     13.1032    14.4541    LORBIT
3.3364     13.2055    14.6931
3.4074     13.3102    14.8758
3.391      13.3646    15.1406
3.2294     13.238     15.503
3.0226     13.0974    15.798
2.6979     12.8936    16.109
2.429      12.876     16.1305
2.1794     12.8436    16.1123
1.9387     12.7637    16.1317
1.7035     12.7624    16.1012
1.4402     12.7764    16.0816
0.8621     12.9921    16.2693
0.6616     12.9503    16.2623
0.3941     13.0004    16.225
0.173      12.9002    16.0185
0.1402     12.9196    15.7782
0.063      12.8628    15.4847
0.0216     12.8402    15.2141
-0.0164    12.7472    15.0628
0.0169     12.7397    14.9368
0.0436     12.7254    14.788


















































































































































































-5.095     14.7134    14.1505    RTEMFOS
-5.1242    14.5151    14.0298
-5.184     14.2756    13.8175
-5.1757    14.1621    13.4608
-5.1861    14.0078    13.2631
-5.1715    13.9136    12.9653
-5.1843    13.73      12.6856
-5.1807    13.6442    12.4161
-5.2367    13.4859    12.2024
-5.2756    13.3613    11.937
-5.288     13.406     11.703
-5.3431    13.3915    11.4218
-5.4488    13.2851    11.1928
-5.5081    13.3923    11.0012
-5.6294    13.4998    10.7978
-5.7198    13.7396    10.6676
-5.8339    13.9812    10.6213
-5.9143    14.3095    10.5879
-5.884     14.5864    10.6377
-5.8948    14.8538    10.6206
-5.8763    14.9902    10.7055



















































































































































































4.3817     14.1059    14.7333    LTEMFOS
4.4373     13.9859    14.6369
4.4442     13.852     14.4622
4.447      13.7765    14.2698
4.422      13.6501    13.9967
4.4599     13.5371    13.7952
4.5207     13.4007    13.6528
4.5005     13.3195    13.5284
4.5178     13.1712    13.4207
4.4802     13.0793    13.0577
4.4747     12.9095    12.9114
4.4811     12.8506    12.6144
4.5138     12.716     12.4128
4.5318     12.5815    12.1589
4.5804     12.571     11.9098
4.6274     12.5222    11.7735
4.7333     12.5104    11.5139
4.8384     12.5986    11.2767
4.9621     12.6662    11.1641
5.0879     12.8715    11.1143
5.1727     13.1558    11.1439
5.279      13.4274    11.17
5.3571     13.6639    11.1905

















































































































































































-1.0518    5.6337     13.3313    OP
-1.0494    7.7949     13.3754    BA
-0.58      14.2347    12.1171    ST
-0.2418    20.7187    12.1636    IV
9999       9999       9999       R_PG
-6.492     10.8396    10.8736    R_ZTI
-3.2691    15.0671    13.2426    R_M3D
-3.34      17.8572    13.1161    R_M12
-2.9555    20.5055    12.8952    R_MP3
-1.9211    22.2796    12.6321    R_PMI
3.3766     7.6631     13.2232    L_PG
5.1692     10.3522    11.8865    L_ZTI
2.0233     14.9118    13.8497    L_M3D
2.4563     17.6475    13.594     L_M12
2.2607     20.3232    13.2972    L_MP3
1.6074     22.0945    12.5896    L_PMI
-0.4575    24.3827    13.0088    O1
3.6586     10.3066    6.6519     O2
-6.6432    10.5009    10.1992    O3
-0.3218    2.9216     10.2781    O4




















































































































































































-4.5176    14.6128    11.0141    RZYGINF
-4.7617    14.3449    10.8498
-4.9743    14.1939    10.7052
-5.2247    14.0377    10.653
-5.4172    13.8144    10.6665
-5.5841    13.5999    10.7404
-5.7254    13.3061    10.8851
-5.8622    13.092     10.9708
-5.9248    12.6002    11.1443
-6.1255    12.2373    11.1456
-6.2521    11.9489    11.1368
-6.3807    11.5806    11.0982
-6.5005    11.3493    11.0466
-6.5825    11.2048    10.9627
-6.6239    11.0173    10.8576
-6.6548    10.9553    10.7796
























































































































































































3.4182     14.1018    11.6748    LZYGINF
3.6235     13.9444    11.4856
3.7744     13.7375    11.3965
3.915      13.5524    11.3658
4.1369     13.3048    11.423
4.2689     13.07      11.5044
4.3708     12.8613    11.6181
4.4611     12.7258    11.726
4.4161     12.4989    11.7885
4.4158     12.2789    11.8862
4.4667     11.9977    11.9805
4.4763     11.7369    12.0031
4.6099     11.4377    12.0884
4.757      11.302     12.1058
4.9266     11.2066    12.1069
5.0526     11.0468    12.0641
5.1265     10.8437    11.992
5.1774     10.603     11.9483
5.1639     10.4925    11.9221
5.1748     10.35      11.8683




















































































































































































-3.2541    15.1466    13.2955    R-ALV
-3.3964    15.5176    13.2244
-3.4773    15.9978    13.2807
-3.4725    16.4259    13.207
-3.4537    16.7549    13.1777
-3.4445    17.1653    13.1327
-3.3874    17.4916    13.1068
-3.3157    17.7707    13.1255
-3.2871    18.0219    13.1532
-3.2356    18.3721    13.104
-3.1591    18.8465    13.1256
-3.0683    19.0281    13.0444
-2.9839    19.3245    13.0901
-2.9272    19.6596    13.08
-2.8962    20.0196    13.0654
-2.9313    20.2974    12.9731
-2.8984    20.6254    12.9144























































































































































































2.0055     14.9066    13.7864    L-ALV
2.1598     15.2234    13.8605
2.2323     15.5017    13.8099
2.3057     15.7341    13.7947
2.3562     15.9947    13.7585
2.3637     16.1723    13.7606
2.4191     16.4456    13.6973
2.4293     16.5966    13.712
2.4616     16.8672    13.651
2.468      17.0326    13.6641
2.449      17.1897    13.6859
2.4253     17.4057    13.6472
2.4091     17.5551    13.6416
2.4264     17.7747    13.6263
2.4129     18.023     13.5718
2.4262     18.2538    13.5333
2.3195     18.69      13.4629
2.289      18.9397    13.457
2.2603     19.1571    13.4602
2.2218     19.3611    13.4533
2.2126     19.5948    13.4111
2.2169     19.8045    13.4013
2.2443     19.9581    13.3416
2.2285     20.2052    13.3207
2.2432     20.3165    13.2919
