AMNH       169432     Phu1mam10
1.6834     26.5706    13.6692    IN
2.0365     21.4672    16.3831    BR
2.4911     15.0616    15.8814    GL
2.4448     14.9642    15.3731    NA
2.4784     9.4074     9.3244     RH
2.6328     6.6378     6.042      NS
2.6878     6.2344     4.4858     PR
1.5406     6.5177     4.6252     R_PR2
1.5312     10.3868    9.7304     R_PMS
-1.7203    14.5112    9.1085     R_ZMI
0.0147     14.8536    13.1501    R_ZMU
1.9302     15.0931    14.3101    R_DA
0.1019     15.1661    15.6179    R_MTI
0.2317     16.014     16.6698    R_MTS
-1.29      15.6439    14.0348    R_FMO
-2.4691    16.4405    14.2747    R_FMT
-2.6034    22.2618    11.6699    R_PO
-3.5451    16.565     10.6353    R_ZTS
3.7315     6.6104     4.5187     L_PR2
3.4009     10.3108    9.7062     L_PMS
6.2062     15.1305    8.8712     L_ZMI
4.6141     15.0527    12.98      L_ZMU
2.9192     15.1522    14.2248    L_DA
4.9014     15.5009    15.4341    L_MTI
4.8764     16.4032    16.4128    L_MTS
5.9328     16.0077    13.5977    L_FMO
6.9996     17.1354    14.1067    L_FMT
6.1967     22.7544    11.2509    L_PO
7.747      17.1408    10.3388    L_ZTS
3.3904     6.0236     4.5053     O1
6.3425     17.346     15.4284    O2
-3.5815    20.664     10.9639    O3
-0.4982    25.2222    12.8589    O4







































































































































































9999       9999       9999       GLRH







































































































































































































9999       9999       9999       NOSE







































































































































































































9999       9999       9999       NASP-PR







































































































































































































9999       9999       9999       R-PM/MAX







































































































































































































9999       9999       9999       L-PM/MAX







































































































































































































9999       9999       9999       ROSTRUM







































































































































































































9999       9999       9999       SUPORB







































































































































































































9999       9999       9999       RORBIT







































































































































































































9999       9999       9999       LORBIT







































































































































































































9999       9999       9999       RTEMFOS







































































































































































































9999       9999       9999       LTEMFOS







































































































































































































2.1446     10.1857    12.3365    OP
1.9233     12.3279    12.7711    BA
1.8376     18.8578    12.508     ST
1.688      25.3386    13.5782    IV
9999       9999       9999       R_PG
-3.9639    15.3319    11.1233    R_ZTI
-0.7877    19.4093    14.0016    R_M3D
-1.013     22.0531    14.2465    R_M12
-0.9092    24.7294    14.2507    R_MP3
-0.2047    26.6315    14.0982    R_PMI
6.4115     12.523     12.2494    L_PG
7.8627     15.5783    11.1937    L_ZTI
4.4945     19.3996    14.1371    L_M3D
4.7644     22.1054    14.225     L_M12
4.4608     24.7015    14.1614    L_MP3
3.7382     26.6529    13.8172    L_PMI
2.4287     28.7082    14.6214    O1
5.9728     16.0727    5.5368     O2
-3.4832    12.7151    10.8129    O3
-0.1937    8.2461     9.6157     O4




















































































































































































9999       9999       9999       RZYGINF







































































































































































































9999       9999       9999       LZYGINF







































































































































































































9999       9999       9999       R-ALV







































































































































































































9999       9999       9999       L-ALV
