BM(NH)     ZD.1925.1.2Phu157sf
1.3107     21.0096    12.281     IN
0.3676     16.2053    15.8045    BR
-0.5688    9.761      15.2015    GL
-0.5157    9.8299     14.6563    NA
-0.7263    5.0728     9.9333     RH
-0.6353    1.7138     6.1501     NS
-0.5446    1.66       5.2546     PR
-1.5794    1.951      5.1536     R_PR2
-1.1158    6.9056     10.8051    R_PMS
-4.137     10.2632    9.1623     R_ZMI
-2.4926    10.2908    12.554     R_ZMU
-1.0018    10.0792    13.5866    R_DA
-2.4559    10.4439    15.0423    R_MTI
-1.9379    11.2156    16.1564    R_MTS
-3.7299    11.4261    13.4702    R_FMO
-4.4191    12.4325    13.4706    R_FMT
-3.6877    17.6055    10.2764    R_PO
-5.3148    12.4698    10.248     R_ZTS
0.4107     1.657      5.3379     L_PR2
0.0326     7.1192     11.1484    L_PMS
3.9094     9.4061     9.4951     L_ZMI
2.0213     9.771      12.7869    L_ZMU
0.0866     10.0604    13.8349    L_DA
1.7547     9.8744     15.2526    L_MTI
1.6462     10.8578    16.2737    L_MTS
3.317      10.6052    14.1746    L_FMO
4.0842     11.2165    14.0202    L_FMT
5.0435     16.5705    10.6842    L_PO
5.4574     11.3161    10.9946    L_ZTS
0.0593     1.1711     5.1057     O1
-3.662     12.4247    14.7363    O2
6.0267     12.1219    10.8275    O3
-0.4376    20.8242    11.5839    O4







































































































































































-0.6096    9.7915     15.2697    GLRH
-0.5993    9.7689     15.023
-0.5809    9.7909     14.8005
-0.5772    9.8576     14.6324
-0.605     9.8309     14.4215
-0.5709    9.7542     14.1692
-0.5536    9.6165     13.8803
-0.5481    9.4774     13.6696
-0.5592    9.3093     13.4295
-0.5457    9.096      13.1768
-0.5513    8.8839     12.9209
-0.547     8.6651     12.7203
-0.5576    8.4654     12.5353
-0.5538    8.2022     12.3184
-0.5802    7.998      12.1545
-0.608     7.8245     12.002
-0.6325    7.6389     11.8817
-0.6583    7.4785     11.7355
-0.6785    7.2908     11.5836
-0.6596    7.0552     11.4342
-0.6684    6.7913     11.2645
-0.6752    6.5405     11.1073
-0.6922    6.1803     10.9366
-0.6844    5.9239     10.7508
-0.6745    5.6967     10.5648
-0.6846    5.493      10.3858
-0.6642    5.3359     10.2627
-0.6886    5.2391     10.1769
-0.6919    5.1638     10.1165
-0.7123    5.0592     9.9401










































































































































































-0.7081    5.079      9.9659     NOSE
-0.8931    5.0164     9.895
-1.0918    4.9155     9.7893
-1.2519    4.9331     9.6748
-1.4005    4.8493     9.5227
-1.4793    4.672      9.3289
-1.5282    4.4518     9.0823
-1.6583    4.235      8.8131
-1.7475    4.1507     8.5979
-1.8882    3.9193     8.3244
-1.8695    3.6232     8.0644
-1.8337    3.3015     7.7653
-1.7472    2.9724     7.499
-1.6896    2.6474     7.3314
-1.5674    2.3472     7.1437
-1.4077    2.0782     6.8884
-1.2717    1.9305     6.6809
-1.1637    1.8185     6.5182
-1.0396    1.7191     6.39
-0.8893    1.6147     6.2474
-0.7039    1.6926     6.1169
-0.5041    1.6977     6.2275
-0.3077    1.7056     6.4591
-0.1686    1.7455     6.7206
-0.0553    1.8807     7.0034
0.0411     2.0297     7.1405
0.0757     2.1514     7.2164
0.16       2.2934     7.3268
0.2368     2.4291     7.4179
0.3254     2.5487     7.5295
0.3811     2.664      7.6038
0.4423     2.7689     7.67
0.4937     2.8446     7.7427
0.6016     3.053      7.9345
0.6925     3.3099     8.1763
0.6383     3.5294     8.4245
0.5844     3.7364     8.6617
0.5511     3.995      8.8444
0.4753     4.1405     8.9746
0.4201     4.2958     9.1313
0.3193     4.4946     9.2556
0.282      4.6224     9.3961
0.2552     4.7413     9.507
0.1239     4.8586     9.618
0.0771     4.9097     9.7376
-0.0411    4.9398     9.7974
-0.3118    4.9624     9.8742
-0.5337    5.0488     9.9923
-0.6456    5.084      9.9517























































































































































-0.6234    1.6248     6.0719     NASP-PR
-0.6119    1.6        5.7845
-0.6265    1.6004     5.5455
-0.6344    1.6015     5.5074
-0.5879    1.6101     5.3182



































































































































































































-1.1189    6.8895     10.7895    R-PM/MAX
-1.1993    6.7154     10.6194
-1.3295    6.4236     10.3589
-1.576     6.1809     10.1474
-1.5738    5.9354     10.0241
-1.6015    5.6207     9.8682
-1.7088    5.3526     9.6609
-1.7663    5.1571     9.4969
-2.0856    4.8746     9.1756
-2.2139    4.711      8.9554
-2.217     4.4703     8.7022
-2.2523    4.2192     8.3113
-2.3633    3.9607     7.9678
-2.4001    3.7239     7.6289
-2.4616    3.5668     7.4082
-2.6102    3.3023     6.9445
-2.7255    3.1858     6.5096
-2.8385    3.1242     6.2478
-2.8759    3.0067     5.9542
-2.8528    3.005      5.5738
-2.7513    2.9905     5.3541
-2.5213    2.909      5.1739


















































































































































































0.004      7.156      11.2058    L-PM/MAX
0.0383     6.8356     10.9021
0.0614     6.5586     10.7076
0.1348     6.3289     10.5157
0.2273     6.0385     10.3094
0.2969     5.6994     10.0542
0.4351     5.4425     9.8094
0.52       5.1498     9.6466
0.6719     4.9096     9.5337
0.7102     4.6517     9.3741
0.8579     4.4523     9.2241
0.9298     4.2767     9.0282
1.0258     4.0255     8.792
1.1193     3.7396     8.4384
1.2026     3.5741     8.1151
1.3189     3.449      7.9136
1.3357     3.2205     7.6421
1.374      3.0296     7.3438
1.4008     2.9343     7.0673
1.4659     2.7622     6.8465
1.6288     2.6534     6.5433
1.7045     2.5205     6.3233
1.6914     2.4821     6.0115
1.5754     2.5286     5.7468
1.5391     2.5307     5.5412















































































































































































-2.816     7.1857     5.9849     ROSTRUM
-2.7615    7.1398     6.4332
-2.6401    7.1028     6.7392
-2.4761    7.055      7.1107
-2.3649    7.0605     7.3995
-2.3224    7.0037     7.6866
-2.3371    6.8816     8.0328
-2.3944    6.8037     8.3395
-2.4399    6.8549     8.6158
-2.4652    6.7341     8.9492
-2.5633    6.6734     9.0763
-2.792     6.6279     9.2412
-2.8869    6.6358     9.3945
-2.9374    6.5387     9.5735
-2.903     6.4813     9.7171
-2.7558    6.4014     9.9066
-2.6459    6.3477     9.9542
-2.4115    6.3589     10.0536
-2.2031    6.3125     10.0823
-1.99      6.3272     10.1211
-1.8147    6.287      10.1027
-1.6363    6.2443     10.136
-1.5084    6.2427     10.2061
-1.3914    6.1377     10.3355
-1.2902    6.1368     10.4113
-1.1761    6.1103     10.4931
-0.9012    6.0082     10.6816
-0.7438    5.9931     10.7475
-0.5342    5.97       10.7874
-0.3364    5.9415     10.6983
-0.1769    5.9745     10.6127
-0.0162    6.0572     10.5445
0.0863     6.0538     10.4446
0.3229     6.148      10.3206
0.5155     6.1191     10.2495
0.7024     6.1337     10.2229
0.9348     6.0934     10.2695
1.2325     6.0447     10.2554
1.4438     6.0818     10.151
1.6924     6.1176     10.1417
1.8785     6.1339     10.06
2.0569     6.1142     9.8216
2.1094     6.1791     9.5176
1.8893     6.3012     9.2327
1.7379     6.3788     9.1268
1.733      6.4091     8.7975
1.7796     6.4817     8.5177
1.7651     6.5068     8.3264
1.7271     6.5489     7.9194
1.7452     6.5294     7.6005
1.9157     6.6301     7.3782
2.1324     6.6282     7.0659
2.2731     6.6608     6.7979
2.3975     6.7285     6.6056
2.4816     6.7821     6.3987
2.5023     6.7946     6.1783
2.4932     6.8635     5.9786















































































































































-4.3928    12.4099    13.6396    SUPORB
-4.2924    12.3853    13.9569
-4.172     12.3613    14.278
-4.1157    12.3782    14.5104
-3.9728    12.2207    14.8007
-3.8455    12.0809    15.0293
-3.5954    11.9422    15.2781
-3.2235    11.5446    15.5576
-2.9534    11.5653    15.7196
-2.6066    11.4535    15.9107
-2.3763    11.4584    16.0241
-2.1082    11.4614    16.1105
-1.7693    11.3981    16.166
-1.4735    11.2425    16.1693
-1.1856    10.9014    16.1352
-0.9024    10.608     16.0356
-0.567     10.4192    15.9576
-0.2548    10.4056    15.9797
-0.0103    10.5515    16.1293
0.3728     10.7009    16.2477
0.6377     10.7796    16.3007
0.9736     10.8939    16.3322
1.5301     11.0234    16.2941
1.8475     10.8694    16.2275
2.0994     10.873     16.1407
2.3688     10.9249    16.0213
2.581      10.8746    15.9441
2.9196     10.8641    15.7839
3.1803     11.0393    15.5851
3.3505     11.1735    15.4037
3.5102     11.3572    15.2396
3.7453     11.3355    14.7339
3.8672     11.3015    14.54
3.9538     11.2899    14.3608
4.0199     11.2693    14.1897
4.0773     11.2494    14.0592




































































































































































-2.4763    10.2382    12.5367    RORBIT
-2.7223    10.3232    12.5395
-2.928     10.3639    12.5379
-3.2039    10.5078    12.5425
-3.3382    10.6967    12.7263
-3.5382    10.9603    12.8975
-3.5998    11.1615    13.0837
-3.7189    11.3529    13.3289
-3.8315    11.4783    13.6075
-3.8299    11.5334    13.8248
-3.7882    11.4219    14.1174
-3.6727    11.2383    14.4695
-3.5358    11.0011    14.7234
-3.2018    10.7609    14.8908
-3.069     10.7392    14.959
-2.8306    10.6865    15.033
-2.5602    10.6276    15.0362
-2.3055    10.5556    14.9874
-1.9381    10.4858    15.0338
-1.5683    10.4062    15.0009
-1.4261    10.417     14.8117
-1.2619    10.3502    14.5423
-1.1173    10.3071    14.3334
-1.0323    10.2735    14.2083
-0.9488    10.1372    13.9263
-0.9685    10.0827    13.704
-0.9889    10.0373    13.6171













































































































































































1.9527     9.7761     12.7788    LORBIT
2.2195     9.7961     12.8445
2.4246     9.9097     12.9446
2.6606     9.9898     13.0774
2.8226     10.1162    13.2137
2.9391     10.2444    13.3429
3.0482     10.3446    13.4999
3.1675     10.486     13.7349
3.1645     10.5404    13.8606
3.1863     10.6006    14.0103
3.2461     10.6474    14.2542
3.214      10.4823    14.585
3.0874     10.3706    14.8759
2.8835     10.288     15.0362
2.6761     10.144     15.2103
2.3648     9.9516     15.244
2.0605     9.8495     15.3102
1.7169     9.8469     15.2826
1.4403     9.8761     15.2364
1.1772     9.8769     15.2925
0.8861     9.9069     15.299
0.6386     9.9593     15.2366
0.4565     10.0069    15.0562
0.2692     10.0762    14.6225
0.0648     10.0857    14.3216
0.0715     10.1162    14.1138
0.086      10.109     13.9631
0.0886     10.0299    13.8011












































































































































































-4.3945    12.4174    13.5186    RTEMFOS
-4.5027    12.3361    13.2982
-4.5787    12.197     13.0782
-4.6176    12.1242    12.8003
-4.6468    12.0336    12.5819
-4.6538    11.9679    12.4459
-4.6743    11.8578    12.2672
-4.6933    11.7572    12.1081
-4.7572    11.6277    11.9068
-4.791     11.5581    11.6839
-4.8326    11.4682    11.4352
-4.885     11.3343    11.2321
-4.899     11.2707    11.0596
-4.9412    11.2158    10.8528
-5.0232    11.1378    10.6677
-5.0734    11.2767    10.4726
-5.1472    11.5286    10.3183
-5.2504    11.6914    10.2576
-5.2803    11.9435    10.2233
-5.2825    12.164     10.23
-5.3114    12.3057    10.2162
-5.3165    12.4996    10.2483


















































































































































































4.1112     11.2327    14.0148    LTEMFOS
4.243      11.0924    13.6669
4.3029     10.9747    13.4063
4.3491     10.8489    13.1283
4.3634     10.7099    12.9512
4.3531     10.592     12.7887
4.402      10.4692    12.5719
4.4324     10.3385    12.3993
4.4751     10.1999    12.1656
4.511      10.0153    11.8711
4.582      9.9191     11.638
4.6857     9.8697     11.4219
4.7881     9.8949     11.2007
4.8865     9.9666     11.0585
5.0274     10.059     10.9415
5.1575     10.268     10.9005
5.2572     10.5004    10.8849
5.3549     10.7093    10.9001
5.4246     10.8994    10.9173
5.4816     11.0723    10.914
5.4856     11.1847    10.9421
5.4883     11.3367    10.9928


















































































































































































-0.1896    2.6904     12.6341    OP
-0.1757    5.1538     12.6784    BA
-0.2008    10.7106    12.6734    ST
-0.0412    17.093     13.4137    IV
-4.3943    5.3456     12.2768    R_PG
-6.0047    7.4348     11.3812    R_ZTI
-2.6731    11.6755    13.9311    R_M3D
-2.7536    14.6518    14.2493    R_M12
-2.6034    17.5013    14.7775    R_MP3
-1.9916    18.787     14.1766    R_PMI
4.1132     5.3189     12.5198    L_PG
5.6904     7.3995     11.4895    L_ZTI
2.2128     11.4812    14.1918    L_M3D
2.4005     14.4237    14.3505    L_M12
2.4255     17.3982    14.7373    L_MP3
1.7259     18.5947    14.2945    L_PMI
0.6538     20.3131    14.225     O1
-3.5851    8.2464     5.8704     O2
5.5876     8.2503     10.5907    O3
-1.6808    0.0708     10.4692    O4




















































































































































































-4.1752    11.2558    11.098     RZYGINF
-4.369     11.0566    10.9686
-4.5239    10.9276    10.8588
-4.6895    10.8369    10.8196
-4.8627    10.7498    10.8714
-5.0242    10.4359    10.9368
-5.0239    10.249     10.986
-5.0975    10.0915    11.0339
-5.1215    9.7892     11.1186
-5.1703    9.5381     11.2053
-5.2534    9.335      11.2793
-5.2893    9.1227     11.3332
-5.369     8.9364     11.3502
-5.4611    8.6867     11.3953
-5.6116    8.4963     11.3957
-5.6569    8.3321     11.3622
-5.7565    8.084      11.3649
-5.8878    7.8665     11.404
-5.9494    7.6732     11.4204
-6.0004    7.5053     11.4162
-6.0329    7.4254     11.3553



















































































































































































3.8107     11.0182    11.4326    LZYGINF
4.0728     10.8921    11.2075
4.2465     10.7691    11.1228
4.4201     10.556     11.2289
4.6094     10.2527    11.2952
4.652      9.8947     11.3841
4.6426     9.6536     11.4676
4.7289     9.401      11.536
4.7518     9.0624     11.5985
4.8271     8.735      11.6209
4.9559     8.5263     11.6169
5.1098     8.321      11.6203
5.2503     8.151      11.6368
5.3796     7.881      11.7202
5.4497     7.6078     11.7364
5.4721     7.4782     11.6726
5.5786     7.2301     11.5134























































































































































































-2.722     11.7001    13.9101    R-ALV
-2.9174    11.9984    13.9384
-3.0273    12.4174    13.9098
-3.0373    12.7389    13.8887
-2.9639    13.0879    13.931
-2.9763    13.3341    14.0362
-2.9684    13.7134    14.056
-2.9991    13.9627    14.0991
-2.9628    14.292     14.1159
-2.8292    14.5857    14.0863
-2.8074    14.9596    14.1108
-2.809     15.3332    14.1635
-2.7349    15.6774    14.212
-2.6638    15.9294    14.3359
-2.6935    16.4008    14.4181
-2.7643    16.7896    14.4281
-2.7683    17.0279    14.4995
-2.7671    17.1434    14.5014
-2.7817    17.2489    14.5092
-2.7888    17.4005    14.5566




















































































































































































2.0446     11.4184    14.1043    L-ALV
2.3107     11.717     14.2002
2.4829     12.1212    14.1573
2.543      12.6132    14.155
2.4929     12.9761    14.2288
2.5215     13.3569    14.3115
2.5435     13.6616    14.2792
2.5421     14.0636    14.3114
2.3988     14.3616    14.2995
2.3586     14.6142    14.3431
2.3499     14.8922    14.3693
2.3774     15.1911    14.3663
2.3241     15.4806    14.3763
2.2233     15.688     14.4615
2.3322     16.0988    14.4467
2.3667     16.2759    14.4548
2.39       16.5254    14.4708
2.442      16.7533    14.4625
2.4618     16.9606    14.5508
2.5085     17.1529    14.5299
2.5305     17.3054    14.5559
