UWMA       ZA 726     Phu101sf
18.3635    21.5716    12.8008    IN
14.9132    17.696     15.3769    BR
11.0305    13.1887    14.2866    GL
11.0387    13.1831    14.2893    NA
8.0489     8.9376     8.9312     RH
6.3248     6.7245     5.5725     NS
6.0944     6.3695     4.4142     PR
5.4577     7.1466     4.5223     R_PR2
9.1247     10.8083    10.0348    R_PMS
8.1139     15.0665    7.8779     R_ZMI
9.569      14.2544    11.5774    R_ZMU
10.7771    13.3637    12.7882    R_DA
9.7451     14.6619    14.422     R_MTI
10.7104    15.4067    15.2068    R_MTS
8.9417     16.2954    12.8933    R_FMO
8.8058     17.1551    12.9385    R_FMT
12.3558    21.2744    9.9457     R_PO
8.0964     17.6654    9.4335     R_ZTS
6.981      5.9434     4.4503     L_PR2
9.7        10.3761    10.2317    L_PMS
14.156     10.0994    8.3191     L_ZMI
12.7931    11.7214    11.7738    L_ZMU
11.4025    12.7402    12.8499    L_DA
12.8975    12.135     14.5839    L_MTI
13.4654    13.0051    15.4019    L_MTS
14.5232    11.5757    13.2981    L_FMO
15.5734    11.5954    13.7666    L_FMT
19.2959    15.7791    10.5765    L_PO
16.4739    10.7       9.9925     L_ZTS
6.3505     5.7301     4.6019     O1
9.7558     16.6921    14.3415    O2
18.4808    12.1366    9.9744     O3
18.7262    20.8326    12.3914    O4







































































































































































11.0549    13.1842    14.3017    GLRH
11.0252    13.1252    14.101
10.9772    13.0974    13.7879
10.9737    13.0417    13.6084
10.9355    12.9814    13.3947
10.8974    12.8547    13.1292
10.7998    12.7404    12.9103
10.7889    12.7126    12.8785
10.7523    12.5454    12.6549
10.6622    12.3642    12.4374
10.5827    12.2344    12.2426
10.4842    12.124     12.0819
10.4043    11.9912    11.8947
10.2728    11.8129    11.6713
10.17      11.6244    11.4784
10.0528    11.4803    11.2908
9.9655     11.3415    11.1729
9.881      11.1917    11.0358
9.7226     10.9999    10.811
9.6011     10.8252    10.6394
9.5129     10.6501    10.5198
9.4249     10.5102    10.3738
9.1775     10.2929    10.1639
8.9575     10.1133    9.991
8.8252     9.8732     9.8374
8.6539     9.7055     9.6314
8.5207     9.5293     9.4488
8.4184     9.3635     9.2666
8.2811     9.1993     9.1344
8.1853     9.0509     9.0353
8.103      8.9776     8.9791
8.061      8.9177     8.8909








































































































































































8.0778     8.8918     8.9296     NOSE
7.8985     9.0683     8.8915
7.6775     9.1556     8.7976
7.525      9.3019     8.5919
7.2384     9.2628     8.4189
7.0989     9.2252     8.2594
6.9705     9.1147     8.0738
6.8063     9.0645     7.8807
6.7043     9.019      7.8184
6.3621     8.8103     7.5333
6.2555     8.6589     7.3674
6.1955     8.5155     7.1827
6.0643     8.3361     6.9853
5.9487     8.1275     6.7529
5.8879     7.9706     6.5725
5.8146     7.8064     6.4274
5.8353     7.6547     6.3724
5.9047     7.5175     6.2763
5.8934     7.3498     6.1678
5.9173     7.2019     6.0723
5.9157     7.0889     5.9158
6.0012     6.9752     5.7466
6.088      6.8787     5.5903
6.3114     6.7068     5.5557
6.3843     6.5752     5.5493
6.5522     6.527      5.6194
6.6956     6.2525     5.8609
6.913      6.1798     6.0707
7.0924     6.2137     6.1633
7.298      6.2905     6.2799
7.4515     6.3868     6.4115
7.6019     6.5143     6.5445
7.7699     6.5543     6.6649
7.8721     6.6543     6.8254
8.0325     6.8174     7.0248
8.1213     6.9293     7.1371
8.2193     7.0494     7.3002
8.419      7.1651     7.5991
8.5571     7.3527     7.751
8.5903     7.5929     7.9468
8.4974     7.8261     8.1803
8.5962     7.9325     8.4355
8.6004     8.2818     8.6349
8.5751     8.4337     8.645
8.4334     8.5198     8.7832
8.2938     8.6963     8.8312
8.2596     8.7501     8.8983
8.0593     8.9415     8.9303
























































































































































6.3506     6.7134     5.5545     NASP-PR
6.2197     6.6411     5.4829
6.183      6.4608     5.3444
6.0946     6.3521     5.1028
6.099      6.3301     4.9147
6.09       6.339      4.7297
6.0792     6.3463     4.6419
6.0899     6.328      4.5187
































































































































































































9.098      10.8057    10.0037    R-PM/MAX
9.0011     10.671     9.9024
8.8841     10.5645    9.8237
8.7974     10.4807    9.7276
8.6843     10.3657    9.6304
8.4965     10.305     9.4905
8.3067     10.2284    9.3241
8.167      10.1639    9.1884
7.9901     10.0943    9.0142
7.8022     10.004     8.8701
7.6204     9.9037     8.7524
7.4241     9.8361     8.5864
7.1258     9.6794     8.3604
6.9386     9.5789     8.2259
6.7686     9.5095     8.0741
6.6069     9.4234     7.9653
6.4559     9.3389     7.7505
6.3461     9.2884     7.4458
6.1922     9.1874     7.116
6.1351     9.1709     6.8792
6.0028     9.1164     6.6829
5.8812     9.0616     6.447
5.7331     8.9882     6.1575
5.5173     9.0614     5.9036
5.4278     8.9229     5.6811
5.3101     8.8551     5.2828
5.4023     8.6938     4.9891













































































































































































9.7324     10.3877    10.2616    L-PM/MAX
9.5662     10.1736    10.0222
9.4635     9.9614     9.8654
9.373      9.6953     9.6762
9.3081     9.4074     9.4412
9.2071     9.0503     9.1617
9.1817     8.786      8.935
9.0707     8.4579     8.6979
9.0235     8.256      8.5283
8.9683     8.0833     8.4327
8.9835     7.9555     8.3277
8.9864     7.757      8.1477
8.9512     7.6101     8.0091
8.9335     7.4362     7.8185
8.8905     7.2513     7.5886
8.9088     7.1661     7.3166
8.8624     7.0748     7.0071
8.8405     6.999      6.8382
8.7753     6.8663     6.6238
8.8055     6.7892     6.4542
8.8185     6.6801     6.2731
8.7438     6.5571     6.1289
8.6563     6.414      5.9465
8.689      6.2116     5.5809
8.6709     6.1306     5.3523
8.6083     6.2166     5.0251














































































































































































7.6939     12.5926    5.4596     ROSTRUM
7.6743     12.6028    5.6791
7.6065     12.5366    5.9593
7.6728     12.4114    6.2378
7.7784     12.28      6.4796
7.8453     12.2246    6.6426
7.9502     12.1152    6.8835
7.9465     12.0192    7.3819
7.8831     11.9851    7.5468
7.8857     11.9892    7.5388
7.7868     11.9998    7.7444
7.5657     12.0834    8.0082
7.355      12.0756    8.2919
7.2627     11.9986    8.5154
7.1964     11.9137    8.8376
7.2291     11.7667    9.0804
7.3683     11.6307    9.2668
7.4789     11.5407    9.405
7.595      11.4082    9.4405
7.8594     11.33      9.4395
8.0645     11.1692    9.4493
8.2533     11.025     9.4762
8.5004     10.8584    9.5276
8.6454     10.7039    9.6214
8.757      10.6483    9.7236
8.8469     10.5429    9.7787
8.9305     10.4849    9.8856
8.9845     10.3683    10.049
9.1724     10.2048    10.102
9.4051     10.1117    9.9919
9.5034     10.0016    9.9248
9.6572     9.8777     9.85
9.8212     9.7293     9.7724
9.9614     9.6389     9.6146
10.1767    9.503      9.538
10.3268    9.357      9.547
10.4725    9.2078     9.5691
10.6398    9.0827     9.5341
10.8575    8.8666     9.4769
10.9602    8.7888     9.4444
11.1169    8.721      9.3105
11.276     8.7178     9.0055
11.4014    8.7526     8.6764
11.3782    8.7838     8.3476
11.3462    8.9744     7.9983
11.2486    9.2175     7.7593
11.2068    9.31       7.5093
11.1834    9.3057     7.3402
11.2243    9.319      7.1499
11.2862    9.3036     6.992
11.3305    9.2783     6.8614
11.441     9.2124     6.6783
11.5643    9.1254     6.5036
11.7517    9.1015     6.3151
11.7841    9.0793     6.0795
11.7898    9.0848     5.8905
11.8034    9.1321     5.768
11.8177    9.1416     5.6598
11.8611    9.1897     5.5216
11.8521    9.2174     5.4302












































































































































8.8152     17.1512    12.9717    SUPORB
8.9367     17.2046    13.1922
8.984      17.2233    13.4044
9.0519     17.2314    13.6336
9.1018     17.1874    13.8749
9.1886     17.0808    14.1277
9.3375     16.7855    14.4286
9.3826     16.6506    14.515
9.4187     16.3799    14.6598
9.575      16.1289    14.8082
9.8495     15.8873    14.9153
10.038     15.8143    14.9924
10.3909    15.5399    15.1443
10.6653    15.4205    15.2068
10.921     15.1617    15.2491
11.0872    14.8947    15.2306
11.1748    14.5895    15.2315
11.2475    14.3604    15.2107
11.2621    14.0003    15.1541
11.3426    13.773     15.1185
11.4462    13.6144    15.1175
11.7046    13.5939    15.186
11.9356    13.6379    15.2686
12.1961    13.6937    15.3093
12.5207    13.6819    15.3502
12.7561    13.5642    15.3808
12.9215    13.3221    15.4016
13.0979    13.1177    15.4104
13.1866    12.8438    15.3906
13.3143    12.598     15.3697
13.5436    12.4241    15.3304
13.9543    12.2582    15.2623
14.1737    12.1268    15.2013
14.3636    12.0467    15.1428
14.5976    11.9174    15.0347
14.7871    11.8572    14.9512
14.9625    11.7697    14.7898
15.0493    11.6646    14.6346
15.2398    11.642     14.4487
15.346     11.5965    14.2588
15.4333    11.6032    14.0962
15.4506    11.5715    13.9343
15.4751    11.5286    13.834
15.5142    11.4949    13.7223
15.5097    11.4596    13.6369



























































































































































9.548      14.3411    11.5718    RORBIT
9.3622     14.5551    11.6119
9.2575     14.7258    11.6595
9.1442     14.9276    11.7142
9.1171     15.1253    11.7877
9.0708     15.2745    11.8653
9.0273     15.456     11.9703
8.995      15.6271    12.1266
8.9667     15.8168    12.2618
8.9734     15.9814    12.4294
8.9678     16.1128    12.5994
9.0005     16.1988    12.7397
9.0213     16.2761    12.9054
9.0528     16.3207    13.0476
9.0862     16.3473    13.2554
9.0887     16.3377    13.4386
9.0647     16.2904    13.601
9.0367     16.2111    13.7676
9.0437     15.9732    14.0501
9.0761     15.6758    14.462
9.235      15.3577    14.5077
9.3964     15.2079    14.452
9.5588     14.919     14.4674
9.6804     14.8361    14.3959
9.8493     14.6742    14.3407
9.9369     14.4704    14.3803
9.9702     14.3978    14.4035
10.1445    14.2824    14.3852
10.3847    14.2026    14.4475
10.5892    14.0943    14.4604
10.7308    13.9225    14.3961
10.7968    13.8171    14.2115
10.8007    13.6429    13.9475
10.8631    13.6084    13.7187
10.9087    13.5657    13.4805
10.8835    13.4647    13.3196
10.8788    13.4249    13.1886
10.8653    13.3947    13.0645
10.8191    13.3461    12.9723
10.7914    13.3373    12.8882
10.7729    13.3751    12.7585































































































































































12.8147    11.6106    11.7901    LORBIT
13.0717    11.5107    11.8672
13.2831    11.3464    11.9493
13.5069    11.3288    12.0692
13.7222    11.4169    12.1617
13.9466    11.3209    12.3251
14.0943    11.3756    12.4703
14.2261    11.4584    12.6213
14.3264    11.5172    12.7589
14.4403    11.5363    12.9925
14.4928    11.5553    13.1345
14.5164    11.526     13.3321
14.5653    11.5453    13.569
14.5414    11.5272    13.7845
14.4686    11.4659    13.9552
14.3782    11.5164    14.1363
14.2814    11.5117    14.2907
14.1039    11.4911    14.614
13.9722    11.5359    14.6906
13.7334    11.6778    14.7126
13.4196    11.7211    14.8144
13.19      11.7938    14.8596
13.0037    11.9128    14.8534
12.8295    12.0188    14.7372
12.6827    12.0761    14.7353
12.5262    12.1425    14.6627
12.383     12.2651    14.557
12.2109    12.4362    14.588
12.07      12.6981    14.6019
11.8968    12.9499    14.4922
11.777     12.9903    14.3033
11.7127    13.0078    13.9295
11.7039    13.0119    13.6893
11.6828    13.0176    13.4646
11.6343    12.9677    13.2995
11.642     12.9453    13.1115
11.5854    12.8602    12.9879
11.5367    12.7831    12.9078
11.4915    12.7139    12.8159

































































































































































8.7975     17.1595    12.8256    RTEMFOS
8.6639     17.1086    12.6245
8.5543     17.0407    12.3927
8.4897     16.9845    12.1936
8.4058     16.8672    12.0676
8.3331     16.7841    11.9312
8.3012     16.7467    11.7752
8.2375     16.6584    11.5761
8.1847     16.5745    11.4323
8.1298     16.5024    11.2638
8.083      16.4503    11.1066
8.0205     16.3783    10.8887
7.9619     16.3458    10.6441
7.8938     16.3133    10.4558
7.8178     16.2275    10.3003
7.7849     16.2166    10.1413
7.7746     16.2426    10.0183
7.7289     16.2084    9.8951
7.661      16.216     9.6991
7.6727     16.337     9.495
7.5947     16.5052    9.3318
7.6902     16.708     9.305
7.7213     16.8909    9.3184
7.7511     17.0678    9.327
7.8004     17.2317    9.3512
7.8735     17.3917    9.3706
7.9709     17.5412    9.4064
7.9969     17.5887    9.4255
8.0339     17.7355    9.4264











































































































































































15.5156    11.4785    13.6373    LTEMFOS
15.444     11.3376    13.3968
15.4132    11.2501    13.1816
15.3898    11.1637    12.9743
15.3153    11.038     12.7786
15.2679    10.9437    12.5832
15.2514    10.871     12.3718
15.194     10.7685    12.1617
15.1634    10.6654    11.9595
15.1398    10.5887    11.763
15.1065    10.5073    11.5947
15.0814    10.4411    11.4559
15.0226    10.3574    11.2664
15.019     10.2417    10.9448
15.0227    10.1285    10.6397
15.0752    10.0817    10.4366
15.1963    10.0768    10.2145
15.3571    10.0166    10.0308
15.5261    10.0337    9.9273
15.7415    10.0888    9.873
16.0531    10.2026    9.9093
16.2347    10.4087    9.925
16.3539    10.4911    9.9867
16.4534    10.5708    9.9902
16.5158    10.6713    10.0021















































































































































































8.4742     9.3992     12.429     OP
9.7555     11.1164    12.5684    BA
13.3606    15.8393    11.7891    ST
17.5719    21.4036    11.7742    IV
6.6618     14.1869    11.8961    R_PG
7.1166     17.2063    10.8752    R_ZTI
11.9766    18.0901    13.0104    R_M3D
13.5774    20.6062    12.9652    R_M12
15.5315    22.6927    12.6198    R_MP3
16.8121    23.6232    12.1239    R_PMI
13.6364    9.0013     12.1611    L_PG
16.4751    10.1697    11.1538    L_ZTI
15.7518    15.2761    13.2607    L_M3D
17.7437    17.544     13.2967    L_M12
19.2852    19.8349    12.9764    L_MP3
19.6712    21.3544    12.4743    L_PMI
19.9357    23.6389    12.1221    O1
9.1709     15.3914    5.2204     O2
16.2277    9.5296     10.7428    O3
7.573      6.7492     9.7007     O4




















































































































































































10.8176    18.9193    10.8782    RZYGINF
10.6612    18.8559    10.7405
10.5559    18.809     10.6545
10.4047    18.8433    10.5424
10.2641    18.8345    10.4946
10.0412    18.8255    10.4369
9.8183     18.8155    10.4078
9.617      18.7814    10.4441
9.3836     18.6841    10.5285
9.1364     18.609     10.6438
8.8791     18.4979    10.7266
8.7315     18.3546    10.7912
8.5149     18.1103    10.8454
8.276      17.9573    10.8567
8.0788     17.786     10.8715
7.8086     17.6099    10.9163
7.6276     17.5635    10.8818
7.419      17.4562    10.9074
7.2468     17.3474    10.8773
7.178      17.2958    10.8626
7.0903     17.2806    10.8412



















































































































































































17.0344    14.2192    11.1981    LZYGINF
17.0895    14.0338    11.0301
17.152     13.8398    10.9038
17.2024    13.5528    10.8042
17.2317    13.3127    10.7806
17.2636    13.0408    10.7959
17.2202    12.7516    10.8861
17.1233    12.4167    11.0296
16.9658    12.0826    11.1474
16.9004    11.9019    11.1946
16.8098    11.6309    11.2336
16.7753    11.5084    11.2235
16.7604    11.273     11.2272
16.6606    11.1223    11.2421
16.6692    10.9201    11.2644
16.6965    10.7282    11.2617
16.6234    10.5457    11.2313
16.5314    10.3981    11.2304
16.4246    10.2658    11.2222
16.4107    10.1887    11.2058




















































































































































































11.9553    18.1192    12.9186    R-ALV
11.9341    18.383     12.83
12.0251    18.6373    12.8456
12.0847    18.9085    12.7818
12.2094    19.0948    12.7952
12.3815    19.2638    12.8412
12.5431    19.5438    12.869
12.723     19.8375    12.8897
12.9108    20.0532    12.8496
13.0017    20.1919    12.8111
13.0665    20.4034    12.8591
13.3289    20.5344    12.8437
13.5765    20.7449    12.88
13.7221    20.9943    12.8171
13.8569    21.179     12.7173
13.9572    21.3323    12.7328
14.6088    21.6986    12.6037
14.7672    22.0679    12.4681
14.9359    22.2757    12.5032
15.0567    22.4698    12.4501
15.2233    22.6364    12.4492
15.3099    22.713     12.4254
15.3384    22.7789    12.3781

















































































































































































15.8997    15.3489    13.228     L-ALV
16.1412    15.4234    13.1379
16.274     15.4917    13.1078
16.5731    15.6932    13.0379
16.8608    15.9854    12.9554
17.0122    16.1863    13.0194
17.1623    16.4002    13.1926
17.3624    16.6315    13.1093
17.5284    16.7703    13.0886
17.7257    16.9517    13.1467
17.758     17.3325    13.1803
17.9329    17.6001    13.0957
18.1071    17.822     13.0536
18.2168    17.9756    13.0831
18.3996    18.2244    13.078
18.3991    18.537     13.0081
18.531     18.8074    13.0062
18.7915    19.0257    12.951
18.9344    19.2266    12.9563
19.1478    19.3898    12.8518
19.2556    19.5296    12.8622
19.3245    19.6687    12.8457
19.3858    19.8104    12.8237
