AMNH       80771      Phu10stv
18.0434    14.02      14.1162    IN
15.5099    10.8525    17.0328    BR
10.5452    5.644      15.9852    GL
10.4347    5.6642     15.3176    NA
7.4902     3.137      9.7515     RH
5.9804     1.7747     6.5496     NS
5.6417     1.5436     5.155      PR
5.0906     2.3555     5.1712     R_PR2
8.609      4.7213     11.3069    R_PMS
7.7604     8.9816     9.5046     R_ZMI
9.0025     7.4418     12.9942    R_ZMU
10.2347    6.1755     14.3551    R_DA
9.4269     7.3629     15.7289    R_MTI
10.1362    7.8188     16.8247    R_MTS
8.6027     8.987      14.4461    R_FMO
8.5368     9.7685     14.4152    R_FMT
11.9496    14.0557    11.9869    R_PO
8.0879     10.7346    11.2509    R_ZTS
6.5182     0.9739     5.1631     L_PR2
9.3205     4.041      11.2154    L_PMS
13.3647    3.6122     9.1305     L_ZMI
12.1249    4.5903     12.7255    L_ZMU
10.8321    5.5109     14.0217    L_DA
12.1671    4.7126     15.4922    L_MTI
12.7552    5.5001     16.6851    L_MTS
13.9483    4.3087     13.886     L_FMO
14.767     4.6022     13.7829    L_FMT
18.5833    8.4879     11.5026    L_PO
15.776     4.2841     10.6831    L_ZTS
5.9078     0.882      4.8683     O1
7.2397     9.5985     10.7639    O2
14.145     5.2012     15.7074    O3
15.0891    15.2849    12.4462    O4







































































































































































10.4735    5.7058     15.9424    GLRH
10.4682    5.6484     15.8173
10.4592    5.6418     15.6845
10.4452    5.6526     15.5105
10.4397    5.6742     15.3338
10.4479    5.6578     15.1671
10.4364    5.6844     14.9754
10.4439    5.6981     14.835
10.4445    5.7026     14.6257
10.4372    5.6894     14.4927
10.4111    5.6567     14.2846
10.3477    5.6204     14.091
10.3063    5.5823     13.9402
10.2251    5.5359     13.7821
10.1599    5.459      13.6149
10.0402    5.3937     13.4439
9.9307     5.2755     13.2538
9.8661     5.1476     13.1048
9.7613     5.03       12.9028
9.6639     4.9854     12.7578
9.6147     4.9283     12.6687
9.56       4.8358     12.5554
9.471      4.7525     12.4109
9.3797     4.6834     12.2957
9.3323     4.6173     12.185
9.2698     4.5737     12.0947
9.1961     4.5291     12.0026
9.1312     4.4819     11.9304
9.0683     4.3856     11.7869
8.9859     4.2806     11.649
8.9282     4.2181     11.5857
8.8134     4.1631     11.4618
8.7741     4.0738     11.3656
8.6649     3.986      11.2408
8.5934     3.9083     11.1501
8.4976     3.8328     11.0333
8.4107     3.7851     10.9271
8.311      3.7067     10.796
8.2264     3.6604     10.736
8.1225     3.6297     10.6328
8.0221     3.5763     10.5116
7.917      3.493      10.3587
7.811      3.4193     10.2421
7.7448     3.3098     10.1532
7.6695     3.2262     9.9937
7.5986     3.1711     9.8896
7.5402     3.119      9.7957

























































































































































7.4603     3.1455     9.7109     NOSE
7.3043     3.2658     9.7162
7.1868     3.3505     9.5808
7.0551     3.4994     9.5167
6.9188     3.5089     9.4308
6.7416     3.5457     9.3196
6.6316     3.5403     9.146
6.5295     3.5331     8.9971
6.4234     3.5029     8.9121
6.2292     3.4585     8.7725
6.1294     3.4519     8.6998
6.045      3.3945     8.5879
5.9695     3.3521     8.4424
5.886      3.2998     8.3324
5.7961     3.2796     8.1673
5.7595     3.2342     8.0933
5.6935     3.1701     7.94
5.628      3.1441     7.8216
5.5849     3.0925     7.7628
5.5368     3.049      7.6681
5.4475     2.9977     7.5235
5.405      2.8589     7.4206
5.42       2.7364     7.3302
5.4005     2.6238     7.2069
5.3681     2.4811     7.1165
5.3717     2.336      7.0191
5.3887     2.2676     6.9618
5.4353     2.1935     6.9078
5.5533     2.0476     6.8253
5.6311     1.9355     6.7629
5.8014     1.915      6.7656
5.8245     1.843      6.6918
5.8977     1.8289     6.5795
5.9555     1.7829     6.5591
6.0865     1.6909     6.5806
6.1665     1.5877     6.6355
6.19       1.4887     6.7202
6.2836     1.4108     6.8046
6.4605     1.2496     6.8991
6.5823     1.2633     6.958
6.7022     1.2287     7.0171
6.8536     1.2644     7.1224
6.9879     1.2993     7.1886
7.0399     1.2906     7.2378
7.1538     1.2889     7.3455
7.2644     1.2285     7.4523
7.361      1.2754     7.6288
7.4536     1.2752     7.8311
7.5511     1.4025     7.9194
7.6016     1.4398     8.0119
7.6294     1.4817     8.0761
7.6789     1.5354     8.1413
7.7499     1.6708     8.3309
7.7744     1.7318     8.4451
7.8247     1.8408     8.6359
7.8658     1.9339     8.7924
7.8838     2.0197     8.9306
7.8755     2.1101     9.007
7.9037     2.2153     9.1303
7.9055     2.3572     9.2741
7.9229     2.4522     9.3904
7.9143     2.5903     9.5024
7.8081     2.6724     9.5609
7.7142     2.8354     9.6596
7.6374     2.9563     9.7254
7.4741     3.1179     9.7511






































































































































6.0187     1.815      6.5782     NASP-PR
5.8621     1.6982     6.4139
5.7346     1.6239     6.2261
5.6746     1.5684     6.0291
5.6689     1.5294     5.8845
5.6342     1.5307     5.8067
5.6362     1.5009     5.6611
5.5959     1.5204     5.4866
5.5901     1.5375     5.3205
5.625      1.5159     5.1969






























































































































































































8.6073     4.7179     11.3086    R-PM/MAX
8.4794     4.6375     11.1414
8.3523     4.5571     10.9859
8.2587     4.4831     10.8705
8.1509     4.4357     10.7484
8.0496     4.4042     10.6595
7.9284     4.3622     10.5278
7.7986     4.336      10.4152
7.7131     4.3227     10.3378
7.5419     4.2637     10.2169
7.4112     4.2031     10.1059
7.2674     4.1109     9.9805
7.119      4.0585     9.8235
7.0154     4.0479     9.6729
6.8595     4.0072     9.5564
6.7362     3.9757     9.437
6.6229     3.912      9.3234
6.5015     3.8471     9.1985
6.364      3.8284     9.0807
6.2629     3.7985     8.9729
6.0928     3.7196     8.7584
6.026      3.6895     8.598
5.9481     3.669      8.4348
5.8677     3.6407     8.2912
5.8187     3.6263     8.1731
5.7201     3.5752     8.0483
5.6544     3.5865     7.8498
5.5713     3.544      7.6978
5.4873     3.5288     7.4884
5.4282     3.4942     7.3009
5.3866     3.5791     7.1054
5.3598     3.597      7.0049
5.2591     3.6279     6.8737
5.1133     3.6316     6.6845
5.0455     3.6296     6.5023
5.0026     3.6537     6.3988
4.9446     3.5999     6.2109
4.9374     3.6068     6.126
4.9536     3.7019     5.8974
5.0213     3.7312     5.7438
5.1437     3.6694     5.6731































































































































































9.3455     4.0622     11.2255    L-PM/MAX
9.2489     3.9207     11.0579
9.1897     3.8284     10.9308
9.1346     3.7214     10.8051
9.0705     3.5779     10.6491
9.0231     3.4598     10.5175
8.9731     3.3783     10.4322
8.9014     3.2358     10.2721
8.8568     3.1273     10.1501
8.8106     2.9759     10.0332
8.7373     2.8935     9.9582
8.6895     2.7931     9.8406
8.686      2.707      9.7818
8.6228     2.6394     9.6826
8.5854     2.5152     9.62
8.5285     2.4285     9.5243
8.4877     2.3491     9.4549
8.4387     2.2729     9.3822
8.3831     2.1788     9.2701
8.3279     2.0977     9.1417
8.2997     2.0332     9.0369
8.2589     1.9686     8.9226
8.2131     1.9148     8.8165
8.1655     1.7864     8.5902
8.1319     1.7313     8.436
8.0985     1.6678     8.3006
8.0523     1.5778     8.0677
8.0515     1.5191     7.9486
8.0366     1.4644     7.7946
8.0038     1.4089     7.6601
7.9641     1.3499     7.5612
7.975      1.299      7.4023
7.9802     1.2286     7.1555
7.9087     1.0812     6.9001
7.9483     0.992      6.7102
7.9393     0.9369     6.5927
7.9763     0.8372     6.4476
7.9562     0.7834     6.3148
7.9475     0.7403     6.131
7.8798     0.7104     6.0248
7.8733     0.7198     5.89
7.9492     0.9391     5.6335
7.9542     0.9797     5.5558





























































































































































7.4267     6.9096     6.6063     ROSTRUM
7.44       6.8593     6.7925
7.3838     6.821      6.9987
7.3363     6.8315     7.1837
7.3293     6.8155     7.3414
7.3237     6.6863     7.5307
7.3991     6.5489     7.6671
7.4653     6.42       7.8295
7.4974     6.3283     7.9949
7.5059     6.2343     8.1642
7.5006     6.1192     8.4394
7.4652     5.9362     8.6997
7.4557     5.844      8.9041
7.4462     5.8252     9.0583
7.3758     5.7718     9.1628
7.2941     5.7696     9.3762
7.2099     5.7359     9.5897
7.075      5.7602     9.8018
6.9827     5.7284     9.9596
6.9586     5.6317     10.0543
7.006      5.4984     10.1153
7.034      5.4288     10.1987
7.0863     5.3559     10.272
7.21       5.1465     10.2146
7.3027     4.9741     10.239
7.4468     4.8261     10.2652
7.5565     4.653      10.2675
7.647      4.5701     10.3225
7.7263     4.3992     10.3812
7.7789     4.3278     10.4161
7.8424     4.1867     10.5425
7.9199     4.0376     10.6246
7.9728     3.9589     10.6915
8.0398     3.8474     10.7425
8.107      3.8052     10.7436
8.2005     3.6704     10.7236
8.2938     3.5914     10.7404
8.3951     3.5213     10.7171
8.4478     3.4301     10.6657
8.6309     3.3237     10.5151
8.7465     3.2748     10.4295
8.803      3.2264     10.3344
8.9045     3.2075     10.2647
9.1208     3.091      10.202
9.2678     3.0173     10.1367
9.3414     2.8863     10.136
9.4788     2.8128     10.1634
9.6286     2.7431     10.1806
9.7417     2.6638     10.1313
9.8365     2.6397     10.0073
9.9123     2.5871     9.9634
10.053     2.5231     9.9692
10.2164    2.5619     9.7763
10.3057    2.7724     9.5744
10.2768    2.8886     9.3729
10.2923    3.0057     9.1848
10.3178    3.0859     8.9946
10.3675    3.2011     8.8269
10.3665    3.2287     8.6413
10.434     3.2538     8.4583
10.5224    3.3223     8.3163
10.6141    3.3821     8.0782
10.7154    3.4412     7.917
10.8047    3.4397     7.7472
10.9725    3.4166     7.5985
11.0636    3.3826     7.4381
11.1727    3.3685     7.3476
11.2696    3.3905     7.1253
11.2859    3.4262     6.8466
11.342     3.4854     6.6876
11.3801    3.5293     6.5989
11.4283    3.5843     6.4192
































































































































8.6577     9.7575     14.3376    SUPORB
8.659      9.776      14.5749
8.6937     9.7776     14.7941
8.7587     9.7193     15.0492
8.9374     9.7067     15.1706
8.9635     9.6088     15.4627
9.0215     9.5222     15.6139
9.0433     9.3382     15.7895
9.0964     9.1172     15.9732
9.1569     8.9452     16.0969
9.2276     8.6738     16.2631
9.2604     8.5236     16.3277
9.3856     8.3734     16.4313
9.5774     8.2428     16.554
9.7375     8.1196     16.6741
9.8467     7.9822     16.7426
10.0315    7.8196     16.8386
10.1329    7.6463     16.8673
10.1957    7.4817     16.9052
10.2743    7.3565     16.9196
10.3267    7.1382     16.9165
10.4121    6.981      16.9298
10.4905    6.8061     16.8954
10.5721    6.5636     16.8386
10.6635    6.4296     16.8112
10.6914    6.2643     16.7877
10.835     6.1036     16.7257
10.9143    6.0047     16.7127
10.9854    5.917      16.7035
11.2048    5.8845     16.6953
11.4101    5.869      16.7637
11.574     5.8478     16.7926
11.7044    5.8251     16.8042
11.923     5.8826     16.8457
12.1352    5.8751     16.8579
12.33      5.8636     16.8528
12.5843    5.7006     16.7995
12.6353    5.5589     16.7352
12.7425    5.4103     16.6648
12.8501    5.3372     16.6107
13.0071    5.213      16.5153
13.1527    5.1521     16.4442
13.3212    5.1044     16.363
13.4374    5.0133     16.2593
13.5669    4.9389     16.1623
13.8305    4.9213     15.9713
13.9996    4.881      15.8405
14.1776    4.876      15.7046
14.2854    4.8886     15.6399
14.5046    4.7787     15.1587
14.743     4.8228     14.9604
14.8046    4.7378     14.5415
14.8121    4.6287     14.2526
14.8211    4.6479     14.1012
14.8103    4.6142     13.8451
14.7939    4.578      13.7986
















































































































































9.0189     7.464      12.9903    RORBIT
8.8747     7.6003     13.0198
8.7527     7.6883     13.0399
8.6737     7.8253     13.1092
8.6017     7.9465     13.1928
8.5743     8.0808     13.2378
8.5452     8.2438     13.3312
8.5697     8.3511     13.4368
8.5763     8.4681     13.5291
8.5893     8.5898     13.6376
8.6233     8.6745     13.7544
8.6276     8.7567     13.8656
8.631      8.7868     13.9588
8.6503     8.8476     14.0824
8.6288     8.8707     14.2069
8.6737     8.8954     14.3034
8.6804     8.949      14.4355
8.6652     8.9687     14.5771
8.6881     8.9321     14.7609
8.7425     8.8855     14.8494
8.7612     8.7986     15.0369
8.7865     8.6939     15.1853
8.8109     8.578      15.3307
8.8341     8.4127     15.4741
8.8769     8.2991     15.5381
8.9687     8.133      15.6212
9.0122     8.0554     15.6519
9.0703     7.9023     15.7056
9.1351     7.7318     15.7169
9.1819     7.5637     15.7458
9.2819     7.3978     15.7692
9.3878     7.3675     15.7304
9.4576     7.2943     15.7282
9.5391     7.208      15.6889
9.7844     6.9062     15.8277
9.8032     6.7907     15.9123
9.9753     6.6938     15.8949
10.0427    6.5816     15.8677
10.2642    6.445      15.5418
10.2853    6.3728     15.3609
10.3156    6.3731     15.2136
10.3139    6.3411     15.0107
10.3103    6.3365     14.8918
10.3107    6.2863     14.7607
10.3214    6.2672     14.6593
10.2819    6.1992     14.5748
10.2699    6.1823     14.4661
10.2388    6.1644     14.3121
























































































































































12.2311    4.5027     12.7792    LORBIT
12.3725    4.3772     12.8017
12.552     4.2471     12.8463
12.724     4.1519     12.8495
12.8625    4.1374     12.9423
12.982     4.14       13.0267
13.1329    4.0787     13.1067
13.3971    4.1457     13.2357
13.5369    4.188      13.3339
13.6482    4.2261     13.4369
13.7336    4.273      13.5596
13.8251    4.3038     13.6836
13.8915    4.3075     13.8139
13.9663    4.2993     13.925
13.9727    4.3276     14.0312
13.895     4.2849     14.2259
13.8378    4.2821     14.3693
13.7365    4.2977     14.5223
13.6717    4.3019     14.622
13.6108    4.2846     14.6962
13.5158    4.2802     14.8279
13.4101    4.3347     14.9133
13.3089    4.3007     15.0189
13.2337    4.3354     15.063
13.1154    4.3071     15.1514
12.9339    4.2964     15.2916
12.8265    4.3196     15.3729
12.6654    4.4093     15.3706
12.5353    4.5036     15.4028
12.3625    4.5492     15.5025
12.2621    4.6415     15.5162
12.094     4.7583     15.4991
11.8763    4.9776     15.6825
11.7643    5.0831     15.7672
11.6349    5.1853     15.7777
11.5015    5.3131     15.7966
11.3617    5.3951     15.7109
11.2677    5.5485     15.4828
11.1872    5.5968     15.3291
11.1346    5.6346     15.1707
11.0851    5.6767     14.8928
11.0009    5.6353     14.7606
10.898     5.6041     14.5873
10.9157    5.6142     14.429
10.8666    5.5758     14.2468
10.8643    5.5448     14.1679
10.8165    5.4919     14.0136

























































































































































8.5422     9.729      14.3645    RTEMFOS
8.4224     9.7213     14.0575
8.3914     9.7417     13.8355
8.3133     9.7628     13.5805
8.2426     9.734      13.4352
8.1832     9.7225     13.271
8.1568     9.7103     13.1459
8.1241     9.7407     12.9862
8.1012     9.726      12.8512
8.0467     9.705      12.6785
7.9767     9.663      12.6109
7.9535     9.6642     12.4915
7.8954     9.6398     12.2753
7.8429     9.6093     12.1157
7.8081     9.5931     12.0166
7.7849     9.5821     11.9306
7.7277     9.5758     11.7828
7.6702     9.5357     11.6561
7.6069     9.5481     11.542
7.6441     9.6241     11.3718
7.6123     9.7009     11.2711
7.663      9.9001     11.1763
7.7303     10.0288    11.1224
7.7743     10.2031    11.139
7.8928     10.3081    11.1604
7.9414     10.4508    11.1806
8.0404     10.5306    11.2237
8.1346     10.6131    11.2781












































































































































































14.7567    4.615      13.7363    LTEMFOS
14.7651    4.5568     13.5477
14.7746    4.4726     13.3804
14.7018    4.5134     13.1192
14.7232    4.4299     13.0252
14.695     4.4057     12.9026
14.6888    4.3712     12.7935
14.6505    4.2489     12.6827
14.6583    4.3046     12.5361
14.6363    4.2827     12.4096
14.634     4.2579     12.291
14.651     4.2296     12.1642
14.6551    4.1713     12.0159
14.5834    4.2162     11.8397
14.6009    4.0928     11.7307
14.5651    4.0255     11.5927
14.4629    3.8738     11.2869
14.4514    3.8361     11.1769
14.461     3.7392     11.0329
14.4279    3.6556     10.908
14.4861    3.5782     10.7832
14.7074    3.59       10.5647
14.8571    3.6177     10.4832
14.9795    3.6585     10.4573
15.1627    3.7909     10.4565
15.3562    3.9571     10.5219
15.5156    4.0855     10.5753
15.5918    4.2175     10.6293
15.7085    4.3107     10.7053











































































































































































7.5968     2.8589     10.2261    OP
8.8595     4.3471     10.7798    BA
12.3872    8.2006     11.5147    ST
16.2067    12.6684    13.1861    IV
5.8814     7.6899     10.128     R_PG
6.9175     10.1819    9.6083     R_ZTI
10.9703    9.9663     12.6369    R_M3D
12.4367    12.2886    13.3681    R_M12
14.1246    13.9639    13.8087    R_MP3
15.6286    14.8017    14.017     R_PMI
12.3217    1.7596     10.7017    L_PG
14.9095    2.7233     10.2532    L_ZTI
14.2504    7.1404     13.0005    L_M3D
16.2179    8.853      13.7001    L_M12
17.7567    10.8687    14.1319    L_MP3
18.4706    12.4936    14.0501    L_PMI
18.5807    14.5523    14.6228    O1
9.455      12.0197    9.351      O2
14.2294    5.2108     4.5999     O3
4.4266     3.7376     8.5326     O4




















































































































































































10.1921    11.5929    10.6179    RZYGINF
10.0025    11.5536    10.5167
9.8893     11.4644    10.4513
9.7801     11.3942    10.3551
9.6079     11.3868    10.2104
9.4369     11.3817    10.1341
9.2309     11.3068    10.1157
9.0444     11.2864    10.1009
8.8165     11.1657    10.1325
8.6337     11.0543    10.1303
8.5562     10.9365    10.1518
8.4082     10.8282    10.1437
8.2439     10.7056    10.1126
8.1408     10.5937    10.0962
7.973      10.499     10.0621
7.8679     10.4741    10.0369
7.7217     10.4451    9.9847
7.5906     10.4658    9.9285
7.3925     10.393     9.8797
7.2529     10.3279    9.8211
7.1627     10.2974    9.7673
7.0708     10.2102    9.7277
6.9836     10.2057    9.6936
6.88       10.1325    9.6105
















































































































































































15.9456    6.2852     11.1015    LZYGINF
15.9869    6.0762     10.9398
16.0152    5.9384     10.8226
16.0554    5.8299     10.7201
16.076     5.6683     10.6716
16.0717    5.4904     10.6292
16.0015    5.3267     10.6168
15.9132    5.1423     10.6334
15.8043    4.9226     10.6855
15.7403    4.7063     10.7091
15.6151    4.4472     10.6885
15.4573    4.3091     10.6966
15.2847    4.1646     10.6719
15.3076    3.89       10.6268
15.276     3.7374     10.604
15.2195    3.5292     10.5676
15.1932    3.2991     10.4869
15.0738    3.1595     10.4712
15.0801    3.142      10.4573
15.0126    3.0098     10.3842
14.9934    2.8828     10.3456
14.9549    2.8016     10.3174
14.903     2.703      10.2539

















































































































































































10.9549    9.9572     12.6273    R-ALV
10.9292    10.1422    12.6161
10.9218    10.3062    12.6968
10.9649    10.4591    12.7548
11.0007    10.585     12.786
11.0383    10.7828    12.7953
11.0666    10.8838    12.8168
11.1223    10.9932    12.8655
11.2266    11.1322    12.8964
11.3398    11.2047    12.9807
11.4394    11.2725    13.0216
11.5217    11.3709    13.0642
11.6164    11.4785    13.13
11.7122    11.5971    13.1521
11.765     11.6758    13.1708
11.8454    11.8057    13.1706
11.9141    11.9015    13.2055
12.0029    12.0133    13.1605
12.1746    12.1532    13.2065
12.3116    12.217     13.3167
12.4554    12.2943    13.3021
12.5457    12.3495    13.4545
12.6972    12.52      13.4707
12.7619    12.5787    13.5056
12.8003    12.6232    13.5134
12.8605    12.69      13.5527
12.9007    12.7538    13.5657
13.0151    12.8389    13.6099
13.2046    12.9301    13.6255
13.3612    12.9872    13.6676
13.4979    13.1452    13.5974
13.5628    13.2323    13.6862
13.6378    13.3062    13.7341
13.7022    13.3756    13.7724
13.7891    13.4591    13.7977
13.8846    13.6184    13.8132
13.9712    13.78      13.7955
14.0598    13.8747    13.7942
14.1152    13.9446    13.7842

































































































































































14.195     7.108      12.9326    L-ALV
14.3609    7.1082     12.9259
14.5234    7.1383     12.9848
14.6576    7.1787     13.0245
14.7631    7.222      13.0754
14.8644    7.2466     13.0958
15.0409    7.3074     13.1523
15.2415    7.4429     13.1846
15.3351    7.549      13.2932
15.3842    7.6482     13.3386
15.5013    7.7644     13.3837
15.6902    7.9492     13.4043
15.789     8.0449     13.4254
15.8771    8.1516     13.4982
16.0323    8.3288     13.5928
16.1804    8.4904     13.5638
16.2493    8.6838     13.59
16.3054    8.8396     13.6282
16.4154    8.9967     13.6589
16.4912    9.0763     13.7099
16.6039    9.2059     13.7366
16.7268    9.3366     13.7565
16.838     9.4715     13.7827
16.8761    9.6926     13.8655
17.0058    9.9425     13.8543
17.1381    10.0914    13.868
17.2278    10.2041    13.8949
17.3089    10.2897    13.928
17.4223    10.4151    13.9732
17.545     10.5209    14.013
17.6388    10.5762    14.0176
17.7402    10.6563    14.0264
17.8063    10.7765    14.0471
