TMP        AZ 796     Phu116sf
16.5607    18.2501    10.1373    IN
16.858     15.1783    14.7488    BR
16.958     8.8283     14.8085    GL
16.9096    8.7547     14.412     NA
16.9082    4.5361     10.3168    RH
16.8484    2.2741     7.9816     NS
16.8425    1.7636     7.1546     PR
16.1278    1.9124     7.1668     R_PR2
16.4689    5.999      11.2741    R_PMS
13.4734    7.677      9.4442     R_ZMI
14.8729    8.3615     12.4192    R_ZMU
16.5048    8.6775     13.4257    R_DA
15.2688    9.0848     15.038     R_MTI
15.5601    9.725      15.5149    R_MTS
13.7083    9.4396     13.6348    R_FMO
13.2859    10.0096    13.4109    R_FMT
12.5635    14.373     10.2824    R_PO
12.3874    9.4146     10.2881    R_ZTS
17.4723    1.9146     7.1757     L_PR2
17.3731    5.9772     11.1636    L_PMS
19.9142    7.9366     9.1159     L_ZMI
18.6351    8.4666     12.1252    L_ZMU
17.3744    8.6394     13.1115    L_DA
18.6304    9.164      14.8053    L_MTI
18.2133    9.9494     15.4       L_MTS
20.0155    9.6467     13.2283    L_FMO
20.302     10.1819    12.8676    L_FMT
20.3191    14.3862    9.8732     L_PO
20.8792    9.7806     9.8548     L_ZTS
17.1387    1.6865     7.2519     O1
19.5175    11.0641    14.2006    O2
11.8094    12.1154    9.8811     O3
17.0365    18.0517    10.4097    O4







































































































































































16.9473    8.8286     14.8178    GLRH
16.9338    8.7996     14.6104
16.9323    8.7559     14.4408
16.9111    8.7111     14.2125
16.9196    8.635      13.9463
16.9223    8.5516     13.7396
16.8983    8.4306     13.5316
16.9357    8.3455     13.3899
16.9376    8.2158     13.2391
16.9309    8.0274     13.0371
16.9226    7.8532     12.8608
16.9086    7.6472     12.6682
16.9072    7.4745     12.4947
16.908     7.2348     12.3162
16.9378    6.9984     12.1263
16.9331    6.8281     11.985
16.9201    6.5689     11.8172
16.9409    6.4157     11.7046
16.9315    6.2349     11.5469
16.91      6.106      11.4661
16.9312    5.8776     11.3215
16.9141    5.6601     11.163
16.8774    5.5072     11.0533
16.8795    5.326      10.9079
16.8803    5.1082     10.7628
16.866     4.9516     10.6431
16.8753    4.7795     10.5335
16.898     4.6724     10.4418
16.9252    4.5706     10.3516











































































































































































16.9049    4.5427     10.3452    NOSE
16.6829    4.5596     10.312
16.5003    4.4442     10.2967
16.3634    4.3651     10.1983
16.2134    4.187      10.0699
16.1205    4.0583     9.924
16.0271    3.8572     9.7446
15.9649    3.6588     9.5299
15.8998    3.4606     9.3371
15.8876    3.2346     9.0832
16.0065    3.1134     8.9255
16.1234    2.9912     8.7336
16.1663    2.7698     8.5991
16.2115    2.5888     8.4747
16.3509    2.3773     8.34
16.4969    2.2091     8.1826
16.6232    2.1806     8.0487
16.7227    2.1653     7.9392
16.8718    2.2116     7.9454
17.0221    2.1542     7.9947
17.227     2.262      8.1047
17.4442    2.4577     8.2497
17.5383    2.642      8.2903
17.6939    2.8402     8.4238
17.7813    3.0131     8.5896
17.8684    3.1521     8.7161
17.9296    3.3634     8.9463
17.9896    3.5525     9.1754
17.8647    3.7331     9.3671
17.7999    3.9218     9.4691
17.74      4.0198     9.5636
17.6748    4.1541     9.8112
17.6074    4.2866     9.9539
17.5035    4.4335     10.1035
17.3847    4.4989     10.1451
17.2746    4.5616     10.255
17.1389    4.6031     10.3522
16.9976    4.5894     10.3487
16.903     4.5978     10.3716

































































































































































16.8748    2.2651     7.961      NASP-PR
16.8985    2.0002     7.7602
16.8747    1.8597     7.5388
16.8318    1.7513     7.3679
16.8224    1.7747     7.1457
16.8149    1.8116     7.0757


































































































































































































16.4647    5.9461     11.2473    R-PM/MAX
16.4051    5.7226     11.0736
16.3563    5.5315     10.9574
16.3238    5.3329     10.8221
16.2796    5.1214     10.7153
16.2664    4.8165     10.5588
16.1836    4.614      10.4107
16.0608    4.4779     10.2912
15.9885    4.2936     10.1201
15.9282    4.0878     9.9562
15.8014    3.8706     9.7355
15.728     3.6752     9.488
15.6428    3.5265     9.2916
15.6084    3.4396     9.1107
15.5541    3.2656     8.9043
15.4711    3.058      8.6009
15.4165    2.9032     8.4202
15.3929    2.7944     8.2624
15.3692    2.6492     8.003
15.2934    2.5608     7.7357
15.3091    2.512      7.5987
15.3819    2.5268     7.3158


















































































































































































17.3657    5.9873     11.1793    L-PM/MAX
17.4311    5.8278     11.0365
17.4888    5.6597     10.8963
17.4927    5.5222     10.7876
17.532     5.3345     10.7028
17.5651    5.126      10.5645
17.6069    4.8796     10.3996
17.6328    4.667      10.2831
17.6747    4.5645     10.1731
17.7688    4.4167     10.0283
17.8753    4.2063     9.8064
17.985     4.0542     9.6488
18.0576    3.8755     9.4423
18.094     3.718      9.1975
18.1629    3.5894     8.981
18.1966    3.3744     8.6774
18.2188    3.2048     8.4798
18.2407    3.0932     8.3094
18.277     3.0002     8.1819
18.2852    2.8927     8.0269
18.315     2.821      7.8912
18.3199    2.7362     7.7407
18.341     2.6692     7.5578
18.351     2.5892     7.3941
18.1895    2.56       7.2081















































































































































































14.3781    5.3083     7.4663     ROSTRUM
14.3776    5.2654     7.7031
14.4599    5.2316     7.881
14.6478    5.2361     7.9811
14.8884    5.2706     8.0782
15.1155    5.2202     8.2145
15.2657    5.1876     8.4001
15.3834    5.2103     8.6377
15.4217    5.1857     8.9173
15.4163    5.2002     9.1121
15.3578    5.1655     9.3881
15.3136    5.1471     9.6019
15.2677    5.1241     9.8775
15.3371    5.0675     10.0586
15.4686    5.0841     10.2144
15.6658    5.0656     10.3277
15.8133    5.0493     10.4604
15.9839    5.0444     10.536
16.1305    5.0612     10.5975
16.2563    5.0461     10.6601
16.379     5.0864     10.7185
16.5869    5.1389     10.7792
16.7865    5.1485     10.7879
16.9782    5.1772     10.765
17.1862    5.1973     10.7736
17.4085    5.1878     10.7173
17.5794    5.2324     10.5976
17.7591    5.2868     10.5012
17.9673    5.2929     10.3639
18.144     5.3106     10.2666
18.3038    5.37       10.0986
18.4097    5.3795     9.9033
18.3399    5.3184     9.6875
18.247     5.2277     9.2736
18.1371    5.3199     8.821
18.141     5.3613     8.5083
18.222     5.4465     8.265
18.3719    5.3924     8.0564
18.5791    5.4388     7.8851
18.7834    5.4436     7.7493
18.865     5.4305     7.5599
18.8819    5.4407     7.3314
18.8542    5.4445     7.1924





























































































































































13.28      10.0271    13.4931    SUPORB
13.344     10.1281    13.7943
13.4586    10.2505    14.0964
13.5917    10.2656    14.4107
13.8462    10.171     14.7289
14.1856    10.103     14.9761
14.4896    9.9912     15.1281
14.7548    9.8903     15.244
15.0147    9.8003     15.338
15.232     9.7458     15.4122
15.6433    9.7123     15.5236
15.8989    9.7367     15.5617
16.0759    9.8102     15.5756
16.3642    9.6604     15.5607
16.5862    9.4566     15.5086
16.8185    9.2186     15.3648
16.9863    9.2463     15.3598
17.1499    9.4529     15.4189
17.3684    9.6322     15.4646
17.5461    9.8101     15.4825
17.7911    9.9477     15.4774
18.0631    9.9133     15.4435
18.2911    9.7934     15.3632
18.5569    9.7442     15.2708
18.8052    9.7429     15.1669
19.1181    9.7772     15.0618
19.2892    9.8414     14.9875
19.4387    9.9512     14.8823
19.6186    10.0034    14.8085
19.8848    10.1399    14.5208
20.0791    10.1885    14.2732
20.2787    10.2276    13.9443
20.2635    10.4067    13.5969
20.2481    10.4447    13.2216
20.2897    10.345     13.0896
20.3183    10.1865    12.8887




































































































































































15.1661    8.3579     12.3739    RORBIT
14.8083    8.3576     12.4095
14.5305    8.5009     12.5018
14.1921    8.6742     12.6658
14.0187    8.826      12.7793
13.8647    8.9923     12.9578
13.7619    9.1303     13.132
13.6425    9.3077     13.3798
13.6918    9.3845     13.5693
13.7254    9.492      13.7693
13.7856    9.5323     13.9678
13.9136    9.479      14.3362
14.0625    9.4299     14.5912
14.2943    9.3658     14.7821
14.4655    9.3261     14.8737
14.6667    9.28       14.9592
14.9047    9.2083     15.0106
15.1581    9.1757     14.9659
15.3879    9.1154     14.956
15.7056    9.0885     14.9867
15.9369    9.1216     14.9921
16.1574    9.1567     14.8939
16.4243    9.1258     14.7046
16.467     9.1896     14.5017
16.5117    9.0106     13.9219
16.5166    8.872      13.6733
16.5302    8.7635     13.5312
16.5223    8.6672     13.428












































































































































































18.3006    8.4479     12.1561    LORBIT
18.7308    8.4944     12.1347
19.014     8.5638     12.1656
19.2523    8.6737     12.2075
19.4649    8.8172     12.2959
19.7071    8.9896     12.4078
19.7906    9.2184     12.5877
19.9815    9.424      12.8313
20.054     9.5663     13.0196
20.0126    9.6599     13.2462
19.9966    9.7358     13.4502
20.0168    9.7112     13.7536
19.8155    9.691      14.0823
19.7724    9.602      14.3551
19.5607    9.5011     14.555
19.3851    9.4149     14.7087
19.1145    9.3216     14.7495
18.8237    9.2103     14.7794
18.4979    9.1601     14.7472
18.3503    9.1447     14.6849
18.0786    9.1473     14.7331
17.843     9.1443     14.7106
17.5643    9.19       14.5915
17.38      8.9868     14.2798
17.3347    8.919      13.9554
17.3145    8.8846     13.6799
17.3106    8.827      13.5557
17.3305    8.7813     13.437
17.3234    8.7192     13.2952











































































































































































13.2697    9.9628     13.3922    RTEMFOS
13.2257    9.794      13.1323
13.1914    9.6175     12.9345
13.1865    9.479      12.7391
13.1802    9.3606     12.5669
13.1673    9.2083     12.3426
13.1684    9.0749     12.1636
13.1613    8.9789     12.0178
13.1528    8.8691     11.8216
13.15      8.7438     11.6303
13.1401    8.6107     11.4506
13.0712    8.3969     11.2211
13.0011    8.3544     11.046
12.9314    8.3828     10.803
12.7821    8.4402     10.6003
12.5606    8.6682     10.4101
12.4411    9.0581     10.3143
12.4061    9.2379     10.292
12.3906    9.3503     10.2798
12.4019    9.378      10.2794




















































































































































































20.3275    10.0447    12.762     LTEMFOS
20.3603    9.9261     12.5729
20.3704    9.7784     12.3461
20.364     9.6609     12.2226
20.3612    9.5084     12.0879
20.2828    9.5017     11.9316
20.3311    9.3572     11.7827
20.3182    9.2416     11.6515
20.2899    9.1235     11.4128
20.2909    8.9479     11.2084
20.2998    8.8104     11.0061
20.2658    8.8854     10.9754
20.3289    8.7566     10.8247
20.3771    8.6521     10.6205
20.4837    8.6194     10.3502
20.5588    8.7403     10.1477
20.7382    8.9953     9.9408
20.8649    9.245      9.829
20.888     9.5065     9.8278
20.8991    9.5905     9.8191
20.8617    9.6914     9.8655



















































































































































































16.2757    6.3021     14.4406    OP
16.1747    8.588      13.6654    BA
16.0891    12.4848    11.5856    ST
15.9834    17.5178    10.4112    IV
12.2756    8.154      13.074     R_PG
11.5324    10.273     11.5381    R_ZTI
13.9617    13.8651    11.8914    R_M3D
13.6486    16.1105    11.6256    R_M12
14.0541    18.264     10.8129    R_MP3
14.5896    18.7077    10.5338    R_PMI
20.0971    8.4513     13.3522    L_PG
20.7781    10.5099    11.9832    L_ZTI
18.0046    14.0577    12.2228    L_M3D
18.1314    16.3567    11.7168    L_M12
17.7936    18.4306    11.0152    L_MP3
17.2539    18.8709    10.5738    L_PMI
16.0125    19.665     10.2032    O1
19.1732    8.4453     7.4135     O2
11.4894    8.9033     11.746     O3
17.1679    3.3128     13.677     O4




















































































































































































12.8782    12.9695    10.6132    RZYGINF
12.7647    12.7923    10.5841
12.632     12.6464    10.5256
12.4541    12.5825    10.4331
12.3213    12.5248    10.4561
12.1634    12.4449    10.5399
12.1789    12.2308    10.6852
12.2086    12.0763    10.8192
12.1399    11.9545    10.9179
12.0549    11.7906    11.0363
12.0076    11.6166    11.1439
11.958     11.4574    11.2203
11.8826    11.2124    11.3002
11.7869    11.0947    11.3315
11.7593    10.8619    11.4256
11.6956    10.7092    11.4765
11.6495    10.5747    11.5093
11.6141    10.4521    11.5443
11.5639    10.2765    11.5385





















































































































































































19.2958    13.1309    11.0307    LZYGINF
19.5489    12.8715    10.9635
19.6674    12.6922    10.9207
19.817     12.5232    10.9468
19.974     12.483     11.0388
20.0679    12.4196    11.1677
20.1115    12.3042    11.299
20.1628    12.1098    11.4549
20.2059    11.8759    11.5853
20.2681    11.6658    11.6801
20.3154    11.5549    11.7257
20.4238    11.3186    11.8342
20.5096    11.1599    11.8872
20.5991    10.9757    11.9327
20.6793    10.7666    11.9824
20.7474    10.6599    12.005
20.788     10.5165    11.9982























































































































































































13.8535    13.965     11.9045    R-ALV
13.666     14.4595    11.8357
13.5962    14.9727    11.7925
13.5809    15.2467    11.7926
13.635     15.5179    11.6783
13.5986    15.6961    11.54
13.6506    16.0098    11.5364
13.6824    16.2827    11.5643
13.7213    16.5211    11.4162
13.6553    16.718     11.3971
13.7592    16.9791    11.3203
13.7821    17.156     11.2342
13.7726    17.2907    11.1401
13.7635    17.5384    11.0927
13.8259    17.8008    10.9833
13.8629    17.9612    10.9181
13.9681    18.1174    10.8377
14.0375    18.2401    10.7729






















































































































































































17.9595    14.0623    12.2167    L-ALV
18.084     14.2842    12.176
18.1608    14.5398    12.0943
18.2228    14.7829    12.0172
18.2354    15.1076    11.9725
18.2238    15.3275    11.9036
18.2356    15.579     11.8524
18.2121    15.7652    11.7246
18.2398    16.0416    11.7272
18.1475    16.2845    11.6366
18.0819    16.5247    11.5829
18.0489    16.7936    11.4846
18.0969    17.0105    11.4493
17.9612    17.2405    11.3108
18.0247    17.4555    11.2601
17.9845    17.7837    11.1489
17.9559    17.959     11.1308
17.9258    18.1373    11.0733
17.875     18.3465    10.9989
17.7674    18.4575    11.0195
