TMP        AZ 1001    Phu127sfv
15.2374    17.2733    10.1835    IN
15.9272    13.7162    14.9874    BR
16.3651    7.6104     14.2499    GL
16.3618    7.5664     13.8689    NA
16.6864    3.6031     10.1161    RH
16.8402    1.2794     8.0496     NS
16.9096    0.6609     7.2447     PR
15.8918    0.853      7.2342     R_PR2
16.1173    4.9405     10.6603    R_PMS
12.8231    6.3948     9.3038     R_ZMI
14.6804    7.2014     11.8742    R_ZMU
16.0537    7.5706     12.9597    R_DA
14.7044    7.7218     14.2271    R_MTI
14.7673    8.6155     14.9475    R_MTS
13.158     7.943      13.0586    R_FMO
12.6177    8.5782     12.8445    R_FMT
11.7652    12.6263    9.8118     R_PO
11.9692    7.9597     10.0687    R_ZTS
17.8215    1.0843     7.2272     L_PR2
17.0446    5.3297     10.7554    L_PMS
19.6758    7.0241     8.9472     L_ZMI
17.976     7.5541     11.637     L_ZMU
16.6531    7.5819     12.8474    L_DA
17.9278    8.1256     13.9348    L_MTI
17.6507    8.9631     14.8311    L_MTS
19.4405    8.6197     12.6533    L_FMO
19.8206    9.3216     12.4374    L_FMT
19.4813    13.5998    9.5424     L_PO
20.3584    8.8218     9.6933     L_ZTS
16.3496    0.3143     7.3524     O1
18.8673    10.3976    14.0162    O2
11.0846    10.2699    9.7597     O3
14.793     16.9464    11.0699    O4







































































































































































16.3952    7.5689     14.1929    GLRH
16.4208    7.5405     13.9627
16.4253    7.5446     13.811
16.4306    7.5154     13.693
16.416     7.4498     13.4378
16.4499    7.3522     13.1502
16.4515    7.245      13.0087
16.4516    7.1279     12.7948
16.4881    6.9518     12.6087
16.5315    6.7997     12.4162
16.5582    6.6083     12.2014
16.5682    6.4211     12.0267
16.5976    6.1895     11.8431
16.6134    5.9227     11.6291
16.6226    5.7166     11.457
16.6518    5.4836     11.28
16.6857    5.1826     11.0914
16.6835    4.8999     10.9178
16.7082    4.5984     10.7263
16.7084    4.2807     10.5569
16.7254    4.0541     10.4208
16.7448    3.9053     10.3471
16.7554    3.715      10.2764
16.7373    3.6474     10.2216
16.7511    3.6063     10.166















































































































































































16.7393    3.6097     10.1639    NOSE
16.4927    3.6012     10.111
16.3466    3.4969     10.0448
16.1499    3.4141     9.864
16.0571    3.1797     9.6762
15.9595    3.0037     9.5009
15.9372    2.847      9.3397
15.8684    2.6233     9.1789
15.8684    2.3978     8.9955
15.9467    2.1435     8.7669
16.0863    1.8828     8.6399
16.2596    1.6048     8.5708
16.3998    1.3677     8.4425
16.5318    1.2788     8.3272
16.7877    1.2707     8.0841
16.8705    1.219      8.0295
17.0447    1.2536     8.1194
17.2335    1.3335     8.2843
17.411     1.4949     8.3966
17.4973    1.7955     8.5086
17.5368    2.0694     8.5436
17.7048    2.3779     8.6696
17.7666    2.6032     8.7998
17.7353    2.8337     8.9474
17.6949    3.0588     9.2248
17.633     3.2251     9.444
17.5861    3.3524     9.5586
17.4759    3.4562     9.6706
17.3798    3.5806     9.796
17.3274    3.642      9.8875
17.1074    3.6035     10.0336
17.0344    3.623      10.0838
16.8716    3.6677     10.1759
16.7727    3.629      10.1953






































































































































































16.8818    1.2341     8.0318     NASP-PR
16.8936    1.0315     7.9292
16.906     0.8424     7.7619
16.8955    0.7621     7.6346
16.9011    0.6569     7.478
16.9173    0.6454     7.285


































































































































































































16.1214    4.917      10.6617    R-PM/MAX
16.1141    4.7314     10.5403
16.1178    4.4892     10.4413
16.0622    4.2014     10.2914
15.9811    3.9526     10.1436
15.9028    3.7709     9.9995
15.8922    3.5647     9.8771
15.8524    3.4181     9.7837
15.8462    3.2964     9.7012
15.7401    3.136      9.5707
15.6951    2.8801     9.3621
15.6144    2.6959     9.0904
15.5647    2.5993     8.9423
15.4968    2.4346     8.7303
15.428     2.3362     8.6145
15.3355    2.1964     8.378
15.2696    2.1209     8.238
15.2049    2.0376     8.0818
15.1543    1.8862     7.9235
15.1405    1.7129     7.7132
15.136     1.6227     7.5665
15.2929    1.6349     7.2422


















































































































































































17.1017    5.2723     10.6916    L-PM/MAX
17.118     5.0537     10.595
17.1914    4.8651     10.4718
17.2513    4.6627     10.3644
17.3441    4.4178     10.2264
17.4389    4.1947     10.0686
17.5231    3.9733     9.9104
17.56      3.8645     9.8116
17.6105    3.7112     9.6809
17.7217    3.5366     9.5196
17.7744    3.3992     9.4003
17.8915    3.2245     9.232
17.9034    3.0442     9.0405
17.9806    2.8824     8.8348
18.0788    2.6525     8.4841
18.1583    2.5571     8.2899
18.2389    2.4609     8.0907
18.3587    2.4105     7.8375
18.4055    2.3085     7.6771
18.4386    2.0877     7.2859
18.3486    1.9846     7.174
18.2583    1.9261     7.0784


















































































































































































13.9729    4.704      7.3788     ROSTRUM
13.9998    4.7227     7.7009
14.0881    4.782      7.9881
14.2488    4.8379     8.1187
14.3645    4.8648     8.2491
14.4729    4.9186     8.3788
14.6272    4.9368     8.656
14.6748    4.9444     8.8187
14.7238    5.011      9.0008
14.7391    5.0447     9.1974
14.73      5.0512     9.4184
14.7294    5.0771     9.6494
14.7389    5.0959     9.7691
14.8157    5.1078     10.0054
15.0045    5.1153     10.1996
15.1916    5.1706     10.395
15.3813    5.2253     10.4935
15.5519    5.2691     10.6122
15.8128    5.301      10.7911
15.9543    5.3526     10.8732
16.0451    5.4092     10.9697
16.1499    5.441      11.0377
16.2398    5.4689     11.0865
16.3374    5.5199     11.2228
16.4283    5.5763     11.3266
16.683     5.6147     11.3551
16.8045    5.6924     11.3122
16.9917    5.7169     11.1241
17.2599    5.7369     10.9007
17.4337    5.7486     10.7768
17.5594    5.8193     10.6568
17.6877    5.8034     10.5722
17.8519    5.7675     10.3615
18.0089    5.7788     10.2285
18.1987    5.7337     10.0209
18.2926    5.6639     9.716
18.2784    5.6623     9.3623
18.2288    5.6471     9.2396
18.2126    5.5737     8.903
18.2507    5.615      8.6866
18.3395    5.5221     8.3269
18.3926    5.4989     8.2293
18.5431    5.4263     7.9807
18.658     5.448      7.8384
18.7576    5.4105     7.6411
18.7783    5.3196     7.4981
18.7781    5.3244     7.4266
18.7933    5.2944     7.2451
18.781     5.3158     7.0803
18.7752    5.2993     6.9395






















































































































































12.6112    8.5977     12.8831    SUPORB
12.6516    8.6725     13.1983
12.7645    8.7207     13.5996
12.9276    8.7592     13.8792
13.2394    8.6831     14.1798
13.5694    8.7011     14.4069
13.8883    8.6603     14.5833
14.3178    8.7238     14.7901
14.64      8.7441     14.9194
15.1719    8.6034     15.0283
15.5142    8.489      15.0406
15.761     8.3091     14.9868
15.8874    8.0983     14.8933
16.1374    7.928      14.7678
16.2906    7.9175     14.7386
16.3834    7.9399     14.7215
16.519     8.0091     14.7558
16.6728    8.1854     14.8161
16.7904    8.4324     14.9263
16.971     8.7087     14.9679
17.3092    8.9797     14.9393
17.693     8.9305     14.8297
17.9148    8.9469     14.752
18.2383    9.0488     14.6051
18.4477    9.0951     14.468
18.6123    9.1555     14.3608
18.8649    9.1797     14.2171
18.9897    9.2268     14.1086
19.1567    9.2708     13.9798
19.3548    9.2729     13.7946
19.4263    9.3701     13.6517
19.6305    9.4393     13.3125
19.7274    9.4625     13.0074
19.7542    9.4446     12.7755
19.7882    9.362      12.5869
19.7964    9.3295     12.4332




































































































































































14.6771    7.2277     11.8557    RORBIT
14.4433    7.1799     11.9022
14.1721    7.1961     11.9766
13.8896    7.2643     12.0856
13.5995    7.3899     12.2271
13.3981    7.5055     12.3966
13.2616    7.6461     12.6066
13.1714    7.7847     12.7765
13.1647    7.9558     13.0133
13.1422    8.0758     13.2771
13.2088    8.0696     13.4317
13.3544    8.0533     13.6531
13.586     7.9769     13.9433
13.8653    7.9385     14.0979
14.1641    7.8704     14.1578
14.408     7.8694     14.1471
14.7495    7.7827     14.1472
14.9506    7.7878     14.1058
15.0945    7.7936     14.0708
15.2605    7.765      14.1624
15.6409    7.8268     14.0838
15.839     7.7799     13.8907
15.9185    7.8113     13.6133
15.9731    7.7863     13.4355
16.0106    7.7571     13.307
16.0086    7.7449     13.1259
16.029     7.7168     13.0889
16.0555    7.5862     12.9158












































































































































































18.0661    7.4919     11.6567    LORBIT
18.2636    7.5527     11.6761
18.457     7.5873     11.7047
18.6544    7.7006     11.7779
18.8854    7.8265     11.874
19.0453    7.9864     11.9813
19.2738    8.1255     12.1158
19.3516    8.3597     12.3241
19.4554    8.4974     12.479
19.4438    8.6439     12.7205
19.489     8.6706     12.9953
19.3429    8.6437     13.3846
19.192     8.607      13.6923
18.9694    8.5925     13.8928
18.7577    8.4512     13.9226
18.5632    8.3228     13.9674
18.3252    8.1758     14.0338
18.0348    8.0732     14.0596
17.7997    8.0098     14.0138
17.6353    8.029      13.9492
17.3283    8.029      13.9573
17.083     8.0098     13.9797
16.8756    7.8883     13.7466
16.8054    7.8401     13.4259
16.7717    7.7839     13.251
16.7613    7.7163     13.1063
16.7377    7.6669     12.9553
16.738     7.5834     12.9019
16.7381    7.5304     12.8257











































































































































































12.6111    8.5336     12.8536    RTEMFOS
12.5771    8.3998     12.6321
12.5774    8.2803     12.4886
12.5848    8.1629     12.3448
12.6248    7.9409     12.0785
12.6272    7.8051     11.9377
12.6477    7.6158     11.7096
12.7081    7.4249     11.4362
12.7072    7.2976     11.3098
12.6948    7.083      10.9356
12.6427    6.99       10.7517
12.5381    6.9189     10.5452
12.4585    6.9657     10.3908
12.1977    7.2322     10.1214
12.1111    7.4265     10.0618
12.0332    7.6193     10.0439
12.0021    7.7733     10.0867
11.9795    7.8685     10.0752
11.9466    7.9297     10.0804





















































































































































































19.7744    9.4281     12.5859    LTEMFOS
19.8068    9.3201     12.3608
19.8555    9.1568     12.2088
19.8674    9.0312     12.1016
19.8453    9.0046     11.9554
19.8613    8.8726     11.8257
19.8538    8.7484     11.6378
19.8576    8.5728     11.4186
19.8298    8.3497     11.1495
19.8533    8.2607     11.0399
19.8666    8.0921     10.8037
19.8609    8.0245     10.6497
19.8788    7.9307     10.5002
19.8964    7.8563     10.2958
20.0098    7.7946     10.1584
20.1104    7.8947     9.9304
20.16      8.0197     9.817
20.2229    8.1136     9.7566
20.2488    8.2702     9.7213
20.2576    8.4098     9.6732
20.3548    8.5732     9.6476
20.3506    8.6541     9.6534
20.3235    8.8401     9.6734

















































































































































































16.1209    5.7941     13.7234    OP
15.7868    7.9451     12.9847    BA
14.9905    11.8441    11.3002    ST
14.0747    16.9355    10.0865    IV
11.9861    7.2931     12.7018    R_PG
10.7017    9.1654     11.2583    R_ZTI
12.9044    12.129     11.9418    R_M3D
12.0102    14.5827    11.6575    R_M12
12.1017    17.1572    10.824     R_MP3
12.4846    17.8105    10.5211    R_PMI
19.3583    8.5991     12.5729    L_PG
19.9005    10.9385    10.9944    L_ZTI
16.706     12.7841    11.7726    L_M3D
16.7295    15.5575    11.5356    L_M12
15.8496    17.83      10.7293    L_MP3
15.1446    18.2722    10.4736    L_PMI
12.8564    19.2408    9.9007     O1
18.2342    8.6115     6.4747     O2
10.7624    8.0209     11.2882    O3
16.3248    2.5322     11.8327    O4




















































































































































































11.4344    11.8467    10.4707    RZYGINF
11.327     11.6398    10.4054
11.2068    11.512     10.4083
11.0826    11.3016    10.5031
10.9696    10.9871    10.7446
10.9266    10.6142    10.9288
10.788     10.4728    11.0005
10.7685    10.2487    11.022
10.8141    10.0197    11.1045
10.8364    9.8219     11.1671
10.7909    9.6471     11.1926
10.7665    9.5086     11.238
10.7261    9.3419     11.2658
10.6953    9.1436     11.2453


























































































































































































18.1265    13.3648    10.2686    LZYGINF
18.2371    13.1161    10.2387
18.62      12.8542    10.2047
18.8001    12.7594    10.2994
18.9698    12.6218    10.4083
19.1376    12.4891    10.5087
19.282     12.3595    10.5796
19.3857    12.0745    10.7475
19.4322    11.8427    10.8117
19.4665    11.7215    10.8428
19.5609    11.4948    10.8968
19.5904    11.3274    10.9658
19.6758    11.2067    11.0174
19.7994    11.0402    11.0394
19.9173    10.9496    10.9766

























































































































































































12.8492    12.1843    11.962     R-ALV
12.6689    12.3529    11.9611
12.5514    12.4959    11.9777
12.4413    12.6884    12.0057
12.3545    12.8326    12.0193
12.258     13.0332    11.9798
12.2104    13.2073    11.9822
12.1782    13.3462    11.9605
12.1236    13.4769    11.9195
12.0847    13.6145    11.8529
12.0395    13.7755    11.8328
11.9689    14.0098    11.7426
11.9422    14.2425    11.6493
11.976     14.4793    11.5449
11.9969    14.7026    11.5797
11.9765    14.9314    11.516
11.9651    15.1238    11.4736
11.9353    15.2942    11.3546
11.9941    15.5173    11.3489
12.0395    15.7416    11.2743
12.0422    15.9074    11.1907
12.0467    16.0802    11.1843
12.0124    16.2575    11.1212
11.9851    16.417     11.0278
11.9885    16.5426    11.0089
11.9675    16.6313    10.919
11.9511    16.7516    10.8827
11.9543    16.8779    10.8403
11.9676    16.9903    10.7681
12.0046    17.1005    10.6756










































































































































































16.7939    12.8536    11.7043    L-ALV
16.9337    13.0922    11.6549
16.9855    13.2475    11.7036
17.025     13.4473    11.6897
17.0707    13.7221    11.7344
17.0706    13.9438    11.7188
17.0552    14.0948    11.6804
17.0411    14.3812    11.7432
17.0097    14.6239    11.7223
16.9909    14.872     11.6766
16.9825    15.0888    11.6473
16.9092    15.2705    11.5425
16.7797    15.4903    11.475
16.6959    15.7075    11.383
16.6047    15.9309    11.3203
16.5802    16.1114    11.262
16.472     16.3535    11.3151
16.3341    16.5299    11.1588
16.2664    16.7099    11.0565
16.2265    16.859     11.0135
16.1187    17.1479    10.9453
16.0429    17.3692    10.8843
16.0225    17.4622    10.8485
15.9917    17.5527    10.785
15.9591    17.6566    10.7037
15.8761    17.7851    10.6983
