BM(NH)     ZD.1862.6.2Phu156sf
-0.2417    17.8465    12.6156    IN
-0.1257    13.3508    15.9005    BR
-0.2697    6.7036     14.5956    GL
-0.2732    6.8271     13.9919    NA
-0.2502    2.5067     8.7678     RH
-0.0881    -0.1657    5.4143     NS
-0.0045    -0.8896    3.8307     PR
-1.0548    -0.6771    3.9477     R_PR2
-0.9978    3.5195     9.4034     R_PMS
-3.9645    7.0307     8.6291     R_ZMI
-2.3594    7.0721     11.8995    R_ZMU
-0.82      7.1125     12.9427    R_DA
-2.2338    7.1897     14.3301    R_MTI
-1.9522    7.9883     15.4309    R_MTS
-3.7317    8.0621     12.9637    R_FMO
-4.487     8.8842     13.0898    R_FMT
-4.3828    14.1497    10.775     R_PO
-5.5431    9.0311     9.9228     R_ZTS
1.0034     -0.6273    4.0579     L_PR2
0.4139     3.5828     9.499      L_PMS
3.7015     7.1015     8.6984     L_ZMI
1.9331     7.1231     11.8904    L_ZMU
0.3296     7.1829     13.0867    L_DA
1.8859     7.2002     14.3665    L_MTI
1.8805     7.8306     15.3227    L_MTS
3.4229     8.0113     13.1725    L_FMO
4.046      8.7586     13.1692    L_FMT
4.1136     14.2564    10.9524    L_PO
5.3414     9.2782     10.028     L_ZTS
0.5422     -1.2181    3.8846     O1
-3.5764    8.8594     14.2975    O2
5.7013     10.9063    10.2719    O3
-1.5823    17.4332    11.9423    O4







































































































































































-0.2748    6.6883     14.5336    GLRH
-0.2942    6.7292     14.1985
-0.2967    6.8149     14.0181
-0.2976    6.8611     13.7546
-0.284     6.8478     13.4982
-0.2631    6.7924     13.2425
-0.2741    6.7243     13.05
-0.2714    6.6219     12.8466
-0.2573    6.5109     12.6685
-0.2614    6.2224     12.3179
-0.2762    6.0431     12.1046
-0.2663    5.8217     11.8717
-0.2858    5.5896     11.6566
-0.267     5.4317     11.4969
-0.2147    5.1143     11.236
-0.2319    4.8462     10.9658
-0.235     4.5455     10.7078
-0.2199    4.2673     10.5272
-0.2       4.0684     10.3434
-0.2498    3.8698     10.1395
-0.2486    3.6617     9.9449
-0.2786    3.4527     9.7331
-0.2764    3.2742     9.5663
-0.2953    3.1143     9.4055
-0.2542    2.9631     9.2948
-0.2624    2.8347     9.1397
-0.2782    2.6639     8.9764
-0.2337    2.5774     8.8911
-0.2375    2.5052     8.8469











































































































































































-0.2554    2.5208     8.7894     NOSE
-0.4633    2.4866     8.7625
-0.646     2.398      8.6515
-0.7514    2.3396     8.5282
-0.8851    2.2389     8.4008
-1.0254    2.1349     8.219
-1.0725    2.0527     8.1381
-1.1236    1.8708     8.0108
-1.1941    1.6927     7.8696
-1.2324    1.5055     7.7543
-1.3167    1.2457     7.5418
-1.3786    1.098      7.2871
-1.3834    1.0279     7.1756
-1.3756    0.8028     6.9032
-1.3385    0.5819     6.6569
-1.2704    0.4037     6.4854
-1.1829    0.2634     6.2783
-1.0672    0.1381     6.1582
-0.8842    -0.0143    5.9952
-0.7159    -0.2219    5.844
-0.5714    -0.3092    5.7357
-0.3883    -0.2942    5.5851
-0.257     -0.2613    5.431
-0.0889    -0.2746    5.3452
0.0843     -0.2721    5.3808
0.3075     -0.3265    5.6066
0.4095     -0.2631    5.7639
0.5106     -0.1588    5.9015
0.6148     -0.0616    6.0159
0.7059     0.1573     6.1281
0.8068     0.3017     6.2495
0.8905     0.4341     6.4004
0.9519     0.5498     6.5404
0.9923     0.6638     6.7123
0.9787     0.8362     6.9324
0.9409     1.1019     7.3126
0.9072     1.2776     7.5118
0.8181     1.5596     7.6688
0.7339     1.7756     7.9389
0.68       1.9749     8.0549
0.6213     2.12       8.154
0.5037     2.2471     8.2553
0.3945     2.3116     8.3798
0.3254     2.3395     8.4944
0.2033     2.4017     8.6525
0.0928     2.5073     8.7159
-0.0372    2.5318     8.7697
-0.2309    2.5573     8.829
























































































































































-0.043     -0.2456    5.3702     NASP-PR
-0.0775    -0.4635    5.1747
-0.0643    -0.6285    4.9882
-0.0178    -0.7811    4.7971
-0.0489    -0.8755    4.5964
-0.0275    -0.9204    4.3665
-0.0061    -0.9336    4.2311
-0.0065    -0.9274    4.0876
0.0244     -0.8982    3.8161































































































































































































-1.006     3.5007     9.3897     R-PM/MAX
-1.0809    3.3059     9.251
-1.132     3.1064     9.1153
-1.1772    2.9348     8.9872
-1.2212    2.7877     8.8507
-1.2601    2.6593     8.7506
-1.3039    2.4421     8.5416
-1.3732    2.1762     8.3799
-1.4361    1.984      8.2402
-1.5137    1.7097     7.9834
-1.6044    1.5305     7.7761
-1.6776    1.3555     7.4555
-1.6993    1.2372     7.1235
-1.7647    1.1325     6.8705
-1.7989    1.0852     6.6065
-1.8338    0.9665     6.3556
-1.8666    0.9174     6.061
-1.9569    0.7727     5.8865
-2.0634    0.6386     5.5867
-2.1662    0.5265     5.3231
-2.2134    0.4011     5.0792
-2.1786    0.3457     4.7603
-2.1419    0.471      4.4884
-2.0753    0.5738     4.2907
















































































































































































0.3975     3.6241     9.5317     L-PM/MAX
0.4809     3.4176     9.3403
0.5375     3.2629     9.2236
0.6162     3.0175     9.0578
0.71       2.8043     8.8824
0.7836     2.6047     8.6544
0.8956     2.3343     8.4757
0.9715     2.0888     8.2657
1.1043     1.8709     8.0454
1.243      1.5857     7.8057
1.3319     1.4128     7.5251
1.3946     1.2727     7.2445
1.4664     1.2288     6.953
1.4941     1.1811     6.7286
1.5385     1.1011     6.4813
1.6077     1.0736     6.3092
1.6883     0.9938     6.1313
1.743      0.8925     6.0178
1.8321     0.7828     5.8115
1.9457     0.6711     5.5832
2.0373     0.616      5.3981
2.0718     0.5866     5.2701
2.0971     0.5774     5.0791
2.1736     0.6007     4.8643
1.805      0.6897     4.5236















































































































































































-2.6775    4.8828     5.5158     ROSTRUM
-2.6643    4.7954     6.0129
-2.5389    4.6744     6.244
-2.4554    4.6405     6.3651
-2.3639    4.546      6.6112
-2.2679    4.4425     6.8188
-2.2191    4.4192     7.0975
-2.2189    4.3843     7.2948
-2.2106    4.3044     7.6051
-2.1983    4.2524     7.9845
-2.2165    4.1583     8.2975
-2.273     4.0764     8.4704
-2.389     4.0415     8.6357
-2.4568    4.0396     8.7268
-2.5552    3.9112     8.9944
-2.6759    3.8657     9.1686
-2.6406    3.7977     9.3964
-2.4085    3.7415     9.5456
-2.1362    3.751      9.5527
-1.8373    3.7567     9.5081
-1.5652    3.7856     9.4834
-1.3555    3.7698     9.481
-1.204     3.7581     9.5285
-1.053     3.7314     9.5411
-0.8814    3.7671     9.6211
-0.6929    3.6611     9.8463
-0.4545    3.6381     9.9272
-0.2581    3.6444     9.9123
-0.0771    3.6246     9.9083
0.0838     3.6759     9.8742
0.291      3.7783     9.7793
0.3638     3.8086     9.6892
0.6486     3.9251     9.6172
0.8687     3.9067     9.5442
1.0804     3.8663     9.5725
1.3113     3.8629     9.5936
1.519      3.8066     9.6279
1.7779     3.8104     9.6358
1.861      3.8066     9.5783
2.0038     3.8034     9.5693
2.1622     3.8054     9.4941
2.2794     3.8926     9.4008
2.2405     3.9749     9.024
2.2352     4.0753     8.8356
1.9866     4.1781     8.5986
1.9588     4.2881     8.4709
1.8761     4.354      8.3172
1.8577     4.5112     8.1196
1.8469     4.6041     7.8658
1.8808     4.675      7.5635
1.9388     4.7467     7.3082
1.9969     4.7943     7.186
2.0551     4.8198     7.024
2.1491     4.8806     6.8241
2.2581     4.9279     6.6334
2.3707     4.9653     6.4468
2.457      4.973      6.1487
2.4459     5.0253     5.9164
2.439      5.1131     5.7562
2.469      5.157      5.5962
2.3995     5.1284     5.4143











































































































































-4.5002    8.8094     13.1671    SUPORB
-4.4558    8.8736     13.3123
-4.3819    8.9091     13.5082
-4.3172    8.9416     13.7301
-4.2719    8.9511     13.8756
-4.192     8.939      14.1304
-4.0636    8.8592     14.3732
-3.8467    8.816      14.6111
-3.6581    8.7904     14.7536
-3.479     8.724      14.8848
-3.1171    8.545      15.0326
-2.8148    8.3576     15.1419
-2.3682    8.1222     15.2868
-2.0781    7.9897     15.3768
-1.855     7.9987     15.4507
-1.6784    7.9414     15.5044
-1.3687    7.936      15.4676
-1.0763    7.813      15.4478
-0.7744    7.6099     15.377
-0.5658    7.4357     15.2801
-0.4393    7.2114     15.1952
-0.2204    7.1066     15.1692
0.0548     7.2315     15.2549
0.23       7.3393     15.3666
0.4343     7.4403     15.4358
0.6865     7.5074     15.4836
0.9339     7.6271     15.5153
1.208      7.7399     15.5228
1.47       7.7926     15.454
1.7602     7.8692     15.3843
2.0369     7.8532     15.3014
2.4121     7.9649     15.204
2.6937     8.0603     15.1007
2.8811     8.2704     15.0498
3.0629     8.4352     14.9501
3.1566     8.5144     14.8833
3.3154     8.6336     14.7758
3.4925     8.7581     14.6026
3.5606     8.7982     14.5153
3.6821     8.8501     14.3652
3.84       8.844      14.0647
3.9222     8.8263     13.8401
3.9953     8.8644     13.6148
4.0337     8.8482     13.4094
4.0518     8.8113     13.2823
4.0985     8.7653     13.1078


























































































































































-2.3862    7.1115     11.9444    RORBIT
-2.6469    7.1652     12.0422
-2.9561    7.2644     12.1266
-3.1859    7.4598     12.2538
-3.3707    7.6041     12.3537
-3.5743    7.7974     12.5427
-3.7441    7.9705     12.802
-3.8185    8.0357     12.9518
-3.8267    8.0153     13.3702
-3.7287    7.9093     13.673
-3.5739    7.7532     13.9483
-3.2918    7.6294     14.139
-3.0285    7.4588     14.2985
-2.721     7.3117     14.3539
-2.3383    7.1958     14.3416
-2.0932    7.1491     14.3568
-1.8487    7.2091     14.2892
-1.4415    7.2407     14.3182
-1.1644    7.2184     14.2515
-0.9553    7.1986     13.9805
-0.844     7.2233     13.707
-0.8084    7.2589     13.4317
-0.7796    7.2095     13.2144
-0.8685    7.3237     13.0226
-0.802     7.1134     12.9363















































































































































































1.9779     7.1246     11.9073    LORBIT
2.222      7.1675     11.9893
2.4476     7.2818     12.0559
2.6612     7.3087     12.1301
2.9296     7.3497     12.2155
3.0469     7.551      12.3822
3.1197     7.7125     12.5094
3.217      7.8609     12.651
3.3102     7.9065     12.8294
3.3991     7.9957     13.052
3.394      8.0297     13.3003
3.2835     8.0264     13.5122
3.2256     7.7456     13.9743
3.0252     7.6964     14.0448
2.9825     7.5879     14.195
2.7761     7.4892     14.2821
2.6381     7.4627     14.3073
2.4074     7.3353     14.3947
2.0558     7.2669     14.3478
1.7903     7.2822     14.294
1.5901     7.2078     14.2895
1.3949     7.1563     14.3598
1.0655     7.2309     14.3276
0.6206     7.257      14.2072
0.5267     7.2395     14.0175
0.4075     7.2461     13.6513
0.3539     7.2205     13.4363
0.3237     7.2076     13.291
0.3246     7.2051     13.1815











































































































































































-4.4575    8.8602     13.2077    RTEMFOS
-4.5292    8.7177     12.9649
-4.5547    8.6239     12.7771
-4.5959    8.5244     12.4889
-4.5989    8.3968     12.2408
-4.6199    8.35       12.0256
-4.6245    8.2048     11.8314
-4.6565    8.166      11.6482
-4.645     8.068      11.4892
-4.6587    7.9848     11.2832
-4.6599    7.8584     10.9864
-4.6981    7.7329     10.743
-4.7105    7.6308     10.4806
-4.7587    7.5424     10.3309
-4.876     7.6509     10.1707
-5.0709    7.8323     10.004
-5.2096    8.085      9.9505
-5.2847    8.22       9.9265
-5.4271    8.4987     9.8945
-5.4607    8.6645     9.9038
-5.5792    9.0189     9.908
-5.6296    9.2997     9.9502


















































































































































































4.0887     8.7511     13.1211    LTEMFOS
4.1451     8.6103     12.8926
4.1934     8.5846     12.6671
4.2019     8.4483     12.3627
4.2165     8.2787     12.0861
4.2484     8.2157     11.7731
4.2722     8.101      11.5546
4.3009     8.0767     11.3567
4.3331     7.9612     11.0612
4.3467     7.8306     10.7838
4.3755     7.7349     10.5346
4.476      7.6584     10.2555
4.8291     7.7956     9.9625
4.9684     7.9917     9.9226
4.9512     8.0919     9.9272
5.0501     8.3299     9.9214
5.1042     8.4888     9.9239
5.1613     8.6652     9.9473
5.2071     8.8318     9.9583
5.2274     9.0334     9.9876
5.2812     9.1512     9.9979
5.2938     9.2271     10.0296
5.3228     9.3234     10.0242

















































































































































































-0.2152    2.9291     13.3235    OP
-0.1169    4.9021     13.0826    BA
-0.0699    10.4743    12.2895    ST
-0.0045    17.0561    12.072     IV
-4.204     5.4555     12.785     R_PG
-5.8997    7.1517     11.7356    R_ZTI
-2.3944    11.6352    13.5184    R_M3D
-2.4833    14.3746    13.396     R_M12
-2.1725    17.1992    13.3663    R_MP3
-1.6331    18.7289    12.8183    R_PMI
4.0686     5.1881     12.5401    L_PG
5.5863     6.9748     11.3743    L_ZTI
2.1869     11.4355    13.2298    L_M3D
2.5202     14.1484    13.168     L_M12
2.4943     16.9886    13.112     L_MP3
1.8028     18.4451    12.6975    L_PMI
0.8046     20.5323    12.463     O1
-3.7189    7.5163     6.3246     O2
5.6465     6.9839     10.6567    O3
-1.7993    0.2962     11.4865    O4




















































































































































































-3.9155    11.1556    11.1244    RZYGINF
-4.0298    10.925     11.1151
-4.1731    10.7568    10.9876
-4.2712    10.6283    10.9643
-4.4371    10.4489    10.9357
-4.6486    10.2845    11
-4.832     10.1445    11.0855
-4.9632    9.839      11.2456
-5.0565    9.6018     11.3601
-5.1361    9.4211     11.4436
-5.2053    9.2032     11.5182
-5.2444    8.9918     11.592
-5.3826    8.7185     11.6704
-5.4226    8.5173     11.6914
-5.5475    8.3635     11.7023
-5.6625    8.2329     11.706
-5.7839    8.1388     11.6857
-5.805     7.9243     11.7663
-5.8364    7.6929     11.8128
-5.8563    7.5339     11.8111
-5.9225    7.3686     11.8018
-5.9444    7.244      11.7917
-5.9294    7.1791     11.7174

















































































































































































3.7462     10.8615    10.9659    LZYGINF
3.8585     10.6308    10.8589
4.0719     10.4124    10.7696
4.2748     10.1982    10.7812
4.4766     10.06      10.8532
4.5786     9.885      10.9557
4.6538     9.6949     11.0625
4.7086     9.5321     11.1653
4.8099     9.2633     11.2341
4.9439     9.0292     11.2985
5.0298     8.7169     11.3701
5.0547     8.5297     11.4126
5.1242     8.3384     11.437
5.2728     8.0637     11.4665
5.4035     7.9365     11.467
5.4788     7.6697     11.4859
5.4793     7.4806     11.4915
5.5041     7.2878     11.4987
5.5314     7.174      11.4702
5.5089     7.0933     11.4811
5.5139     6.9387     11.43



















































































































































































-2.3908    11.6551    13.4581    R-ALV
-2.5677    11.972     13.4276
-2.6544    12.303     13.4309
-2.6606    12.6639    13.4168
-2.5945    12.9796    13.4307
-2.6186    13.2298    13.4447
-2.6104    13.5298    13.3891
-2.6034    13.7005    13.3702
-2.6249    14.0204    13.3296
-2.5069    14.3577    13.3081
-2.4399    14.7627    13.2267
-2.38      15.0557    13.2201
-2.3287    15.3303    13.1657
-2.296     15.6237    13.1388
-2.2898    15.942     13.2162
-2.3234    16.4534    13.2868
-2.3197    16.8172    13.2765
-2.2868    16.9551    13.2596
-2.2716    17.0478    13.2563
-2.2393    17.1045    13.2914




















































































































































































2.0742     11.4304    13.245     L-ALV
2.2588     11.6493    13.2417
2.3932     11.9318    13.2051
2.4576     12.1181    13.2203
2.5178     12.2701    13.214
2.5442     12.5528    13.1641
2.5171     12.8086    13.1062
2.5093     13.0413    13.092
2.5111     13.2737    13.1418
2.5142     13.4457    13.1258
2.5578     13.6949    13.1549
2.533      13.9847    13.1644
2.4503     14.2247    13.159
2.4212     14.4677    13.143
2.391      14.6676    13.1498
2.4174     14.8755    13.13
2.3992     15.0287    13.0526
2.3518     15.2909    13.055
2.3235     15.5403    13.035
2.3058     15.7895    13.0893
2.3721     16.1757    13.174
2.415      16.3537    13.1711
2.4749     16.5718    13.129
2.4701     16.765     13.128
2.4603     16.9806    13.1154
