BM(NH)     ZD.1908.1.1Phu165sf
-0.2139    16.9958    11.1515    IN
-0.5811    12.6152    15.0949    BR
-0.511     6.6522     12.9306    GL
-0.4647    6.7839     12.4364    NA
-0.2492    4.2065     8.7963     RH
-0.1317    2.5649     6.447      NS
-0.1592    2.4963     5.6739     PR
-1.1362    2.8088     5.7907     R_PR2
-0.7748    5.0056     9.3266     R_PMS
-3.3197    7.495      7.7577     R_ZMI
-2.105     7.2301     10.6634    R_ZMU
-0.741     7.0532     11.8334    R_DA
-2.2635    7.2012     12.8291    R_MTI
-1.9706    7.7213     13.8357    R_MTS
-3.4091    8.0229     11.6817    R_FMO
-3.9754    8.515      11.816     R_FMT
-4.0379    13.2038    9.7436     R_PO
-4.2561    9.1134     8.9369     R_ZTS
0.8142     2.7742     5.7818     L_PR2
0.3131     4.9941     9.3189     L_PMS
3.0217     7.4327     8.0997     L_ZMI
1.4668     7.1305     10.823     L_ZMU
-0.0972    7.0729     11.9662    L_DA
1.221      7.0746     13.0607    L_MTI
1.1032     7.7589     14.0155    L_MTS
2.7644     7.8704     12.0272    L_FMO
3.2235     8.4411     12.2782    L_FMT
3.4083     12.9996    10.1529    L_PO
3.9008     8.9887     9.4682     L_ZTS
0.5496     2.2412     5.8482     O1
-3.797     8.8587     12.7568    O2
4.238      10.5549    9.7468     O3
-0.8764    16.8949    11.2361    O4







































































































































































-0.4926    6.643      13.0245    GLRH
-0.5103    6.6979     12.7418
-0.4997    6.7817     12.5084
-0.4986    6.7822     12.281
-0.4882    6.7933     12.0096
-0.4356    6.7761     11.76
-0.4208    6.721      11.5497
-0.431     6.6585     11.3828
-0.4037    6.561      11.1627
-0.3811    6.4457     10.9885
-0.3457    6.2832     10.7528
-0.317     6.1171     10.5566
-0.3044    5.9648     10.3699
-0.3314    5.8343     10.2407
-0.3089    5.6619     10.0912
-0.3284    5.5062     9.9481
-0.3146    5.3014     9.7681
-0.3123    5.0986     9.6152
-0.2954    4.9361     9.4794
-0.3063    4.7403     9.3174
-0.2985    4.5659     9.1631
-0.25      4.4245     9.048
-0.2712    4.3285     8.9797
-0.2839    4.244      8.8953
-0.2427    4.1825     8.8316















































































































































































-0.2033    4.1789     8.8121     NOSE
-0.4098    4.2379     8.7333
-0.6409    4.2314     8.6632
-0.8064    4.1566     8.5513
-0.8844    4.024      8.3352
-0.9766    3.8905     8.1278
-1.0424    3.6849     7.8715
-1.0666    3.4824     7.6594
-0.9857    3.2918     7.4073
-0.8487    3.1006     7.2539
-0.6824    2.8956     7.0872
-0.5451    2.8087     6.9521
-0.4425    2.7227     6.8142
-0.3097    2.6818     6.6456
-0.1792    2.6895     6.5331
-0.1316    2.6248     6.4953
-0.0321    2.6931     6.6011
0.0961     2.705      6.7375
0.2069     2.7315     6.858
0.2707     2.8022     6.9922
0.3122     2.912      7.086
0.3921     3.0729     7.2115
0.4869     3.2592     7.3316
0.6136     3.449      7.4906
0.7208     3.5503     7.657
0.7041     3.7274     7.8492
0.6269     3.8287     7.9032
0.6215     3.8918     8.0604
0.5262     3.9807     8.1736
0.528      4.0227     8.3206
0.4668     4.103      8.4599
0.4321     4.179      8.5877
0.3689     4.2241     8.6613
0.3001     4.2666     8.7244
0.2182     4.2502     8.7558
0.1017     4.232      8.7499
-0.0149    4.1884     8.7994
-0.2344    4.1993     8.7676


































































































































































-0.1447    2.5552     6.4554     NASP-PR
-0.1397    2.4439     6.3074
-0.1368    2.4282     6.1356
-0.1293    2.3937     5.9974
-0.1604    2.4091     5.8236
-0.1555    2.4599     5.7337


































































































































































































-0.7919    4.9998     9.3286     R-PM/MAX
-0.8143    4.8091     9.2399
-0.8467    4.668      9.108
-0.8973    4.5455     8.9701
-0.9446    4.4038     8.8143
-1.0434    4.3665     8.6876
-1.1589    4.2283     8.5376
-1.1961    4.1723     8.3917
-1.3028    4.0525     8.2234
-1.3249    3.9233     8.0548
-1.3647    3.8283     7.856
-1.4124    3.712      7.6149
-1.4679    3.669      7.4889
-1.5364    3.6074     7.2828
-1.6241    3.5467     7.0563
-1.6605    3.4902     6.8866
-1.714     3.4444     6.7168
-1.7536    3.4171     6.5143
-1.8292    3.5402     6.2359
-1.7592    3.5404     6.0933
-1.6564    3.5612     5.924



















































































































































































0.2857     4.9701     9.3368     L-PM/MAX
0.3111     4.6681     9.1552
0.4196     4.5548     9.0151
0.4805     4.4666     8.8921
0.5554     4.3983     8.7741
0.6492     4.3197     8.6774
0.715      4.2126     8.5484
0.7866     4.1472     8.4392
0.8373     4.0529     8.3096
0.9043     3.9631     8.1682
0.9674     3.876      8.0244
1.021      3.806      7.8343
1.102      3.7244     7.6682
1.1558     3.7169     7.5159
1.2143     3.6474     7.3633
1.2867     3.5926     7.1554
1.3398     3.5185     7.0133
1.3959     3.5013     6.886
1.436      3.4498     6.7319
1.4725     3.4376     6.5554
1.4988     3.4647     6.41
1.4961     3.5067     6.2199
1.3722     3.5862     6.0324

















































































































































































-2.4301    6.8331     6.4522     ROSTRUM
-2.434     6.7719     6.6424
-2.4222    6.685      6.9392
-2.3151    6.6324     7.1256
-2.157     6.6227     7.2946
-1.9695    6.5339     7.5182
-1.8911    6.5273     7.7387
-1.9064    6.5355     8.0038
-1.9257    6.4028     8.2727
-1.9483    6.412      8.5303
-1.9822    6.3512     8.7771
-2.0147    6.3742     8.9291
-2.0298    6.347      9.1203
-2.0834    6.3043     9.3896
-1.9329    6.2698     9.5079
-1.747     6.2605     9.6032
-1.5693    6.2636     9.7026
-1.4175    6.2725     9.8013
-1.2445    6.2784     9.8705
-1.059     6.2419     9.949
-0.9511    6.2017     10.0118
-0.854     6.1903     10.1499
-0.7363    6.1813     10.2504
-0.625     6.1624     10.3732
-0.4835    6.1342     10.4543
-0.3406    6.131      10.5254
-0.1791    6.1172     10.5031
-0.0679    6.1685     10.444
0.1616     6.1862     10.3346
0.2672     6.2293     10.278
0.4754     6.2398     10.1425
0.6498     6.2274     9.9832
0.8145     6.2427     9.8971
1.0042     6.2286     9.8579
1.1662     6.2795     9.8183
1.3307     6.2789     9.7866
1.5494     6.2497     9.6979
1.6814     6.3063     9.5587
1.6515     6.3717     9.1478
1.5771     6.4475     8.8846
1.5882     6.4901     8.6863
1.5856     6.4937     8.4551
1.6037     6.5022     8.3134
1.5838     6.483      8.1205
1.5974     6.4773     7.8946
1.6817     6.4779     7.665
1.865      6.524      7.4517
2.0091     6.5552     7.2866
2.1156     6.6258     7.0424
2.1572     6.679      6.7771
2.1532     6.7062     6.6017
2.1304     6.7488     6.5361
2.114      6.7726     6.4741



















































































































































-3.9659    8.5176     11.9892    SUPORB
-3.9239    8.5398     12.2262
-3.8126    8.4791     12.5758
-3.5448    8.3021     12.8879
-3.2955    8.1823     13.0777
-3.1129    8.0608     13.1571
-2.7853    7.8896     13.3459
-2.5993    7.9322     13.5073
-2.3856    7.9166     13.6677
-2.0543    7.8583     13.8487
-1.723     7.8939     14.0417
-1.2517    7.7551     14.0959
-0.9557    7.5102     13.9946
-0.6467    7.197      13.8261
-0.3973    7.2199     13.8442
-0.0777    7.5238     14.0548
0.4476     7.7194     14.1651
0.8375     7.721      14.0999
1.1572     7.7294     13.9905
1.4754     7.7304     13.8458
1.8055     7.6916     13.6358
2.009      7.6942     13.5291
2.1967     7.8351     13.4652
2.3208     7.9366     13.4381
2.499      8.0588     13.3534
2.7334     8.1843     13.1993
2.9472     8.2737     13.0052
3.0781     8.3354     12.8223
3.1345     8.3922     12.5821
3.2125     8.3861     12.436
3.2652     8.422      12.2123









































































































































































-2.1701    7.2371     10.6538    RORBIT
-2.3546    7.2782     10.6325
-2.5444    7.3501     10.6959
-2.7905    7.4541     10.7507
-3.072     7.6407     10.9441
-3.2229    7.7597     11.104
-3.3465    7.9751     11.424
-3.3922    8.0199     11.5636
-3.491     8.0902     11.8908
-3.4881    8.0593     12.1652
-3.4151    7.9314     12.3562
-3.2998    7.786      12.5785
-3.0455    7.637      12.7481
-2.743     7.4553     12.8207
-2.3708    7.3402     12.8324
-2.0846    7.2799     12.7973
-1.7865    7.2068     12.7615
-1.5791    7.2148     12.8571
-1.2036    7.1821     12.8064
-0.9634    7.1641     12.5933
-0.8544    7.222      12.21
-0.8265    7.2268     12.0618
-0.8053    7.1633     11.8705
-0.7881    7.1062     11.7783
-0.7514    7.0698     11.6993















































































































































































1.4909     7.1112     10.8245    LORBIT
1.7412     7.1507     10.8513
2.0015     7.2441     10.932
2.1551     7.3692     11.047
2.2988     7.4795     11.171
2.4163     7.5825     11.2789
2.5399     7.67       11.4169
2.6405     7.7268     11.5462
2.655      7.8298     11.6968
2.7485     7.8431     11.8869
2.8233     7.8854     12.0568
2.8349     7.9267     12.3272
2.7328     7.884      12.5843
2.6262     7.7984     12.7556
2.5714     7.639      12.9219
2.2718     7.5731     13.037
2.0582     7.3461     13.1553
1.8835     7.3005     13.1453
1.8049     7.2035     13.1901
1.4615     7.1377     13.0978
1.2383     7.105      13.0555
0.9989     7.0985     12.9957
0.6463     7.0985     12.9762
0.1897     7.105      12.8195
0.0357     7.0524     12.6025
-0.0399    7.061      12.2893
-0.0855    7.063      12.1276
-0.0972    7.057      11.9985
-0.0258    7.0583     11.883











































































































































































-3.9496    8.5618     11.7895    RTEMFOS
-3.9654    8.4342     11.5056
-3.9819    8.2879     11.2062
-3.9708    8.1498     10.881
-3.9608    8.0885     10.748
-3.9369    7.987      10.508
-3.9124    7.8542     10.1394
-3.8869    7.7864     9.9477
-3.8613    7.7267     9.7462
-3.8485    7.6705     9.5303
-3.8448    7.6769     9.3578
-3.9045    7.7202     9.1396
-3.965     7.8346     8.9601
-4.0432    7.9449     8.8814
-4.0892    8.0592     8.8424
-4.1714    8.26       8.796
-4.2407    8.4511     8.8033
-4.252     8.627      8.8151
-4.252     8.7908     8.851
-4.2741    8.9399     8.8652
-4.2424    9.0307     8.9222
-4.262     9.1172     8.9408


















































































































































































3.2358     8.4777     12.2981    LTEMFOS
3.2503     8.3951     12.1157
3.2883     8.2943     11.8695
3.3219     8.2357     11.6997
3.324      8.1214     11.473
3.3497     8.0257     11.2766
3.3603     7.9575     11.0611
3.3644     7.8226     10.7852
3.3606     7.7304     10.6164
3.3628     7.6482     10.4325
3.3849     7.5959     10.2626
3.399      7.5587     10.1137
3.4444     7.5254     9.8133
3.5152     7.5641     9.6077
3.6003     7.6625     9.4238
3.6931     7.822      9.3308
3.7928     7.9776     9.243
3.8548     8.206      9.2818
3.8131     8.4259     9.3075
3.8663     8.6487     9.3338
3.8599     8.8158     9.3887
3.8738     8.9805     9.4526
3.8566     9.0514     9.502

















































































































































































-0.1957    4.0825     12.1661    OP
-0.1807    6.2071     11.9089    BA
-0.1395    10.4201    11.1419    ST
-0.1277    15.078     10.7326    IV
-3.5646    6.4603     11.6554    R_PG
-4.5524    8.3564     10.9478    R_ZTI
-2.0132    10.3773    11.7445    R_M3D
-2.4117    12.6182    11.8215    R_M12
-1.9745    14.9892    11.3324    R_MP3
-1.5849    15.8691    11.2198    R_PMI
3.2195     6.5116     11.4288    L_PG
4.1811     8.3028     10.6296    L_ZTI
1.7089     10.3015    11.6569    L_M3D
2.1193     12.6584    11.7897    L_M12
1.7495     15.0067    11.2834    L_MP3
1.3568     15.7931    11.2682    L_PMI
0.5462     17.0946    10.8605    O1
-3.6639    8.6628     6.3913     O2
4.2757     8.1296     10.0412    O3
-0.9785    1.5425     10.5155    O4




















































































































































































-3.2984    11.4239    10.8052    RZYGINF
-3.3748    11.1464    10.7704
-3.5045    10.9495    10.6574
-3.7093    10.8945    10.6238
-3.9276    10.6162    10.6835
-4.0185    10.408     10.7557
-4.0855    10.1361    10.8409
-4.166     9.916      10.8926
-4.2083    9.7725     10.9314
-4.2971    9.5078     10.9904
-4.3327    9.1788     11.0168
-4.345     9.0274     11.033
-4.4457    8.7968     11.0088
-4.5424    8.6334     10.9905
-4.5611    8.5261     10.9877
-4.5431    8.4543     10.9805
-4.5514    8.369      10.9445























































































































































































3.0567     11.1368    10.5817    LZYGINF
3.24       10.936     10.4402
3.4662     10.7589    10.425
3.608      10.4869    10.5124
3.7067     10.1318    10.6037
3.7327     9.8317     10.6706
3.7233     9.5579     10.6991
3.8187     9.2402     10.732
3.8792     9.0239     10.7083
4.0558     8.7519     10.6706
4.0615     8.6067     10.6856
4.1244     8.4462     10.6689
4.175      8.3294     10.6454
4.1757     8.2737     10.6042


























































































































































































-1.9898    10.3603    11.7821    R-ALV
-2.1866    10.6228    11.8851
-2.3188    10.9357    11.9115
-2.4264    11.3031    11.9202
-2.4382    11.626     11.9375
-2.4827    11.9362    11.9146
-2.4579    12.4116    11.8331
-2.4141    12.8411    11.7363
-2.3737    13.1363    11.6782
-2.2593    13.4292    11.6171
-2.211     13.7263    11.566
-2.1826    13.8847    11.596
-2.0959    14.2916    11.5548
-2.0783    14.5642    11.4792
-2.034     14.7769    11.3918
-2.0221    14.9186    11.3186
-1.9888    14.9768    11.3359























































































































































































1.641      10.3807    11.6776    L-ALV
1.8386     10.5592    11.7194
1.9907     10.8456    11.7363
2.0938     11.1047    11.7379
2.1209     11.3869    11.7458
2.1538     11.7741    11.7331
2.1761     12.0822    11.7146
2.1557     12.4015    11.6638
2.0897     12.7373    11.6566
2.0653     12.9639    11.6409
2.0455     13.2685    11.6101
1.9622     13.4983    11.5331
1.8984     13.8376    11.4997
1.8638     14.0574    11.4662
1.8336     14.3243    11.4663
1.8235     14.5469    11.3942
1.7916     14.747     11.3371
1.7421     14.929     11.307
1.7498     15.0627    11.2272
