AMNH       169432     Phu1mam4
-0.4679    20.7452    13.9114    IN
-0.0975    15.4302    16.4911    BR
0.5697     9.15       15.752     GL
0.5217     9.0615     15.3452    NA
0.594      3.6718     9.1288     RH
0.7429     0.951      5.7641     NS
0.7977     0.633      4.1834     PR
-0.3446    0.9172     4.403      R_PR2
-0.4036    4.6316     9.5748     R_PMS
-3.698     8.7754     9.043      R_ZMI
-1.9731    8.9997     13.1071    R_ZMU
0.0008     9.222      14.2614    R_DA
-1.9631    9.2242     15.601     R_MTI
-1.933     10.163     16.5413    R_MTS
-3.3731    9.7578     14.255     R_FMO
-4.3877    10.5265    14.2892    R_FMT
-4.6634    16.5853    11.8432    R_PO
-5.497     10.6534    10.6585    R_ZTS
1.8296     1.0078     4.2488     L_PR2
1.3979     4.546      9.5381     L_PMS
4.2211     9.4904     8.7449     L_ZMI
2.6204     9.2717     12.9075    L_ZMU
0.9136     9.2433     14.2043    L_DA
2.8429     9.5302     15.4045    L_MTI
2.7259     10.4888    16.3822    L_MTS
3.9287     10.1947    13.4976    L_FMO
5.001      11.2779    14.0238    L_FMT
4.0633     17.0006    11.2986    L_PO
5.6722     11.2288    10.2631    L_ZTS
1.5315     0.4288     4.1815     O1
4.1771     11.4214    15.5561    O2
-5.4915    15.1091    11.3101    O3
0.3501     20.3329    13.3337    O4







































































































































































9999       9999       9999       GLRH







































































































































































































9999       9999       9999       NOSE







































































































































































































9999       9999       9999       NASP-PR







































































































































































































9999       9999       9999       R-PM/MAX







































































































































































































9999       9999       9999       L-PM/MAX







































































































































































































9999       9999       9999       ROSTRUM







































































































































































































9999       9999       9999       SUPORB







































































































































































































9999       9999       9999       RORBIT







































































































































































































9999       9999       9999       LORBIT







































































































































































































9999       9999       9999       RTEMFOS







































































































































































































9999       9999       9999       LTEMFOS







































































































































































































0.2402     4.3893     12.7764    OP
0.0204     6.5395     13.1281    BA
-0.1875    13.1341    12.7348    ST
-0.4106    19.5779    13.6266    IV
9999       9999       9999       R_PG
-5.8136    9.451      11.3395    R_ZTI
-2.8015    13.6604    14.2697    R_M3D
-3.0822    16.2662    14.4211    R_M12
-3.009     18.9782    14.34      R_MP3
-2.4526    20.8843    14.0572    R_PMI
4.4626     6.7624     12.7964    L_PG
5.8715     9.7364     11.7544    L_ZTI
2.4499     13.6544    14.4498    L_M3D
2.6599     16.3147    14.4546    L_M12
2.2719     19.0246    14.3771    L_MP3
1.4967     21.0818    13.807     L_PMI
0.1258     23.0734    14.6236    O1
4.0721     10.1071    5.8135     O2
-5.1588    6.6058     10.9776    O3
1.3309     1.6287     9.9361     O4




















































































































































































9999       9999       9999       RZYGINF







































































































































































































9999       9999       9999       LZYGINF







































































































































































































9999       9999       9999       R-ALV







































































































































































































9999       9999       9999       L-ALV
