AMNH       169432     Phu1Tosi4
17.2962    19.8791    17.2074    IN
13.6827    15.6209    19.3344    BR
9.9104     10.6865    17.8861    GL
9.8356     10.6982    17.43      NA
6.9792     7.0536     10.6759    RH
5.6292     5.1985     7.028      NS
5.6049     5.0478     5.3521     PR
4.9167     5.9663     5.3752     R_PR2
6.7887     8.3956     11.161     R_PMS
7.1944     13.8197    10.9254    R_ZMI
8.4129     12.2988    15.1227    R_ZMU
9.6515     11.1896    16.4089    R_DA
8.3434     12.3119    17.6158    R_MTI
8.8696     12.8328    18.8118    R_MTS
7.6955     13.8906    16.2688    R_FMO
7.2435     15.1384    16.3772    R_FMT
11.3646    19.75      14.6091    R_PO
7.0176     16.2153    12.7824    R_ZTS
6.63       4.6204     5.4669     L_PR2
8.26       7.1343     11.1875    L_PMS
13.6379    8.919      11.0979    L_ZMI
11.8791    9.4864     15.1548    L_ZMU
10.5138    10.6351    16.3866    L_DA
12.1165    9.4263     17.6452    L_MTI
12.494     10.0168    18.7358    L_MTS
13.568     9.2699     16.4197    L_FMO
14.9252    9.3671     16.4457    L_FMT
18.4184    14.4382    14.6278    L_PO
15.7194    9.0903     12.8768    L_ZTS
4.921      5.3183     5.2306     O1
9.7592     6.3513     9.6209     O2
8.4562     14.3132    17.7294    O3
18.0004    18.1821    15.9733    O4







































































































































































9.8862     10.7059    17.8924    GLRH
9.873      10.7031    17.7417
9.8673     10.6979    17.5723
9.8518     10.7       17.4331
9.8459     10.6558    17.2597
9.8851     10.6634    17.008
9.8866     10.6612    16.7677
9.9009     10.6573    16.5939
9.875      10.6344    16.339
9.8279     10.5772    16.1343
9.7897     10.5328    15.9632
9.7596     10.4486    15.7945
9.7004     10.3729    15.6138
9.657      10.3151    15.5034
9.6242     10.2473    15.4152
9.5838     10.1706    15.2965
9.5208     10.1021    15.2026
9.4466     10.0262    15.0879
9.3921     9.9477     14.9925
9.3254     9.8603     14.9035
9.2352     9.7545     14.776
9.1302     9.6376     14.608
9.0639     9.5832     14.5519
9.0108     9.525      14.4746
8.9418     9.4109     14.3412
8.8999     9.3301     14.2578
8.8196     9.28       14.1043
8.7269     9.1516     13.9848
8.6349     9.0488     13.8302
8.5536     8.9778     13.7039
8.4841     8.9127     13.5941
8.4063     8.7762     13.4425
8.2889     8.6536     13.2723
8.1677     8.5301     13.1306
8.0869     8.4674     13.0404
7.988      8.3895     12.9111
7.8932     8.2856     12.7858
7.7829     8.1313     12.5985
7.671      8.0563     12.44
7.5744     7.848      12.1825
7.4636     7.735      11.9913
7.3402     7.6109     11.767
7.2567     7.4971     11.5446
7.1764     7.3964     11.3268
7.1146     7.3273     11.2118
7.0874     7.2757     11.1167
7.0319     7.2056     10.98
6.9895     7.1126     10.7934
6.9496     7.0866     10.6545























































































































































6.9496     7.1222     10.6355    NOSE
6.8312     7.291      10.5885
6.6244     7.4766     10.492
6.4633     7.6475     10.3196
6.3317     7.6876     10.1661
6.1948     7.6488     9.965
6.0353     7.5875     9.7603
5.8721     7.4902     9.4776
5.7867     7.4299     9.2065
5.6244     7.3273     8.9141
5.5354     7.2298     8.6565
5.4517     7.1438     8.4403
5.3512     6.9978     8.2584
5.2706     6.8957     8.143
5.2371     6.7716     8.0066
5.2185     6.6145     7.8936
5.1924     6.4965     7.8004
5.167      6.4079     7.7721
5.1932     6.2261     7.6717
5.1798     6.091      7.6119
5.2283     5.9084     7.5765
5.241      5.7597     7.5143
5.2615     5.6145     7.4365
5.3024     5.4872     7.3453
5.3169     5.3881     7.2417
5.4711     5.3131     7.0731
5.5623     5.2494     7.0219
5.7142     5.1076     7.1123
5.7762     5.0051     7.2137
5.8386     4.9575     7.347
6.0034     4.948      7.5115
6.0943     4.9489     7.5726
6.2698     4.9469     7.6758
6.4684     4.9956     7.7463
6.6305     5.0219     7.8202
6.7587     5.0572     7.8564
6.8936     5.0349     7.9636
7.0501     5.1084     8.1031
7.0859     5.1374     8.1337
7.1444     5.1711     8.2124
7.2348     5.2962     8.357
7.3231     5.3198     8.5262
7.39       5.4047     8.6819
7.4602     5.4737     8.8004
7.5213     5.5565     8.9516
7.5496     5.6336     9.0593
7.6282     5.7927     9.2783
7.683      5.799      9.4031
7.6992     5.9007     9.521
7.7436     6.0454     9.7505
7.7446     6.2056     9.9151
7.7903     6.3766     10.0033
7.7786     6.4718     10.1445
7.7659     6.5356     10.2189
7.6708     6.6702     10.2916
7.5458     6.7883     10.4933
7.4225     6.8137     10.5821
7.273      6.8988     10.6412
7.1753     6.9814     10.6865
7.0545     7.0548     10.7073












































































































































5.6125     5.1855     7.0366     NASP-PR
5.5662     5.1071     6.9296
5.5531     5.0465     6.7995
5.5016     5.0084     6.6866
5.4876     4.9562     6.5505
5.4634     4.9516     6.3733
5.4699     4.9597     6.1658
5.504      4.9443     6.0157
5.5273     4.9607     5.8435
5.5513     4.9321     5.7197
5.5609     4.9293     5.5753
5.5997     4.998      5.3761




























































































































































































6.7842     8.3903     11.1816    R-PM/MAX
6.627      8.2793     10.9566
6.586      8.2567     10.8779
6.4673     8.1844     10.7043
6.3894     8.1401     10.55
6.2765     8.0527     10.3693
6.1419     7.9624     10.2292
6.0008     7.8904     10.0222
5.9042     7.8503     9.8439
5.7582     7.7681     9.5906
5.6732     7.7297     9.3721
5.5985     7.6571     9.1569
5.5104     7.626      8.8501
5.4202     7.5887     8.6583
5.3684     7.5611     8.4598
5.2606     7.5128     8.1316
5.1934     7.4876     8.0692
5.1452     7.455      7.8937
5.1461     7.4619     7.7865
5.1123     7.4553     7.6937
5.0359     7.4191     7.5151
4.9141     7.3796     7.2593
4.8587     7.3641     7.0645
4.7925     7.3788     6.8913
4.7765     7.41       6.7622
4.8923     7.4607     6.4975
4.9802     7.4087     6.3329













































































































































































8.2559     7.1235     11.1983    L-PM/MAX
8.2264     7.0117     10.9952
8.1932     6.9207     10.8693
8.1783     6.8021     10.7039
8.1674     6.6447     10.5197
8.1341     6.523      10.342
8.1149     6.4126     10.2304
8.0958     6.2793     10.1118
8.0919     6.1548     9.953
8.0838     6.0677     9.8282
8.0751     5.9644     9.6505
8.0251     5.8811     9.5126
8.0039     5.7667     9.2859
7.9595     5.6842     9.156
7.953      5.6488     8.9976
7.9308     5.5878     8.8441
7.9227     5.525      8.6627
7.8973     5.4569     8.495
7.9025     5.4111     8.3652
7.8916     5.3362     8.1622
7.8518     5.2521     7.9111
7.8352     5.1729     7.7212
7.8251     5.0932     7.5888
7.8488     5.0034     7.4275
7.8668     4.9309     7.2935
7.9087     4.8837     7.1146
7.9914     4.872      6.9884
8.0272     4.932      6.8354
7.9986     4.9487     6.7644











































































































































































7.0642     11.5179    7.4934     ROSTRUM
6.9516     11.5256    7.7111
6.9266     11.4673    7.9383
6.8968     11.4155    8.1358
6.8914     11.2919    8.3839
6.9346     11.1835    8.5931
6.9897     11.0559    8.7448
7.0049     10.9657    8.9927
7.0351     10.8376    9.1607
6.9189     10.7316    9.5297
6.7649     10.6922    9.8673
6.6355     10.666     10.156
6.4282     10.6509    10.4033
6.3254     10.6352    10.6279
6.2326     10.638     10.833
6.071      10.5738    11.0429
6.0771     10.5071    11.1668
6.132      10.3735    11.3129
6.0613     10.2686    11.4681
6.0716     10.2473    11.5588
6.1944     10.1217    11.7078
6.2792     10.0161    11.7824
6.3963     9.8595     11.8436
6.5682     9.7629     11.8842
6.7069     9.7029     11.8056
6.7941     9.6571     11.7995
6.9447     9.526      11.8247
7.0781     9.3856     11.8904
7.1618     9.2734     11.9409
7.2279     9.1704     12.0124
7.3106     9.0424     12.0768
7.3801     8.8843     12.1516
7.4132     8.6847     12.3456
7.4722     8.5897     12.4415
7.5368     8.4552     12.5411
7.5738     8.393      12.562
7.6429     8.3106     12.5669
7.7487     8.2046     12.6178
7.8941     8.0829     12.6367
8.0742     7.9942     12.6154
8.2574     7.9172     12.528
8.384      7.8768     12.4514
8.5497     7.8439     12.338
8.7094     7.8397     12.2105
8.8966     7.7742     12.0774
9.0528     7.7176     11.996
9.2302     7.6535     11.9153
9.4528     7.484      11.8753
9.5283     7.4301     11.8203
9.6332     7.2892     11.8908
9.8318     7.1079     11.8862
9.9942     6.9626     11.8453
10.1426    6.895      11.7421
10.2642    6.8817     11.5962
10.4649    6.8973     11.4135
10.5988    6.9679     11.1499
10.6022    7.0748     10.9142
10.5807    7.2059     10.7121
10.5309    7.2959     10.5309
10.5323    7.4225     10.3572
10.5209    7.5284     10.0706
10.5271    7.6338     9.8429
10.5415    7.7269     9.5958
10.6283    7.8082     9.3099
10.7443    7.8392     9.1145
10.8833    7.8424     8.9326
11.0904    7.811      8.7053
11.2227    7.7733     8.5561
11.3591    7.7688     8.4048
11.5055    7.8051     8.1282
11.5743    7.8457     7.8769
11.6126    7.914      7.6877
11.5009    8.1337     7.485































































































































7.2599     15.1459    16.3858    SUPORB
7.2459     15.093     16.603
7.2951     14.9884    16.8395
7.287      14.8966    17.0276
7.3094     14.7933    17.2631
7.3618     14.7089    17.4751
7.417      14.5624    17.6794
7.4948     14.4666    17.8318
7.6229     14.3317    17.9858
7.7537     14.153     18.1568
7.8701     13.9807    18.2773
7.9705     13.8232    18.3533
8.0622     13.6938    18.4318
8.2286     13.6073    18.5333
8.2804     13.4913    18.5663
8.4072     13.4216    18.6036
8.5667     13.2231    18.6838
8.7169     13.0214    18.766
8.8508     12.8858    18.8152
9.0134     12.7066    18.8477
9.1593     12.5501    18.8607
9.3027     12.3537    18.8904
9.4784     12.2104    18.8795
9.6294     12.0513    18.8591
9.7629     11.9051    18.866
9.9111     11.7633    18.8144
10.045     11.6721    18.7721
10.1681    11.5319    18.7302
10.3143    11.4146    18.6696
10.451     11.3089    18.6843
10.6702    11.1429    18.7242
10.8109    11.0486    18.751
11.0183    10.8964    18.8254
11.24      10.7537    18.8596
11.4455    10.6498    18.8589
11.6201    10.5092    18.8697
11.8302    10.3896    18.8547
12.0119    10.2797    18.8344
12.3349    10.0844    18.7827
12.5655    9.9155     18.6943
12.7932    9.8587     18.6421
13.0115    9.8001     18.5754
13.2471    9.6961     18.4665
13.4887    9.6253     18.3634
13.6517    9.5224     18.2618
13.8614    9.4775     18.1563
14.1544    9.4209     17.9241
14.328     9.3624     17.6835
14.4565    9.3725     17.5009
14.5195    9.3616     17.3592
14.606     9.3287     17.1791
14.697     9.3628     16.9877
14.8624    9.4041     16.679
14.8712    9.3445     16.6218


















































































































































8.4629     12.3248    15.1572    RORBIT
8.3154     12.4392    15.1853
8.15       12.6259    15.1998
8.0488     12.6914    15.2204
7.9459     12.8326    15.2617
7.8915     12.914     15.3183
7.8015     13.0727    15.3946
7.7471     13.2075    15.4567
7.7506     13.2892    15.4837
7.6909     13.4488    15.654
7.6816     13.5616    15.7455
7.6499     13.6419    15.8711
7.6651     13.7586    16.0026
7.6427     13.8352    16.1343
7.6748     13.9254    16.3401
7.6317     13.9474    16.5392
7.6103     13.8936    16.6891
7.6247     13.8401    16.8271
7.5976     13.7448    16.9658
7.5958     13.6459    17.1086
7.6206     13.4587    17.2547
7.6541     13.3137    17.367
7.7116     13.0973    17.4831
7.803      12.8391    17.5883
7.97       12.6256    17.6165
8.1611     12.4254    17.6377
8.4028     12.2027    17.6091
8.5521     12.0201    17.5755
9.1505     11.6219    17.5652
9.5979     11.3833    17.2793
9.6658     11.3957    17.0582
9.6638     11.2946    16.7776
9.6613     11.2096    16.6169
9.6415     11.1864    16.3697






































































































































































11.882     9.4476     15.1522    LORBIT
12.02      9.3785     15.2468
12.2064    9.334      15.2829
12.3043    9.3127     15.3222
12.5254    9.2485     15.4079
12.6201    9.2403     15.446
12.7309    9.1784     15.4962
12.8995    9.1827     15.6044
13.0395    9.1476     15.6692
13.1355    9.1735     15.7542
13.2339    9.2372     15.8548
13.3438    9.2547     15.9366
13.4073    9.2666     16.0429
13.4839    9.2804     16.1986
13.5638    9.295      16.3753
13.6065    9.2989     16.5459
13.6443    9.3046     16.7038
13.5242    9.2336     16.9789
13.3837    9.1775     17.1482
13.2363    9.1999     17.3015
13.018     9.1657     17.4225
12.8308    9.2006     17.5412
12.6364    9.2656     17.5813
12.4879    9.3341     17.6318
12.2091    9.3709     17.6511
12.0452    9.4803     17.6236
11.8423    9.5739     17.634
11.5803    9.7721     17.5857
11.0729    10.3387    17.5546
10.7583    10.7072    17.2903
10.6735    10.684     17.1434
10.6116    10.6927    16.9848
10.5399    10.6761    16.8073
10.5347    10.6876    16.6248
10.5416    10.6663    16.498
10.5498    10.6384    16.3445




































































































































































7.2762     15.1652    16.2322    RTEMFOS
7.1733     15.066     16.0179
7.0451     14.9432    15.8632
6.9707     14.8714    15.5635
6.9184     14.8165    15.3078
6.8671     14.7507    15.0759
6.8187     14.6889    14.7968
6.7966     14.628     14.5574
6.7182     14.5724    14.2311
6.6628     14.5387    13.964
6.5713     14.4903    13.7567
6.5514     14.5293    13.575
6.5057     14.5279    13.4009
6.502      14.5613    13.245
6.4913     14.6246    13.054
6.4284     14.6573    12.8992
6.4105     14.7852    12.7575
6.389      14.9668    12.5914
6.4495     15.2229    12.5498
6.5397     15.4847    12.5414
6.6632     15.6868    12.579
6.7762     15.8923    12.6341
6.8975     16.0371    12.6916
6.9621     16.1246    12.7425
7.0263     16.166     12.8232















































































































































































14.902     9.4213     16.5289    LTEMFOS
14.8634    9.3323     16.3185
14.8467    9.2748     16.1934
14.8138    9.2388     15.959
14.8072    9.1583     15.8626
14.7665    9.0858     15.6709
14.7465    9.0309     15.4506
14.6983    8.9751     15.3195
14.6639    8.9422     15.2179
14.6264    8.8808     15.0303
14.5926    8.8197     14.8432
14.561     8.8027     14.6873
14.5046    8.7553     14.5123
14.4849    8.7063     14.3272
14.478     8.6822     14.1403
14.4697    8.624      13.981
14.4159    8.6031     13.7803
14.4542    8.5609     13.61
14.4911    8.5088     13.4497
14.5303    8.5245     13.2483
14.6141    8.4757     13.0387
14.6974    8.4397     12.888
14.7585    8.4773     12.7935
14.8679    8.467      12.7029
14.9504    8.5234     12.6978
15.1288    8.582      12.6748
15.2477    8.6148     12.6877
15.414     8.7629     12.7437
15.5229    8.861      12.8038
15.6252    8.9909     12.8382
15.7146    9.0961     12.8829









































































































































































5.3187     4.9226     12.6144    OP
6.7082     6.6457     12.6882    BA
10.7945    11.5807    11.5922    ST
15.0913    16.7688    11.8682    IV
3.2728     9.4244     11.9484    R_PG
3.949      12.6233    10.8003    R_ZTI
9.2639     13.7202    13.3225    R_M3D
10.7966    15.9768    13.1392    R_M12
12.7109    17.8308    12.9794    R_MP3
14.3637    18.9025    12.3367    R_PMI
10.0771    3.8173     12.0907    L_PG
13.025     5.0572     10.6646    L_ZTI
13.3137    10.4443    13.231     L_M3D
15.3351    12.3896    12.9938    L_M12
16.7848    14.6352    12.7142    L_MP3
17.3672    16.5067    12.1053    L_PMI
16.7142    19.7285    12.6392    O1
15.8674    13.6936    10.2404    O2
5.8233     10.9692    5.269      O3
5.1654     2.025      10.4292    O4




















































































































































































7.8825     14.2598    10.9735    RZYGINF
7.5021     14.2662    10.8116
7.1601     14.2729    10.6734
6.8149     14.226     10.653
6.5195     14.0874    10.7128
6.3017     14.0401    10.7999
5.9613     13.8265    10.9984
5.7513     13.6323    11.142
5.5842     13.4674    11.1606
5.4077     13.2791    11.1853
5.2642     13.1449    11.1741
5.0791     13.0313    11.1628
4.8358     12.8874    11.1515
4.6181     12.7065    11.1441
4.3357     12.6623    11.047
4.2361     12.5896    11.0094
4.1211     12.567     10.9675
3.9711     12.5086    10.8883






















































































































































































13.949     9.1808     10.7789    LZYGINF
13.9737    9.0089     10.6532
13.9633    8.8913     10.5508
13.9845    8.7952     10.5014
13.9998    8.6214     10.4373
14.0339    8.439      10.4016
14.0214    8.2182     10.4132
14.0256    8.0542     10.4436
13.9988    7.8556     10.4868
13.9445    7.5973     10.6008
13.9209    7.4192     10.6814
13.8336    7.2641     10.7728
13.6899    7.0471     10.8631
13.6049    6.7971     10.9333
13.5026    6.6076     10.9467
13.3787    6.3555     10.9812
13.3103    6.1384     10.9987
13.2237    5.8929     10.9588
13.1279    5.6814     10.9063
13.0685    5.4577     10.8305
12.9441    5.2245     10.7635



















































































































































































9.2619     13.7938    13.1983    R-ALV
9.3109     14.0166    13.2357
9.3721     14.1967    13.2223
9.4462     14.3506    13.2254
9.5227     14.4976    13.2351
9.6175     14.6384    13.2382
9.7339     14.7868    13.234
9.8833     14.9869    13.2269
9.9794     15.0969    13.2412
10.0589    15.1948    13.2575
10.1673    15.3446    13.2401
10.2641    15.4929    13.1581
10.353     15.6069    13.1586
10.472     15.709     13.1836
10.6065    15.8082    13.1828
10.7261    15.9218    13.1358
10.8016    16.0132    13.0782
10.9293    16.1448    13.0999
11.0322    16.2644    13.0924
11.1297    16.3561    13.0921
11.2542    16.4813    13.0892
11.3893    16.6225    13.0712
11.491     16.689     13.0923
11.6816    16.7672    13.0591
11.7934    16.8553    13.0536
11.8909    16.9311    13.0711
12.0186    17.0421    13.081
12.1513    17.1558    13.0803
12.2257    17.2523    13.0834
12.3912    17.4438    13.1038
12.5054    17.5658    13.1004
12.5916    17.6564    13.0884
12.7498    17.8355    13.0303







































































































































































13.3608    10.4525    13.1339    L-ALV
13.4695    10.4795    13.1305
13.5463    10.5135    13.1283
13.7952    10.6342    13.1356
13.9175    10.7352    13.1351
14.0729    10.8673    13.1586
14.2662    11.0511    13.1539
14.3886    11.1802    13.116
14.529     11.2989    13.0831
14.6332    11.3957    13.082
14.7364    11.5027    13.0869
14.8588    11.6496    13.0968
15.0236    11.8159    13.0911
15.1179    11.9486    13.0716
15.2659    12.2196    12.9817
15.3618    12.3322    12.9499
15.4334    12.4402    12.9534
15.5338    12.5876    12.9422
15.6104    12.7209    12.9634
15.7008    12.8446    12.9716
15.7904    12.9535    12.9636
15.9       13.1309    12.9045
15.9231    13.2689    12.8631
15.9785    13.4147    12.8834
16.0277    13.5277    12.8811
16.1096    13.6366    12.8769
16.1715    13.7637    12.8772
16.2517    13.8978    12.8549
16.3621    14.0635    12.8254
16.4467    14.1698    12.8253
16.5527    14.323     12.7947
16.6753    14.4861    12.8012
16.7806    14.5995    12.7153
