AMNH       169432     Phu1bjw
1.2643     27.2906    13.9476    IN
1.2121     22.3096    16.8888    BR
1.0001     15.7966    16.6739    GL
1.0844     15.7227    16.2307    NA
0.5274     9.9483     10.4097    RH
0.2641     6.9119     7.2075     NS
0.2697     6.5574     5.6985     PR
-0.9288    6.9791     6.0592     R_PR2
-0.4171    10.9978    10.8318    R_PMS
-3.3362    15.4591    10.0219    R_ZMI
-1.3747    15.7292    14.0983    R_ZMU
0.5686     15.8554    15.1493    R_DA
-1.3983    16.2201    16.5187    R_MTI
-1.5274    16.8421    17.3967    R_MTS
-2.6446    16.5988    15.0505    R_FMO
-3.6648    17.5149    15.1465    R_FMT
-3.4748    23.232     12.368     R_PO
-4.8409    17.4971    11.6687    R_ZTS
1.3349     6.8623     5.9044     L_PR2
1.4313     10.8174    10.7279    L_PMS
4.5729     15.3538    9.5165     L_ZMI
3.0848     15.5955    13.7427    L_ZMU
1.5798     15.8313    15.0664    L_DA
3.5729     16.1378    16.0989    L_MTI
3.269      16.65      17.1719    L_MTS
4.7578     16.4614    14.3444    L_FMO
5.7805     17.5028    14.5803    L_FMT
5.2008     23.0482    11.5696    L_PO
6.2232     17.1031    10.8433    L_ZTS
0.7999     6.2718     6.179      O1
4.7922     17.8981    14.9811    O2
-2.5659    17.8188    15.1454    O3
1.2553     27.1628    13.3062    O4







































































































































































9999       9999       9999       GLRH







































































































































































































9999       9999       9999       NOSE







































































































































































































9999       9999       9999       NASP-PR







































































































































































































9999       9999       9999       R-PM/MAX







































































































































































































9999       9999       9999       L-PM/MAX







































































































































































































9999       9999       9999       ROSTRUM







































































































































































































9999       9999       9999       SUPORB







































































































































































































9999       9999       9999       RORBIT







































































































































































































9999       9999       9999       LORBIT







































































































































































































9999       9999       9999       RTEMFOS







































































































































































































9999       9999       9999       LTEMFOS







































































































































































































1.1214     9.8045     12.6934    OP
0.7662     11.9122    13.0105    BA
0.8146     18.5798    12.5474    ST
0.5698     24.8862    13.2995    IV
9999       9999       9999       R_PG
-5.0914    14.7201    11.3752    R_ZTI
-1.8152    18.846     14.3365    R_M3D
-1.9781    21.5205    14.4647    R_M12
-1.908     24.2287    14.3714    R_MP3
-1.3061    26.1727    13.8528    R_PMI
5.201      12.0359    12.4032    L_PG
6.626      15.0366    11.2335    L_ZTI
3.3357     18.9765    14.188     L_M3D
3.5556     21.7347    14.1487    L_M12
3.142      24.4336    14.1532    L_MP3
2.4549     26.3127    13.6081    L_PMI
1.2078     28.3518    13.9391    O1
4.45       15.4308    6.6555     O2
-2.9515    15.4913    7.1589     O3
1.1074     6.5612     10.1091    O4




















































































































































































9999       9999       9999       RZYGINF







































































































































































































9999       9999       9999       LZYGINF







































































































































































































9999       9999       9999       R-ALV







































































































































































































9999       9999       9999       L-ALV
