BM(NH)     ZD.1967.126Phu154sf
0.3059     22.0799    12.6899    IN
0.509      17.6646    16.0858    BR
0.59       10.9119    15.3445    GL
0.52       10.8885    14.5315    NA
0.6203     4.8857     9.1991     RH
0.5378     1.6425     5.7583     NS
0.5103     1.3398     4.471      PR
-0.53      1.5815     4.5128     R_PR2
-0.0226    5.714      9.5873     R_PMS
-3.5182    9.777      8.9822     R_ZMI
-1.6539    10.7403    12.5754    R_ZMU
0.0899     10.9837    13.8324    R_DA
-1.6455    11.2346    15.1768    R_MTI
-1.086     12.1245    16.088     R_MTS
-3.1536    11.941     13.6832    R_FMO
-4.0376    12.6292    13.4456    R_FMT
-4.0362    18.163     10.2561    R_PO
-4.985     12.0453    10.1991    R_ZTS
1.4613     1.6602     4.2886     L_PR2
1.4238     5.3972     9.4041     L_PMS
4.3556     10.1652    8.52       L_ZMI
2.6023     10.8623    12.4942    L_ZMU
0.9608     10.9605    13.7182    L_DA
2.7327     11.3171    15.0165    L_MTI
2.3317     12.1881    15.9625    L_MTS
4.2612     11.9955    13.4679    L_FMO
5.0516     12.7264    13.239     L_FMT
4.861      17.8986    10.1035    L_PO
5.6943     11.9401    10.0383    L_ZTS
1.2031     1.1186     4.1596     O1
-3.2564    13.132     15.0897    O2
6.2236     14.3088    9.6583     O3
-0.2508    21.8773    12.3336    O4







































































































































































0.5733     10.866     15.0713    GLRH
0.5551     10.8562    14.7971
0.5333     10.8773    14.6263
0.5288     10.8637    14.4805
0.5159     10.8298    14.287
0.5096     10.7482    14.0623
0.486      10.6915    13.8773
0.4857     10.629     13.7205
0.4773     10.5417    13.6119
0.4491     10.4399    13.4659
0.4591     10.3422    13.327
0.4499     10.2239    13.1932
0.4499     10.1557    13.0775
0.4553     10.033     12.9603
0.4559     9.8921     12.8129
0.4904     9.7536     12.6701
0.4877     9.6628     12.5564
0.5026     9.5058     12.4124
0.5197     9.3735     12.2695
0.5386     9.2404     12.1647
0.5467     9.122      12.0309
0.5349     8.9054     11.8453
0.5283     8.7207     11.6879
0.5362     8.5347     11.5581
0.5541     8.3823     11.4328
0.5411     8.2878     11.3279
0.602      8.0449     11.1783
0.5621     7.8514     11.0557
0.5875     7.6054     10.9239
0.5849     7.4057     10.7991
0.5747     7.3329     10.7218
0.5807     7.1646     10.6223
0.5805     6.9585     10.5228
0.6143     6.7725     10.437
0.6233     6.5979     10.3538
0.6067     6.4247     10.2524
0.6038     6.3154     10.1818
0.587      6.114      10.077
0.6117     5.91       9.9672
0.5975     5.7225     9.8426
0.5926     5.5692     9.7476
0.5947     5.4337     9.6413
0.5968     5.2786     9.5356
0.5967     5.1454     9.4504
0.6062     5.0111     9.358
0.6465     4.9114     9.2516


























































































































































0.6307     4.9424     9.2431     NOSE
0.4099     4.914      9.2363
0.1135     4.8895     9.1756
-0.0077    4.7601     9.0569
-0.1367    4.5717     8.939
-0.2036    4.4058     8.7498
-0.3113    4.2252     8.5907
-0.3997    4.0055     8.4904
-0.4464    3.7753     8.2633
-0.5145    3.6021     8.0619
-0.5482    3.4403     7.8523
-0.5911    3.2586     7.6067
-0.6079    3.0777     7.4298
-0.6219    2.9402     7.2667
-0.6008    2.8027     7.1024
-0.5107    2.671      6.9643
-0.4509    2.5532     6.8738
-0.3811    2.3485     6.7117
-0.327     2.1795     6.6143
-0.3216    1.9737     6.5168
-0.2247    1.7994     6.4483
-0.122     1.6836     6.3692
-0.0161    1.6177     6.2081
0.0925     1.5261     6.0061
0.2498     1.461      5.8044
0.3607     1.4752     5.7081
0.5056     1.5731     5.7052
0.741      1.5482     5.7425
0.9326     1.5341     5.8734
1.0789     1.6749     6.0445
1.1955     1.7587     6.1623
1.2635     1.7808     6.2724
1.44       1.9373     6.4012
1.5229     2.1354     6.4727
1.6451     2.262      6.5092
1.6951     2.4259     6.6277
1.7674     2.5753     6.776
1.7908     2.7129     6.9411
1.8413     2.8762     7.1383
1.8746     3.0869     7.3753
1.8511     3.2993     7.5626
1.8419     3.4329     7.6843
1.7848     3.6077     7.8477
1.7032     3.7421     7.9878
1.6557     3.8965     8.1421
1.5736     4.0559     8.2877
1.5746     4.2282     8.4861
1.5068     4.3768     8.607
1.4021     4.5904     8.7045
1.3373     4.7321     8.8061
1.2811     4.7902     8.9525
1.169      4.9287     9.0051
1.0995     4.8871     9.1087
0.7947     4.9441     9.1588
0.6122     4.9341     9.227

















































































































































0.5663     1.56       5.6755     NASP-PR
0.5821     1.3886     5.4751
0.5622     1.2986     5.1688
0.5318     1.2917     4.9422
0.5254     1.2988     4.7536
0.5022     1.3207     4.5719
0.5349     1.3401     4.5067
0.5364     1.3472     4.3947
































































































































































































-0.0523    5.6149     9.549      R-PM/MAX
-0.1489    5.3697     9.4179
-0.2277    5.1453     9.2896
-0.2774    4.9526     9.1844
-0.3711    4.7407     9.005
-0.4439    4.5697     8.884
-0.5199    4.391      8.7916
-0.6151    4.2432     8.6874
-0.6712    4.0784     8.4815
-0.7001    3.9818     8.356
-0.7589    3.8644     8.1662
-0.795     3.7135     7.9178
-0.8478    3.5387     7.5969
-0.9305    3.421      7.317
-1.1278    3.3348     6.9961
-1.2594    3.2054     6.8642
-1.3651    3.1387     6.6498
-1.5313    3.0645     6.4416
-1.688     2.8781     6.0069
-1.7329    2.8218     5.6854
-1.7266    2.8024     5.4786
-1.6946    2.751      5.2967
-1.5705    2.7463     5.0841
-1.4135    2.7197     5.0062
















































































































































































1.3654     5.5745     9.5079     L-PM/MAX
1.4609     5.3405     9.3543
1.5655     5.0732     9.1792
1.6763     4.788      8.9668
1.8197     4.5284     8.718
1.9071     4.3023     8.4886
2.0341     4.0313     8.1154
2.0739     3.8106     7.8059
2.0934     3.6511     7.5351
2.1488     3.469      7.2432
2.2554     3.2016     6.87
2.295      3.1289     6.6909
2.3813     2.9699     6.4841
2.5026     2.9369     6.2536
2.669      3.0037     6.0421
2.7523     3.0032     5.8143
2.7557     3.0016     5.5909
2.763      3.0288     5.4239
2.7434     3.0199     5.2947
2.6404     3.0117     5.1526
2.4792     3.0121     5.0472
2.3169     2.9844     4.9216


















































































































































































-2.3114    6.9784     6.1069     ROSTRUM
-2.3803    6.8616     6.475
-2.3174    6.8478     6.7432
-2.17      6.8077     6.9706
-2.0114    6.7836     7.19
-1.8987    6.764      7.3909
-1.7439    6.6508     7.7092
-1.6668    6.596      7.9755
-1.6023    6.5686     8.2224
-1.5673    6.5395     8.4458
-1.5258    6.5421     8.6418
-1.5053    6.5053     8.8769
-1.5419    6.5008     9.0938
-1.6152    6.4401     9.2373
-1.7057    6.4152     9.414
-1.7615    6.3814     9.6357
-1.7296    6.3417     9.7841
-1.5735    6.2624     10.0564
-1.3845    6.2859     10.2269
-1.2203    6.285      10.3187
-1.0037    6.3209     10.3357
-0.8921    6.3468     10.2629
-0.7172    6.3859     10.2006
-0.5272    6.4172     10.1756
-0.3804    6.4003     10.1228
-0.2478    6.4732     10.0131
-0.1111    6.4686     10.002
0.1197     6.5047     9.9971
0.2706     6.4452     10.1574
0.4396     6.4572     10.2497
0.5906     6.4757     10.2525
0.7614     6.5349     10.2844
1.0284     6.5397     10.2054
1.1029     6.5696     10.0797
1.2385     6.5576     10.1257
1.4079     6.5429     10.0705
1.6124     6.5675     10.1031
1.8923     6.5557     10.1347
2.08       6.5848     10.1774
2.3804     6.5999     10.1797
2.5722     6.6613     10.1544
2.7309     6.681      10.0482
2.8293     6.7731     9.8429
2.7928     6.8383     9.4068
2.6772     6.9163     9.2433
2.5926     7.0082     9.1325
2.6016     7.0039     8.8294
2.5933     6.9895     8.567
2.646      7.0533     8.3168
2.6741     7.0499     7.969
2.7107     7.108      7.747
2.7871     7.1459     7.5044
2.9614     7.1404     7.2131
3.0494     7.1538     6.9517
3.1932     7.177      6.7274
3.2737     7.2033     6.5703
3.3044     7.2531     6.3266
3.2474     7.2451     6.0692
3.1693     7.269      5.7978













































































































































-4.0263    12.6371    13.5195    SUPORB
-3.9306    12.7221    13.8346
-3.804     12.7704    14.2357
-3.6517    12.7724    14.5558
-3.5014    12.6933    14.775
-3.293     12.637     15.0399
-3.0779    12.5495    15.2098
-2.9104    12.4062    15.357
-2.6841    12.3627    15.481
-2.307     12.109     15.675
-2.0827    12.0487    15.733
-1.726     12.0288    15.8325
-1.4553    12.043     15.9514
-1.224     12.0951    16.029
-0.9726    12.1517    16.1079
-0.6383    12.1173    16.1554
-0.3174    12.0114    16.094
0.0207     11.8527    16.0627
0.2641     11.5934    15.9671
0.4911     11.4001    15.8551
0.7616     11.5343    15.9134
1.0089     11.6925    15.9975
1.2119     11.8228    16.0421
1.5449     11.9071    16.0456
1.8759     11.9879    16.0181
2.1306     12.0503    15.9797
2.408      11.9797    15.9003
2.672      11.9438    15.7738
2.9879     11.9214    15.6313
3.2731     12.0293    15.5477
3.4377     12.1613    15.4694
3.588      12.2551    15.3888
3.9244     12.4322    15.1988
4.1349     12.5335    15.0402
4.2888     12.6649    14.8723
4.4404     12.7287    14.6988
4.5924     12.8648    14.5592
4.7065     12.9343    14.3778
4.8097     12.9667    14.1311
4.8788     13.0442    13.9385
4.9447     13.0027    13.7042
4.9916     12.9685    13.5238
5.052      12.8469    13.366
5.0544     12.7729    13.2457
5.0813     12.6357    13.0844



























































































































































-1.7292    10.6947    12.5846    RORBIT
-2.0244    10.7726    12.5945
-2.2362    10.8835    12.6137
-2.3846    11.0464    12.6534
-2.5663    11.2401    12.7586
-2.7098    11.4324    12.9043
-2.8469    11.5548    13.0388
-3.0114    11.6975    13.2591
-3.0696    11.783     13.4279
-3.1335    11.9027    13.5996
-3.1869    11.9696    13.8096
-3.1989    12.0759    14.0225
-3.1656    12.0818    14.2547
-3.0787    12.0151    14.4595
-2.8595    11.8652    14.7205
-2.6905    11.7731    14.8872
-2.4968    11.6235    15.0394
-2.3404    11.565     15.0705
-2.1353    11.4826    15.1324
-1.9484    11.4241    15.152
-1.79      11.3998    15.1131
-1.5423    11.2843    15.1311
-1.0916    11.2625    15.1868
-0.8157    11.3239    15.1937
-0.4962    11.2673    15.117
-0.2407    11.2273    14.9701
-0.1221    11.2032    14.8025
-0.0138    11.1898    14.5915
0.0776     11.1318    14.3405
0.0925     11.1097    14.1136
0.08       11.0746    13.9755
0.0981     11.0352    13.8935
0.1503     10.8957    13.7332







































































































































































2.6558     10.7917    12.4864    LORBIT
3.0738     10.8306    12.5645
3.3728     10.8945    12.57
3.5528     11.114     12.6903
3.7219     11.2809    12.7614
3.9725     11.4018    12.8395
4.1179     11.6331    12.9977
4.2044     11.8414    13.2154
4.3893     11.9801    13.4212
4.3338     12.0548    13.636
4.321      12.07      13.8807
4.2794     12.0043    14.1714
4.1916     11.9548    14.3302
4.0119     11.8425    14.5306
3.9177     11.7119    14.7043
3.7345     11.5952    15.0096
3.4832     11.5334    15.0158
3.2081     11.4661    15.0545
2.8672     11.3834    15.017
2.5766     11.3688    14.9409
2.3188     11.3866    14.8947
1.8728     11.343     15.0191
1.5473     11.2386    15.0079
1.223      11.1284    14.7966
1.092      11.1546    14.4931
1.0212     11.1468    14.2175
0.9644     11.0808    14.0572
0.9271     11.0411    13.8835
0.9503     11.0052    13.7979
0.9652     10.9675    13.7151










































































































































































-4.0415    12.5888    13.4457    RTEMFOS
-4.0842    12.4497    13.2232
-4.1374    12.26      13.0038
-4.1498    12.1323    12.7969
-4.1772    11.9988    12.6097
-4.1981    11.854     12.4228
-4.19      11.6747    12.2113
-4.179     11.5576    12.0247
-4.2072    11.4126    11.8359
-4.2575    11.2708    11.5545
-4.2826    11.1333    11.3259
-4.3147    11.0307    11.1434
-4.3644    10.9168    10.8912
-4.4523    10.8312    10.6115
-4.4933    10.9005    10.4589
-4.5754    11.0494    10.273
-4.6748    11.2747    10.1276
-4.7543    11.4027    10.1122
-4.8802    11.5937    10.0842
-4.9134    11.7884    10.1805
-5.0373    12.0331    10.1809



















































































































































































5.0503     12.7474    13.1839    LTEMFOS
5.0792     12.6124    13.0199
5.1221     12.5079    12.7601
5.1242     12.3695    12.6203
5.1194     12.2178    12.4339
5.1183     12.1442    12.2894
5.123      12.0138    12.0922
5.1257     11.8564    11.9444
5.1472     11.6573    11.7498
5.1353     11.4944    11.5827
5.1804     11.3727    11.3646
5.2149     11.244     11.153
5.2422     11.1309    10.9342
5.3042     11.0685    10.6279
5.3671     11.0975    10.4089
5.4649     11.1627    10.2659
5.5868     11.2703    10.1248
5.6772     11.4295    10.052
5.7143     11.6294    10.0145
5.6927     11.7745    10.0254
5.6876     11.9342    10.0214



















































































































































































0.6978     3.6774     13.2572    OP
0.6695     6.0224     13.3651    BA
0.3775     12.3665    12.6797    ST
0.4467     19.7624    13.2476    IV
-3.4857    6.5113     13.1485    R_PG
-4.7435    9.3093     12.0215    R_ZTI
-1.8296    13.7842    13.7774    R_M3D
-2.2839    16.6116    13.8547    R_M12
-2.0288    19.3704    13.9992    R_MP3
-1.4142    21.0444    13.8054    R_PMI
4.8165     6.8997     12.9482    L_PG
6.1364     9.613      11.6924    L_ZTI
2.8499     13.8912    13.6539    L_M3D
3.0635     16.667     13.7292    L_M12
2.7993     19.4734    13.9112    L_MP3
2.1275     20.9403    13.7022    L_PMI
1.0286     22.831     14.0957    O1
-3.5228    8.6699     6.2539     O2
6.2665     9.0343     11.3125    O3
0.058      0.7883     10.604     O4




















































































































































































-3.5758    13.0178    11.715     RZYGINF
-3.6699    12.8364    11.691
-3.8147    12.7165    11.5729
-4.02      12.5797    11.5226
-4.3547    12.6314    11.6164
-4.5733    12.4366    11.6915
-4.6497    12.1014    11.7676
-4.7299    11.8577    11.7977
-4.8866    11.6172    11.886
-4.9488    11.3476    11.9658
-4.9563    11.131     12.021
-4.9801    10.8313    12.061
-4.9789    10.5753    12.0897
-4.8839    10.2       12.1919
-4.8219    10.0718    12.2378
-4.7146    9.9059     12.3073
-4.7466    9.7274     12.2728
-4.824     9.5668     12.251
-4.8092    9.4397     12.0547
-4.8781    9.3302     11.9725




















































































































































































4.4305     12.9828    11.6078    LZYGINF
4.5786     12.7887    11.4785
4.7946     12.6698    11.3014
5.0169     12.491     11.301
5.2046     12.4508    11.3788
5.4105     12.2038    11.4365
5.4415     11.943     11.4702
5.4353     11.6567    11.5403
5.4006     11.3269    11.624
5.4831     10.9956    11.6885
5.5596     10.704     11.7251
5.6544     10.4967    11.7533
5.7548     10.2537    11.7791
5.924      10.0961    11.7536
6.0472     9.9535     11.731
6.1277     9.747      11.6887
6.1416     9.7042     11.6857
6.1848     9.6439     11.6619






















































































































































































-1.9458    13.8239    13.7566    R-ALV
-2.1424    14.134     13.7463
-2.2811    14.5343    13.7203
-2.3557    14.9155    13.7213
-2.3132    15.2396    13.6639
-2.3334    15.6958    13.687
-2.3912    16.0112    13.7487
-2.4498    16.2551    13.7481
-2.3529    16.5708    13.7112
-2.3228    16.7843    13.7701
-2.3083    16.9979    13.7973
-2.3048    17.1692    13.809
-2.2839    17.4971    13.7433
-2.1711    17.6964    13.6713
-2.1574    17.9585    13.6414
-2.1715    18.2477    13.6625
-2.1597    18.5161    13.7058
-2.1527    18.7265    13.7694
-2.1526    18.9236    13.8526
-2.1245    19.1094    13.9361
-2.1168    19.2299    13.9573
-2.0632    19.3501    13.9746


















































































































































































2.8279     13.8827    13.6179    L-ALV
2.9372     14.1743    13.6774
3.0641     14.4969    13.6793
3.1764     14.7739    13.5521
3.0957     15.2631    13.4755
3.0774     15.4335    13.5942
3.08       15.6808    13.5912
3.0866     15.923     13.6036
3.1495     16.2889    13.6132
3.0958     16.5425    13.6442
3.0189     16.7679    13.6865
3.0042     17.0424    13.6564
2.9617     17.1574    13.6865
2.9889     17.4075    13.713
2.901      17.6756    13.6907
2.8781     17.8858    13.6155
2.8742     18.0407    13.659
2.884      18.1979    13.7272
2.8796     18.4221    13.7429
2.863      18.7253    13.7298
2.8761     18.9301    13.757
2.8866     19.1816    13.8154
2.8893     19.3196    13.815
2.8147     19.5007    13.8808
