LSZT       R3         Phu187sf
-0.2828    21.0915    13.3486    IN
-0.2179    16.7408    16.6578    BR
-0.4165    10.0307    15.7932    GL
-0.4503    9.8847     15.37      NA
-0.4522    4.5794     9.3165     RH
-0.254     1.6884     5.8221     NS
-0.2097    1.3141     4.7095     PR
-1.4086    1.6023     4.842      R_PR2
-1.0139    6.379      10.8069    R_PMS
-4.0426    9.3212     9.4042     R_ZMI
-2.5129    9.6984     12.6964    R_ZMU
-0.9712    9.7564     14.0103    R_DA
-2.4061    10.3708    15.6607    R_MTI
-2.4423    11.1306    16.4389    R_MTS
-4.0734    10.9585    14.3081    R_FMO
-4.5102    11.8496    14.259     R_FMT
-4.9143    17.3583    11.1794    R_PO
-5.2729    11.5723    10.5727    R_ZTS
1.0473     1.7115     4.9031     L_PR2
0.0683     6.7142     10.9312    L_PMS
3.3848     9.4866     9.2452     L_ZMI
1.8056     9.8257     12.5973    L_ZMU
0.1313     9.7926     13.9726    L_DA
1.6274     10.2583    15.6385    L_MTI
1.8413     10.9521    16.3006    L_MTS
3.2091     10.97      14.0275    L_FMO
3.8027     11.8188    13.9372    L_FMT
4.1136     17.2094    10.95      L_PO
4.4597     11.6628    10.4872    L_ZTS
0.5346     1.0771     4.3681     O1
-3.6518    12.7485    15.7504    O2
5.0827     14.3113    10.3646    O3
-0.9692    21.0217    13.214     O4







































































































































































-0.4028    10.0161    15.8389    GLRH
-0.4065    9.9869     15.6952
-0.4156    9.9175     15.4445
-0.4215    9.8136     15.2226
-0.3895    9.744      14.9053
-0.3254    9.7184     14.7118
-0.39      9.6015     14.415
-0.4333    9.4354     14.1603
-0.4568    9.2269     13.8661
-0.4807    8.9804     13.5422
-0.4351    8.6561     13.1813
-0.4331    8.3455     12.8578
-0.4969    8.162      12.6755
-0.4991    7.9656     12.4927
-0.4872    7.7442     12.2713
-0.4953    7.5035     12.0592
-0.4779    7.302      11.8828
-0.473     7.0941     11.6856
-0.4829    6.8757     11.5008
-0.4963    6.6618     11.3202
-0.4666    6.4386     11.1401
-0.4347    6.2832     11.0032
-0.4989    6.0715     10.841
-0.5286    5.8017     10.5956
-0.4682    5.5059     10.3228
-0.4924    5.2687     10.1094
-0.5098    5.0352     9.8993
-0.4857    4.8106     9.6699
-0.4945    4.6814     9.5566
-0.5107    4.5371     9.3791










































































































































































-0.406     4.5471     9.3595     NOSE
-0.6869    4.5962     9.3189
-0.8652    4.5527     9.3617
-1.1168    4.5585     9.2975
-1.2494    4.3864     9.1197
-1.3446    4.175      8.9115
-1.4317    3.9912     8.6722
-1.4927    3.8077     8.4501
-1.6011    3.6023     8.2001
-1.6711    3.3332     7.9366
-1.6579    3.1531     7.7059
-1.6658    2.8826     7.3737
-1.62      2.7174     7.1798
-1.5824    2.5052     6.8941
-1.4566    2.2975     6.6571
-1.2994    2.1471     6.6079
-1.0875    1.9647     6.5368
-0.8862    1.8363     6.4395
-0.7334    1.6883     6.2491
-0.6221    1.6361     6.0629
-0.5063    1.5925     5.9826
-0.4088    1.5847     5.8987
-0.2542    1.6114     5.7755
-0.1047    1.558      5.8254
0.2216     1.5749     6.0102
0.386      1.7586     6.232
0.589      1.8378     6.3726
0.6642     2.0404     6.5122
0.7888     2.2486     6.6449
0.9584     2.3541     6.7015
1.0337     2.4921     6.8462
1.0475     2.7079     7.1522
1.0898     2.8815     7.3481
1.0053     3.1104     7.6291
0.9317     3.3783     7.9539
0.8627     3.6351     8.2513
0.7212     3.8734     8.5079
0.6437     4.0015     8.6605
0.5752     4.222      8.8932
0.4954     4.3771     9.0755
0.3321     4.521      9.177
0.1443     4.5562     9.239
-0.0988    4.5565     9.3747
-0.4378    4.5698     9.4036




























































































































































-0.2682    1.5419     5.7138     NASP-PR
-0.253     1.3005     5.436
-0.2056    1.2611     5.1912
-0.2136    1.2532     4.9635
-0.221     1.261      4.8251
-0.3084    1.3823     4.601


































































































































































































-1.012     6.3561     10.7796    R-PM/MAX
-1.0565    6.0857     10.597
-1.115     5.8036     10.399
-1.1838    5.5817     10.2162
-1.2375    5.3859     10.0395
-1.323     5.113      9.7927
-1.4272    4.9156     9.5473
-1.4718    4.7329     9.4039
-1.5536    4.6187     9.2872
-1.6862    4.4647     9.0788
-1.7669    4.251      8.7677
-1.8303    4.056      8.5971
-1.8689    3.8343     8.3388
-1.9025    3.6693     8.0929
-1.9155    3.4952     7.7933
-2.0982    3.3392     7.4074
-2.2075    3.3477     7.2422
-2.2927    3.2368     6.8733
-2.3822    3.1245     6.6958
-2.4645    2.9789     6.3793
-2.483     2.9032     6.1436
-2.5079    2.9248     5.9162
-2.4841    2.9278     5.7218
-2.4247    2.9582     5.5752
-2.3661    2.9419     5.4573















































































































































































0.096      6.6544     10.8732    L-PM/MAX
0.1202     6.4763     10.7251
0.2379     6.074      10.4168
0.3135     5.7451     10.1297
0.4002     5.4488     9.904
0.508      5.2392     9.6644
0.5824     4.9783     9.4417
0.6402     4.7573     9.2381
0.76       4.6085     9.0858
0.8982     4.4474     8.8139
1.0209     4.2438     8.6649
1.1235     3.9969     8.4503
1.2113     3.7771     8.1052
1.3674     3.6085     7.6994
1.4326     3.4614     7.3969
1.4808     3.3851     7.2141
1.5661     3.2676     6.9206
1.6486     3.1935     6.6979
1.7581     3.0264     6.4047
1.8991     3.0682     6.2294
2.0324     3.022      5.9465
2.0364     2.9781     5.7556
1.9154     2.952      5.5807
1.656      2.9632     5.3116
















































































































































































-3.2007    7.3557     6.5054     ROSTRUM
-3.1981    7.2345     6.7741
-3.1725    7.1829     7.0267
-2.9865    7.1181     7.3306
-2.834     7.0988     7.4869
-2.6661    7.0359     7.7202
-2.5775    6.9448     8.0104
-2.5558    6.9054     8.3131
-2.5556    6.8412     8.5755
-2.5455    6.7469     8.8668
-2.5649    6.7761     9.199
-2.6071    6.755      9.5176
-2.5108    6.6539     10.022
-2.3813    6.6426     10.2623
-2.1694    6.5597     10.4181
-1.8877    6.5406     10.5395
-1.6084    6.5316     10.6586
-1.4395    6.5569     10.7377
-1.3087    6.5557     10.8384
-1.1523    6.5496     10.943
-1.0016    6.5205     10.9446
-0.8612    6.4734     11.0833
-0.6545    6.4288     11.1345
-0.497     6.4232     11.1338
-0.2484    6.4584     11.0993
-0.0832    6.5062     11.0302
0.0831     6.6591     10.8957
0.3153     6.6857     10.8093
0.497      6.7433     10.7159
0.7049     6.7841     10.6011
0.9706     6.7923     10.4541
1.2287     6.8093     10.4034
1.5006     6.8799     10.2568
1.6471     6.9331     10.1087
1.7231     6.9769     9.8828
1.7292     7.0929     9.4396
1.7113     7.24       9.0683
1.7705     7.2427     8.7454
1.7841     7.2871     8.4773
1.7916     7.3094     8.1209
1.9134     7.4057     7.8009
2.0426     7.4576     7.5674
2.2352     7.4479     7.3799
2.3846     7.3585     7.1426
2.4822     7.4146     6.9371
2.4967     7.4639     6.6244
2.4757     7.495      6.4447
2.4376     7.567      6.3359
























































































































































-4.5539    11.7715    14.1499    SUPORB
-4.5101    11.806     14.4688
-4.4235    11.7747    14.766
-4.2748    11.7202    15.1119
-4.0923    11.6922    15.3881
-3.8699    11.6365    15.6414
-3.605     11.5775    15.8579
-3.1583    11.4146    16.1674
-2.7958    11.2101    16.3218
-2.4449    11.1488    16.4584
-2.1603    11.3086    16.5659
-1.811     11.3776    16.6727
-1.4829    11.3836    16.7279
-1.1019    11.259     16.7409
-0.7619    10.9764    16.6846
-0.3919    10.7461    16.5709
-0.0829    10.7971    16.5973
0.2129     11.0431    16.6957
0.5045     11.1668    16.7159
1.0701     11.261     16.6348
1.4549     11.2255    16.508
1.7304     11.127     16.3693
2.0328     11.0543    16.2469
2.3785     11.2543    16.1044
2.5319     11.3156    16.0302
2.752      11.3568    15.9122
2.9972     11.6       15.6961
3.1829     11.6523    15.514
3.4384     11.68      15.2126
3.5603     11.7845    15.014
3.6923     11.8627    14.7735
3.7309     11.9188    14.5121
3.7779     11.9318    14.2052
3.8247     11.8317    14.0306
3.8569     11.7642    13.7932





































































































































































-2.6517    9.8117     12.8118    RORBIT
-2.8578    9.9145     12.9217
-3.1921    10.1297    13.0892
-3.5385    10.418     13.3548
-3.8209    10.622     13.6619
-3.98      10.8444    14.0248
-3.988     10.94      14.2296
-3.9786    11.054     14.5926
-3.7629    10.8875    15.0642
-3.5091    10.7221    15.4768
-3.048     10.5601    15.6704
-2.6256    10.4185    15.6979
-2.2843    10.2698    15.7944
-2.0363    10.2778    15.7759
-1.7116    10.336     15.8435
-1.1307    10.2882    15.7728
-0.9494    10.2437    15.4191
-0.9472    10.2623    15.114
-0.9208    10.1235    14.6879
-0.8647    9.9983     14.4683
-0.8574    9.8933     14.3226
-0.8833    9.8747     14.2386
-0.9342    9.8027     14.0782
-0.9438    9.7773     14.0365
















































































































































































1.8585     9.7636     12.5886    LORBIT
2.1619     9.9113     12.7827
2.512      10.1041    12.8895
2.6556     10.3258    13.0172
2.7767     10.5613    13.1943
3.0056     10.7053    13.4442
3.0956     10.8829    13.6914
3.2575     10.9323    13.9854
3.3875     10.9875    14.2098
3.408      11.0371    14.4235
3.2446     10.923     14.8043
3.1018     10.8525    15.0114
2.8669     10.7031    15.3215
2.4951     10.5941    15.5051
2.1452     10.4137    15.6051
1.7283     10.3131    15.6009
1.4335     10.241     15.5945
1.2222     10.2619    15.5675
0.8153     10.2938    15.7376
0.3921     10.2662    15.6772
0.2498     10.2238    15.3958
0.1987     10.1702    15.0941
0.1552     10.1198    14.7268
0.1193     10.04      14.4881
0.1257     9.9519     14.2591
0.1102     9.8745     14.1778
0.1161     9.8075     14.0558













































































































































































-4.531     11.8022    14.189     RTEMFOS
-4.593     11.6965    13.8942
-4.6513    11.5424    13.6315
-4.6796    11.3703    13.3425
-4.682     11.2019    13.0454
-4.698     11.016     12.7345
-4.7052    10.8774    12.4958
-4.699     10.7454    12.2655
-4.7162    10.6268    12.1061
-4.72      10.5577    11.9614
-4.74      10.439     11.7503
-4.7801    10.3638    11.4702
-4.8284    10.2566    11.262
-4.8091    10.3353    11.0097
-4.9577    10.4485    10.6567
-5.1211    10.6608    10.5148
-5.1672    10.8965    10.4987
-5.2942    11.2218    10.5259
-5.2786    11.454     10.5457
-5.3173    11.6075    10.5683




















































































































































































3.7305     11.8561    13.904     LTEMFOS
3.8095     11.6709    13.5981
3.8432     11.5339    13.3696
3.8535     11.4121    13.1704
3.8513     11.3413    13.0059
3.8585     11.2215    12.818
3.8794     11.115     12.6967
3.8973     10.9678    12.4165
3.8734     10.8924    12.2281
3.8706     10.8191    12.0631
3.8789     10.6919    11.8695
3.884      10.5793    11.6325
3.9695     10.406     11.2898
4.0191     10.3146    11.1055
4.0178     10.3423    10.8959
4.1242     10.3332    10.7225
4.1942     10.4442    10.5553
4.2222     10.589     10.4444
4.2414     10.9098    10.3754
4.361      11.1735    10.409
4.3798     11.4876    10.4311
4.4147     11.6558    10.4793


















































































































































































0.1886     4.8311     13.1061    OP
0.0687     7.314      13.1313    BA
-0.3711    12.966     12.8075    ST
-0.8564    19.8292    13.126     IV
-4.43      7.1441     12.7194    R_PG
-5.4831    9.8557     11.7691    R_ZTI
-2.9873    13.8996    13.7891    R_M3D
-3.3938    16.7491    13.9552    R_M12
-3.4926    19.5322    14.167     R_MP3
-2.6532    21.148     14.1115    R_PMI
4.3668     7.7715     12.7729    L_PG
5.0705     10.7665    11.6727    L_ZTI
1.9153     14.0826    13.6073    L_M3D
2.0509     17.1207    14.0246    L_M12
1.8786     19.8568    14.1879    L_MP3
0.9649     21.5379    13.9721    L_PMI
-0.2162    23.5403    14.3285    O1
-3.4876    9.3773     5.9854     O2
5.3625     9.7376     11.2473    O3
-0.2579    2.0873     10.2016    O4




















































































































































































-4.2209    13.6082    11.5431    RZYGINF
-4.2745    13.3541    11.4655
-4.4064    13.1761    11.3808
-4.5664    13.0501    11.3407
-4.8106    12.9968    11.3565
-4.9881    12.9603    11.421
-5.0612    12.529     11.5209
-5.1333    12.1723    11.6262
-5.0989    11.8192    11.7431
-5.1251    11.5765    11.7969
-5.1827    11.2823    11.8429
-5.2407    11.0174    11.8645
-5.2533    10.6538    11.8922
-5.2913    10.4441    11.9158
-5.3694    10.2053    11.8842
-5.4255    10.0652    11.8485
-5.4641    9.9229     11.8242
-5.5086    9.8807     11.7828






















































































































































































3.3179     14.1688    11.6011    LZYGINF
3.4218     13.9186    11.4957
3.6592     13.7653    11.3643
3.9508     13.4711    11.3367
4.1895     13.188     11.4502
4.2365     12.8447    11.5976
4.2666     12.5575    11.6708
4.3798     12.2485    11.7537
4.4997     11.9934    11.8158
4.5463     11.7031    11.8336
4.7212     11.4051    11.8384
4.8602     11.1774    11.8173
4.9936     10.9445    11.7591
5.0121     10.8538    11.7199
5.1251     10.7007    11.6189

























































































































































































-3.0203    13.819     13.7298    R-ALV
-3.1867    14.199     13.7962
-3.3383    14.62      13.8053
-3.3481    15.042     13.8666
-3.3988    15.4101    13.8491
-3.4321    15.7698    13.8293
-3.4404    16.1144    13.8915
-3.4392    16.4717    13.904
-3.4077    16.8621    13.9377
-3.3807    17.1922    13.8608
-3.4051    17.4671    14.0019
-3.3915    17.7013    14.1042
-3.3445    17.9927    14.1387
-3.3604    18.1878    14.1121
-3.3862    18.3634    14.1851
-3.3973    18.6654    14.2146
-3.4281    18.9005    14.2724
-3.4841    19.1382    14.2308
-3.5055    19.2941    14.2367
-3.4921    19.4173    14.2336
-3.456     19.5356    14.1919



















































































































































































2.0607     14.2137    13.5619    L-ALV
2.2296     14.5704    13.6025
2.3278     15.0286    13.7283
2.3009     15.4599    13.7722
2.2755     15.8263    13.8253
2.2305     16.265     13.8939
2.1958     16.7491    13.8787
2.0567     16.9844    14.0023
2.0691     17.3025    13.9352
1.987      17.6462    13.9889
1.9811     17.892     14.0452
1.9546     18.127     14.102
1.8966     18.4471    14.1007
1.8702     18.6984    14.0989
1.8712     18.9927    14.1805
1.8688     19.2026    14.1969
1.8792     19.5053    14.2416
1.9087     19.698     14.2047
1.8353     19.8696    14.2158
