UCMVZ      81571      Phu48stv
21.9751    16.813     15.8261    IN
18.0345    13.8969    18.1155    BR
12.5936    9.9241     17.1903    GL
12.5873    9.9551     16.8997    NA
7.9412     6.394      10.0538    RH
5.7968     4.8006     6.0218     NS
5.4597     4.4634     4.5567     PR
5.1012     5.4848     4.6647     R_PR2
8.744      8.0425     11.2061    R_PMS
10.0607    13.231     10.9368    R_ZMI
11.502     11.8041    14.4882    R_ZMU
12.3054    10.358     15.2487    R_DA
11.8768    11.4576    17.0069    R_MTI
12.7773    11.9504    18.1237    R_MTS
11.2413    13.606     15.6053    R_FMO
11.7503    14.6147    15.8947    R_FMT
16.0819    18.3878    13.1439    R_PO
10.8687    15.6098    12.1062    R_ZTS
6.2975     3.7893     4.8593     L_PR2
9.5031     6.9244     10.9852    L_PMS
14.8452    7.1208     10.8582    L_ZMI
13.7018    8.7647     14.3633    L_ZMU
12.8145    9.6889     15.1261    L_DA
14.0786    8.4313     16.7385    L_MTI
15.0865    9.288      17.855     L_MTS
15.6206    7.7712     15.4931    L_FMO
16.737     7.8803     15.4498    L_FMT
21.5693    11.2108    12.7922    L_PO
17.709     7.1212     11.9709    L_ZTS
5.1552     4.5165     3.9513     O1
15.8509    9.9056     17.6049    O2
12.1047    17.4488    12.343     O3
22.3042    16.1533    15.2495    O4







































































































































































12.578     9.9284     17.182     GLRH
12.5731    9.9109     16.9548
12.57      9.9667     16.7626
12.5657    9.9652     16.6068
12.5961    9.9908     16.4365
12.61      10.0529    16.2642
12.6053    10.0777    16.1206
12.5926    10.0882    15.9684
12.5521    10.073     15.8299
12.5343    10.0425    15.7291
12.5013    10.0088    15.595
12.4617    9.952      15.4872
12.4056    9.9164     15.38
12.3246    9.8822     15.2331
12.2585    9.86       15.1463
12.2205    9.8048     15.0314
12.1513    9.7554     14.9341
12.0741    9.6914     14.8374
11.9825    9.641      14.7375
11.8515    9.548      14.5775
11.7759    9.4714     14.4779
11.7169    9.4135     14.4066
11.6628    9.3564     14.329
11.6053    9.3143     14.2541
11.5261    9.2474     14.1771
11.461     9.2151     14.0846
11.4098    9.1612     14.0426
11.3087    9.1124     13.9269
11.2412    9.0696     13.8625
11.156     9.0357     13.7853
11.0765    8.9778     13.6852
10.9883    8.9069     13.5853
10.9033    8.8621     13.5038
10.8414    8.8042     13.4294
10.7644    8.6956     13.3244
10.6831    8.6616     13.2313
10.6219    8.6345     13.166
10.5423    8.5679     13.0958
10.414     8.4761     12.9673
10.3581    8.4144     12.8987
10.2796    8.3443     12.8058
10.2024    8.2821     12.7174
10.125     8.2417     12.6541
10.0193    8.164      12.5542
9.9124     8.1063     12.469
9.8166     8.0348     12.395
9.7183     7.9368     12.2975
9.6365     7.8671     12.1844
9.5416     7.8319     12.0958
9.4342     7.7324     12.0032
9.3752     7.6607     11.9295
9.274      7.5923     11.8349
9.1514     7.495      11.6922
9.0518     7.4394     11.5751
8.9334     7.3462     11.4583
8.8384     7.2911     11.3485
8.7648     7.2096     11.2458
8.6947     7.13       11.1487
8.6311     7.0105     11.0265
8.5486     6.9584     10.9351
8.4588     6.8804     10.8156
8.3466     6.8037     10.6593
8.2496     6.7606     10.5396
8.202      6.6921     10.4488
8.1144     6.6243     10.3325
8.0007     6.5693     10.2258
7.951      6.5245     10.1633
7.8616     6.4868     10.0641




































































































































7.8393     6.5348     10.0421    NOSE
7.6919     6.5855     9.9809
7.5309     6.7748     9.8705
7.4693     7.0392     9.7326
7.2568     6.9921     9.5257
7.0848     6.9796     9.3641
6.9259     6.9672     9.2422
6.7428     6.9092     9.0762
6.6322     6.8916     8.9366
6.532      6.8778     8.8396
6.344      6.8871     8.7446
6.1933     6.893      8.572
6.0904     6.8134     8.4285
6.0092     6.7828     8.2679
5.8882     6.703      8.1149
5.8406     6.6045     7.9999
5.7598     6.5069     7.891
5.7142     6.4662     7.7858
5.6436     6.381      7.6612
5.5591     6.2816     7.5027
5.5221     6.2271     7.371
5.424      6.1371     7.2376
5.3775     6.029      7.0945
5.3141     5.9447     6.9581
5.2846     5.8346     6.838
5.2478     5.721      6.7443
5.26       5.5689     6.6108
5.24       5.4247     6.5622
5.2769     5.3514     6.4912
5.3249     5.2499     6.44
5.3637     5.1423     6.3883
5.4713     4.9915     6.2433
5.5182     4.8812     6.1202
5.6254     4.8121     6.013
5.7271     4.8192     6.0053
5.7771     4.8372     6.0311
9999       9999       9999



































































































































































5.7157     4.7811     6.0122     NASP-PR
5.5691     4.6448     5.8256
5.5073     4.557      5.68
5.4639     4.5342     5.5706
5.4034     4.5017     5.3927
5.3817     4.4649     5.2295
5.3686     4.4568     5.1335
5.3835     4.4517     5.0128
5.3524     4.4668     4.8598
5.4047     4.4403     4.7358
5.4049     4.504      4.6158
5.4533     4.4487     4.5278




























































































































































































8.7054     7.9939     11.1863    R-PM/MAX
8.5816     7.8709     11.0588
8.5076     7.8412     10.9697
8.4195     7.775      10.8853
8.3301     7.7668     10.7676
8.265      7.7331     10.6935
8.183      7.7116     10.6002
8.101      7.6804     10.4984
8.042      7.679      10.447
7.946      7.6766     10.3318
7.8702     7.6226     10.2755
7.7639     7.5971     10.1665
7.6921     7.5789     10.0954
7.5892     7.5454     10.0083
7.5058     7.5157     9.9207
7.3971     7.4856     9.8378
7.2653     7.4398     9.7478
7.1795     7.4278     9.6519
7.0433     7.3796     9.5513
6.9284     7.3474     9.4555
6.8426     7.3346     9.3729
6.7277     7.3003     9.2754
6.6038     7.29       9.1368
6.4857     7.2653     9.0011
6.3915     7.272      8.9135
6.3435     7.2697     8.7803
6.2445     7.2076     8.6172
6.1735     7.1836     8.4005
6.1516     7.1734     8.2925
6.1086     7.1454     8.2259
6.0697     7.1471     8.1219
6.0548     7.1218     8.0205
5.9701     7.0675     7.8357
5.9038     7.0448     7.6774
5.847      7.0213     7.5483
5.815      7.025      7.4086
5.7776     7.0362     7.197
5.6879     6.9802     7.0615
5.6668     7.0272     6.9092
5.5992     7.0745     6.7444
5.5071     7.0206     6.5377
5.4093     7.0787     6.3522
5.3498     7.1309     6.0745
5.29       7.1336     5.9338
5.264      7.1481     5.7885
5.2558     7.1642     5.6658
5.2532     7.2015     5.5026
5.2549     7.2107     5.3548
5.2458     7.1036     5.2191
5.3427     7.0492     5.0744






















































































































































9.4803     6.8998     11.0045    L-PM/MAX
9.4029     6.7446     10.8374
9.3302     6.6023     10.6542
9.2629     6.4906     10.5331
9.1985     6.3627     10.4179
9.1085     6.2529     10.3218
9.0492     6.1694     10.2237
9.0097     6.0703     10.0975
8.9293     5.9413     9.9996
8.8687     5.8498     9.8744
8.8039     5.7409     9.7882
8.7341     5.6658     9.6905
8.6714     5.5682     9.5689
8.6385     5.5219     9.4632
8.6102     5.3957     9.3378
8.5535     5.2615     9.2077
8.5058     5.139      9.0947
8.454      5.0402     9.0057
8.4254     4.935      8.9245
8.4006     4.8777     8.8225
8.369      4.7888     8.6608
8.2853     4.7002     8.4776
8.1866     4.6064     8.2958
8.1672     4.5979     8.1314
8.1264     4.5517     7.9788
8.0859     4.5006     7.8478
8.02       4.4612     7.6953
7.9875     4.391      7.5434
7.9513     4.3611     7.3899
7.9296     4.2754     7.2475
7.8975     4.2179     7.1668
7.8063     4.0987     6.8724
7.727      4.0187     6.647
7.6984     3.8821     6.4178
7.7434     3.8542     6.2933
7.878      3.8005     6.0808
7.8883     3.7595     5.8765
7.9239     3.728      5.6185
7.9194     3.7124     5.4144
7.9019     3.7039     5.2582
7.8427     3.8168     5.0807
7.858      3.8921     4.9123






























































































































































8.5214     10.291     6.5647     ROSTRUM
8.4547     10.2406    6.8802
8.3499     10.1881    7.1625
8.3802     10.0379    7.2618
8.4385     9.9259     7.4384
8.482      9.8229     7.5235
8.4976     9.7114     7.6332
8.4663     9.6166     7.8078
8.4425     9.5518     7.9688
8.3917     9.5154     8.1997
8.3493     9.5167     8.3219
8.2252     9.4929     8.4727
8.1063     9.4449     8.7729
8.0255     9.3639     9.0175
7.9643     9.3045     9.1158
7.8974     9.2553     9.3443
7.7745     9.2863     9.597
7.6054     9.2903     9.7318
7.4294     9.3178     9.9205
7.3751     9.2607     10.1546
7.3902     9.1409     10.297
7.3958     9.004      10.3469
7.551      8.8276     10.4358
7.678      8.6202     10.5174
7.8324     8.5108     10.5534
7.908      8.4219     10.5684
8.0135     8.2181     10.5769
8.0945     8.1245     10.5816
8.2042     7.998      10.6436
8.2891     7.8521     10.7358
8.3277     7.7584     10.8302
8.3437     7.6455     10.9075
8.4089     7.5741     10.9894
8.4492     7.4804     11.0653
8.5067     7.3973     11.1149
8.6262     7.2328     11.1503
8.8373     6.9643     11.1306
8.944      6.8689     11.11
9.2538     6.7192     10.9178
9.3484     6.6813     10.7551
9.4434     6.6345     10.7225
9.5827     6.4703     10.6502
9.6808     6.3899     10.6185
9.8027     6.306      10.5992
9.9251     6.205      10.5508
10.0232    6.1108     10.5485
10.1212    6.0105     10.5166
10.2303    5.8848     10.5267
10.3144    5.8073     10.4993
10.4647    5.7044     10.4923
10.5582    5.6664     10.4057
10.6664    5.6286     10.2806
10.6664    5.7405     9.9905
10.6845    5.8591     9.8549
10.7037    5.9517     9.7827
10.6919    6.0451     9.6957
10.6738    6.1517     9.5567
10.6921    6.201      9.3721
10.7609    6.2228     9.2712
10.8014    6.2532     9.0313
10.8597    6.3        8.8735
10.8798    6.3641     8.7276
10.9185    6.445      8.5394
10.9655    6.5034     8.4038
10.9851    6.5931     8.23
11.0928    6.658      8.0764
11.168     6.6612     7.9833
11.2517    6.6649     7.8492
11.2998    6.6038     7.7548
11.3933    6.5022     7.587
11.4954    6.4029     7.4649
11.6183    6.3126     7.3963
11.6665    6.2485     7.2912
11.7646    6.215      7.1664
11.7616    6.2152     6.9916
11.7967    6.25       6.8558
11.8106    6.2687     6.7511
11.8026    6.28       6.641
11.8077    6.3009     6.4829

























































































































11.6501    14.5905    15.7523    SUPORB
11.7241    14.5612    15.9897
11.7378    14.479     16.2142
11.7791    14.4469    16.3537
11.7869    14.3664    16.5345
11.8226    14.2858    16.7565
11.8603    14.1457    16.9787
11.9204    14.026     17.1235
11.9535    13.8455    17.2659
11.942     13.6542    17.3901
11.9351    13.4722    17.4777
11.9464    13.3331    17.5363
11.9555    13.22      17.5827
11.9858    13.0631    17.6636
11.9674    12.9014    17.7177
12.0132    12.7323    17.7901
12.0763    12.6633    17.8239
12.1722    12.5593    17.8784
12.264     12.4512    17.9294
12.4854    12.3179    18.0159
12.6455    12.2346    18.0427
12.7786    12.1661    18.0638
12.8925    12.0451    18.1022
13.003     11.9395    18.1287
13.1055    11.8846    18.1366
13.2007    11.7602    18.1502
13.2678    11.5356    18.1374
13.2782    11.4119    18.1221
13.328     11.3104    18.0879
13.3176    11.1517    18.0731
13.3017    11.0172    18.0353
13.3014    10.8631    18.0187
13.254     10.7905    17.9842
13.215     10.6473    17.9456
13.1606    10.5615    17.8997
13.0829    10.4178    17.8387
13.0506    10.2863    17.803
13.0866    10.1394    17.8039
13.2323    10.1114    17.8477
13.3568    10.1089    17.8709
13.4695    10.1146    17.9158
13.6274    10.0995    17.9459
13.7493    10.0987    17.9724
13.8239    10.0644    18.0036
13.9511    10.041     18.0268
14.1321    10.0144    18.0443
14.3533    9.961      18.0468
14.5524    9.97       18.0247
14.667     9.8404     18.0262
14.7338    9.6838     18.0087
14.8618    9.492      17.9676
14.9058    9.3838     17.939
14.9756    9.2174     17.9063
15.1472    9.062      17.7842
15.3166    8.8384     17.6422
15.3093    8.6734     17.5827
15.4029    8.5453     17.473
15.4941    8.4218     17.395
15.5927    8.3728     17.33
15.7263    8.3144     17.258
15.8459    8.2746     17.1783
15.9774    8.2698     17.0977
16.0967    8.2257     17.0177
16.2105    8.1524     16.8872
16.2937    8.0981     16.7628
16.3644    8.0879     16.6795
16.4496    8.0451     16.5485
16.5014    7.9986     16.411
16.5656    8.012      16.3233
16.6211    7.9663     16.1447
16.6822    7.9424     15.9661
16.7045    7.9437     15.871
16.7289    7.9146     15.7046
16.714     7.9003     15.5843
16.7183    7.8607     15.4393





























































































































11.4891    11.8705    14.5124    RORBIT
11.3904    11.9629    14.5165
11.3597    12.1542    14.569
11.3126    12.1855    14.6002
11.284     12.299     14.6397
11.2333    12.5411    14.7457
11.2247    12.7129    14.8142
11.2183    12.8662    14.8945
11.2336    12.9933    14.9735
11.2649    13.0887    15.0436
11.2771    13.2203    15.1605
11.3124    13.3242    15.2785
11.3097    13.4456    15.4302
11.3398    13.4924    15.5554
11.3529    13.5508    15.6601
11.3561    13.5872    15.7757
11.3255    13.6367    15.9175
11.3298    13.5978    16.0744
11.3138    13.5306    16.2657
11.3125    13.4143    16.4756
11.3117    13.2605    16.6157
11.3133    13.0925    16.745
11.292     12.8981    16.8485
11.2475    12.6672    16.9491
11.2534    12.4202    17.0247
11.2571    12.1985    17.1152
11.3001    12.0829    17.0426
11.4202    11.8641    16.9795
11.549     11.7631    16.9255
11.6511    11.6272    16.9308
11.7377    11.4667    17.0586
11.939     11.3075    17.0229
12.0965    11.1275    16.9487
12.2485    10.9979    16.9682
12.2853    10.8459    16.9846
12.3699    10.7653    16.8547
12.424     10.655     16.6235
12.4339    10.5286    16.4092
12.4759    10.4988    16.1318
12.4872    10.4414    15.946
12.4764    10.4285    15.739
12.4474    10.3814    15.6349
12.4187    10.3896    15.5183
12.3749    10.2934    15.3822
12.2948    10.3251    15.2475



























































































































































13.825     8.6997     14.4018    LORBIT
13.9553    8.5177     14.4166
14.1032    8.4215     14.4381
14.282     8.2903     14.4732
14.4447    8.1579     14.5316
14.584     8.0959     14.5705
14.7427    8.0569     14.6418
14.9276    7.9439     14.7122
15.101     7.9318     14.8291
15.2197    7.8314     14.9155
15.41      7.852      15.0946
15.5087    7.8412     15.2242
15.5555    7.8487     15.4211
15.6181    7.836      15.6286
15.5886    7.8083     15.8303
15.5364    7.8003     16.0174
15.4218    7.7385     16.2387
15.238     7.8116     16.3631
15.1395    7.8356     16.453
14.97      7.8552     16.5729
14.8669    7.8563     16.67
14.7572    7.9056     16.7246
14.6422    7.9882     16.762
14.5066    8.0857     16.7469
14.3513    8.1467     16.781
14.2393    8.2979     16.7402
14.1128    8.4457     16.7224
13.994     8.657      16.699
13.7629    8.8856     16.9041
13.6952    9.0333     16.9453
13.6039    9.1798     16.8987
13.4916    9.4291     16.9532
13.3464    9.6096     16.8486
13.1938    9.6642     16.6869
13.1309    9.7181     16.5261
13.1075    9.7478     16.4114
13.0646    9.7728     16.2302
13.0338    9.8402     16.1134
13.006     9.8859     15.9216
12.9936    9.8914     15.7488
12.947     9.879      15.5618
12.8895    9.8202     15.404
12.8391    9.7399     15.2469
12.8312    9.6649     15.0983




























































































































































11.6115    14.5914    15.7081    RTEMFOS
11.4809    14.5805    15.5058
11.3816    14.5535    15.2822
11.3218    14.5224    15.0583
11.2781    14.4812    14.9571
11.1845    14.4321    14.8053
11.0873    14.3657    14.5967
11.0383    14.3235    14.3984
11.0026    14.2891    14.2127
10.897     14.2398    14.0267
10.8831    14.1847    13.8025
10.7712    14.1359    13.7229
10.7389    14.1156    13.4972
10.6388    14.0697    13.3727
10.5862    13.9906    13.1092
10.4378    14.0082    13.016
10.4533    13.9764    12.7967
10.3794    14.0599    12.7607
10.3167    14.0557    12.6224
10.2417    14.1204    12.4674
10.1834    14.2247    12.3162
10.181     14.4433    12.1613
10.2543    14.5874    12.0831
10.3089    14.7362    12.0244
10.3591    14.8068    12.0193
10.4527    15.0065    12.0123
10.5756    15.3486    12.0096
10.6563    15.4418    12.0199
10.7806    15.5719    12.0416
10.9522    15.7192    12.137










































































































































































16.7287    7.9072     15.518     LTEMFOS
16.6451    7.7463     15.27
16.5939    7.6817     15.0902
16.5635    7.6256     14.9286
16.4703    7.5601     14.7391
16.4201    7.535      14.5684
16.3729    7.5005     14.4118
16.2552    7.4504     14.1138
16.1506    7.3843     13.9519
16.0852    7.3245     13.816
16.0345    7.2907     13.6423
15.9922    7.2586     13.5202
15.9633    7.2055     13.3316
15.8929    7.1412     13.1504
15.8661    7.1075     13.0187
15.879     7.0857     12.8915
15.8595    7.0138     12.7124
15.843     6.9304     12.5685
15.8599    6.8852     12.3989
15.8923    6.8323     12.2934
16.0129    6.8001     12.2052
16.1251    6.7076     12.0785
16.2597    6.6939     12.0248
16.4187    6.6837     11.979
16.5466    6.6845     11.9421
16.6969    6.7424     11.9257
16.8552    6.7516     11.917
17.0035    6.8302     11.9371
17.1143    6.926      11.934
17.2249    6.9717     11.9394
17.3731    7.0574     11.9513
17.5687    7.0875     11.9847








































































































































































5.6712     6.0038     15.4885    OP
7.5313     7.2971     15.3225    BA
12.7514    10.6939    13.8361    ST
19.3833    14.883     13.0042    IV
5.62       11.0401    14.6981    R_PG
6.6653     13.8048    13.019     R_ZTI
12.8946    13.68      14.5733    R_M3D
15.5204    15.5485    14.3088    R_M12
18.0728    16.9536    13.9929    R_MP3
19.8578    17.114     13.9082    R_PMI
10.4224    3.9714     15.227     L_PG
13.3589    3.8717     13.5746    L_ZTI
15.6802    9.8783     14.9858    L_M3D
18.3087    11.4359    14.6685    L_M12
20.8591    13.0539    14.3071    L_MP3
22.0337    14.3566    13.8589    L_PMI
22.6263    17.1769    13.7745    O1
9.8141     6.0657     7.1397     O2
5.9688     13.517     12.2951    O3
3.4643     3.364      13.3238    O4




















































































































































































11.2168    13.9518    12.0249    RZYGINF
11.0481    14.0312    11.8547
10.8403    14.0688    11.7611
10.6642    14.082     11.7096
10.5453    14.1052    11.676
10.3575    14.1278    11.6597
10.1976    14.1027    11.7247
10.0324    14.2288    11.6633
9.8999     14.2303    11.7247
9.6765     14.2398    11.8124
9.4835     14.3011    11.8692
9.3027     14.3124    12.0096
9.1332     14.3177    12.1533
9.083      14.2464    12.2288
9.0532     14.1778    12.3145
8.9219     14.1356    12.4227
8.8756     14.0668    12.5061
8.7782     13.9616    12.5945
8.5843     13.9534    12.6849
8.454      13.9034    12.7649
8.2419     13.8946    12.8313
8.0384     13.8681    12.9217
7.822      13.9363    12.9787
7.6271     14.0531    12.9557
7.4667     14.065     12.9669
7.2482     14.0412    12.9888
7.1014     14.0029    12.9362
6.9383     13.9904    12.9169
6.8062     13.8896    12.9827
6.6872     13.8321    13.0332
6.5654     13.7671    13.0245









































































































































































15.0381    7.584      12.1461    LZYGINF
14.9747    7.3166     12.1092
14.956     7.1333     12.1236
14.931     6.9098     12.138
14.9486    6.756      12.1675
14.9158    6.6198     12.2321
14.9082    6.4439     12.3098
14.9042    6.3449     12.4013
14.8782    6.2177     12.467
14.753     6.188      12.6093
14.6263    6.0718     12.7754
14.5398    6.0318     12.8738
14.4611    5.9403     12.9614
14.4326    5.9155     12.9863
14.3868    5.8626     13.0118
14.3216    5.7844     13.0607
14.2169    5.6809     13.1457
14.1309    5.5453     13.2408
14.0506    5.3468     13.3384
14.0533    5.2074     13.3941
14.0453    5.0303     13.4132
13.9515    4.8891     13.4931
13.8628    4.7538     13.4802
13.8295    4.6483     13.4498
13.764     4.5294     13.4696
13.6946    4.4338     13.4826
13.6729    4.3404     13.481
13.6475    4.2878     13.4834
13.5648    4.1461     13.5315
13.5041    4.0605     13.5304
13.3263    3.9039     13.605









































































































































































12.8835    13.7387    14.6498    R-ALV
12.948     13.9552    14.6441
13.1177    14.161     14.6297
13.249     14.3397    14.4887
13.5111    14.5351    14.4555
13.732     14.7206    14.4948
14.0458    14.8184    14.4167
14.1932    14.9069    14.4145
14.3374    15.0517    14.4217
14.7134    15.1596    14.3912
14.8191    15.2268    14.3744
14.9746    15.4348    14.3695
15.211     15.5082    14.3453
15.5296    15.6383    14.21
15.8034    15.7341    14.2912
15.936     15.8233    14.1481
16.381     16.0778    14.1138
16.6032    16.1125    14.0219
16.8774    16.2978    14.0172
17.1621    16.4439    14.1066
17.3412    16.6149    14.0913
17.4752    16.7806    14.0596
17.5981    16.887     14.0619
17.8076    17.0378    13.9249
18.0683    17.0601    13.8738















































































































































































15.6873    9.8925     15.0014    L-ALV
15.9002    9.853      14.9881
16.1655    9.942      14.8952
16.3686    10.0322    14.819
16.5188    10.0805    14.8132
16.6983    10.1278    14.8149
16.9618    10.3451    14.7436
17.0756    10.4692    14.7321
17.3114    10.6014    14.7649
17.5136    10.7455    14.6792
17.6581    10.8457    14.6295
17.8216    10.8997    14.6713
18.2063    11.2668    14.5618
18.3023    11.4263    14.6798
18.4945    11.5547    14.6612
18.751     11.7833    14.6149
19.0195    11.9609    14.508
19.2226    12.1386    14.4659
19.4344    12.2655    14.4014
19.6435    12.3623    14.3676
19.8433    12.4935    14.3852
20.0582    12.6073    14.4571
20.33      12.6733    14.3816
20.5554    12.744     14.3239
20.6793    12.8096    14.3073
20.8238    12.9802    14.2391
