UCMVZ      117244     Phu47stv
20.4065    15.8695    14.253     IN
15.9364    12.7619    17.5966    BR
11.2052    8.8614     17.2825    GL
11.1696    8.904      16.173     NA
7.0544     5.6773     9.4726     RH
5.0218     3.9947     5.2967     NS
4.5293     3.53       3.5391     PR
3.9477     4.5498     3.9557     R_PR2
7.3502     6.7811     10.1273    R_PMS
8.4804     11.618     10.0744    R_ZMI
9.868      10.5055    14.2677    R_ZMU
10.6918    9.2478     14.9686    R_DA
10.3098    10.5996    16.7556    R_MTI
11.1804    10.6389    18.0536    R_MTS
9.627      12.3461    15.5664    R_FMO
9.8654     13.31      15.9362    R_FMT
13.9263    17.1157    12.1162    R_PO
9.1098     14.1608    11.9264    R_ZTS
5.342      2.8571     3.669      L_PR2
8.1032     5.63       10.0081    L_PMS
13.4292    5.917      10.0012    L_ZMI
12.4494    7.3742     14.1926    L_ZMU
11.5115    8.4614     15.0066    L_DA
12.7597    7.4205     16.7708    L_MTI
13.1788    8.0715     17.9472    L_MTS
14.1941    6.6519     15.42      L_FMO
15.3285    6.8419     15.6654    L_FMT
19.6538    9.8272     12.0704    L_PO
15.8991    5.9297     11.8245    L_ZTS
4.7092     2.8106     3.2125     O1
14.2633    7.4453     17.0961    O2
10.4987    16.2009    11.9139    O3
20.4145    15.1687    13.6498    O4







































































































































































11.1456    8.9125     17.22      GLRH
11.2469    8.9483     17.0183
11.2362    8.9578     16.8212
11.2473    8.941      16.5945
11.2439    8.8848     16.4213
11.2075    8.8886     16.3238
11.1349    8.8676     16.1887
11.064     8.8775     15.8958
11.0271    8.8725     15.705
10.9944    8.7935     15.5106
10.9342    8.7266     15.3216
10.8385    8.6735     15.1214
10.7952    8.5605     14.9208
10.7255    8.5423     14.7725
10.5786    8.4789     14.5546
10.469     8.4268     14.3635
10.4078    8.3649     14.2028
10.3128    8.2905     14.0473
10.2139    8.205      13.866
10.1351    8.1339     13.7254
10.0465    8.0089     13.5202
9.9216     7.936      13.3223
9.812      7.8645     13.1535
9.7417     7.797      13.0383
9.6521     7.7726     12.9355
9.5757     7.6945     12.7812
9.4322     7.6193     12.6295
9.3551     7.554      12.5176
9.2927     7.4676     12.4039
9.2047     7.3855     12.2242
9.094      7.272      12.0988
9.0026     7.2205     11.9591
8.9074     7.1397     11.8418
8.8193     7.021      11.7187
8.7019     6.9791     11.6128
8.6305     6.8784     11.5072
8.4832     6.7941     11.3604
8.3567     6.7179     11.2077
8.3125     6.701      11.207
8.2656     6.6265     11.0975
8.2149     6.5744     11.0107
8.0727     6.4988     10.8386
7.8972     6.3848     10.6425
7.7823     6.3088     10.4751
7.697      6.1466     10.3192
7.5944     6.0415     10.1678
7.4912     5.943      9.9906
7.382      5.8566     9.8499
7.3076     5.7917     9.7564
7.203      5.7366     9.6609
7.1329     5.6449     9.5628
7.0535     5.6098     9.4443




















































































































































7.0795     5.5608     9.3955     NOSE
6.9214     5.7862     9.4667
6.7646     5.8775     9.2843
6.6388     5.9967     9.1294
6.5301     6.0491     9.0297
6.3302     6.0244     8.881
6.2011     5.9964     8.7387
6.0758     5.9923     8.576
5.9395     5.9697     8.4036
5.8049     5.9732     8.2426
5.72       5.9329     8.1039
5.5588     5.9427     7.9007
5.3785     5.9239     7.734
5.2847     5.8801     7.588
5.1704     5.8336     7.3998
5.0545     5.7215     7.1999
4.9693     5.6145     6.9759
4.8653     5.5049     6.7672
4.8244     5.3907     6.6517
4.7702     5.3123     6.4957
4.7553     5.229      6.3474
4.7208     5.1041     6.1699
4.6732     4.9678     6.0332
4.6335     4.872      5.9424
4.6499     4.7179     5.8858
4.6183     4.6161     5.827
4.7121     4.4332     5.6841
4.7485     4.2995     5.5102
4.8434     4.2255     5.402
4.9786     4.103      5.3467
5.0734     4.038      5.3683
5.1548     3.9023     5.3907
5.2418     3.7124     5.4781
5.2524     3.6216     5.552
5.3787     3.5764     5.6812
5.5075     3.5131     5.7638
5.6647     3.5593     5.8764
5.7799     3.5327     5.9566
5.9189     3.4359     6.0594
6.0578     3.4745     6.1592
6.1679     3.4971     6.2588
6.2653     3.497      6.3868
6.3479     3.4874     6.5272
6.4519     3.591      6.6658
6.533      3.6227     6.8506
6.6344     3.6869     7.0303
6.7001     3.7428     7.2109
6.8156     3.8222     7.3542
6.8905     3.8945     7.4979
6.9701     4.0077     7.7194
7.0207     4.0671     7.8888
7.0911     4.1417     8.0778
7.1643     4.2551     8.2565
7.1933     4.419      8.4905
7.24       4.5554     8.6695
7.2825     4.7195     8.821
7.3227     4.9206     8.8575
7.3828     5.06       9.0515
7.4055     5.1594     9.1966
7.3201     5.2597     9.2677
7.1512     5.4511     9.3631
7.1455     5.5        9.4444
7.082      5.6825     9.5342









































































































































4.9742     3.9731     5.2948     NASP-PR
4.8673     3.9086     5.1324
4.799      3.7597     4.9984
4.713      3.6835     4.8319
4.6468     3.6721     4.6933
4.5793     3.6325     4.5107
4.548      3.5743     4.3653
4.5277     3.567      4.2231
4.5233     3.5597     4.1157
4.488      3.5504     3.9524
4.4833     3.5346     3.8136
4.4772     3.5673     3.6962
4.4984     3.531      3.5131



























































































































































































7.1784     6.7072     9.9175     R-PM/MAX
7.0979     6.6805     9.8281
6.9603     6.6059     9.6899
6.803      6.5243     9.5512
6.6956     6.4532     9.4186
6.5971     6.4027     9.2634
6.5119     6.3576     9.1498
6.4245     6.2935     9.0593
6.3595     6.249      8.9525
6.2151     6.1831     8.7831
6.12       6.1362     8.6731
6.038      6.1172     8.5793
5.8993     6.0528     8.444
5.7637     6.0668     8.3245
5.5962     6.1062     8.0766
5.4743     6.1084     7.9143
5.3816     6.0839     7.7836
5.3044     6.0712     7.6167
5.2012     6.068      7.4669
5.1518     6.1025     7.2424
5.1226     6.1162     7.0812
5.083      6.133      6.9347
5.0496     6.1434     6.8663
5.0005     6.1456     6.7605
5.0224     6.1672     6.5936
4.941      6.2067     6.4915
4.8335     6.4564     6.195
4.6849     6.4398     5.9244
4.5701     6.481      5.6853
4.4924     6.4715     5.4816
4.3986     6.4826     5.3451
4.3701     6.4649     5.2606
4.3526     6.4457     5.062
4.4127     6.487      4.8735
4.4867     6.4767     4.7048
4.5653     6.5007     4.6364




































































































































































8.1318     5.6317     10.026     L-PM/MAX
8.0467     5.54       9.8772
7.9797     5.4076     9.7261
7.9181     5.3382     9.6277
7.8437     5.2755     9.5792
7.691      5.2123     9.4614
7.6288     5.1039     9.318
7.576      5.002      9.1922
7.5102     4.8557     9.0279
7.388      4.7508     8.8429
7.3623     4.6231     8.7174
7.3292     4.5246     8.6034
7.2651     4.4527     8.4747
7.1671     4.3241     8.3142
7.1724     4.2304     8.2176
7.1155     4.1356     8.1066
7.167      4.005      8.0456
7.1528     3.9607     7.886
7.1216     3.9029     7.7753
7.1018     3.8546     7.7044
7.0768     3.7725     7.5909
7.057      3.687      7.4015
7.0887     3.6338     7.294
7.0858     3.5418     7.1383
7.0871     3.5056     6.9963
7.0877     3.4555     6.8737
7.1056     3.397      6.7946
7.0869     3.3356     6.6047
7.0412     3.1901     6.4188
7.1315     3.0601     6.1773
7.1091     3.048      6.0528
7.1181     2.9908     5.96
7.1343     2.9604     5.8378
7.1201     2.8881     5.6781
7.1213     2.7881     5.5608
7.1536     2.7114     5.4462
7.1466     2.6486     5.2931
7.1273     2.5911     5.082
7.109      2.5868     4.9283
7.0824     2.5665     4.8183
7.0484     2.5576     4.6482
7.041      2.5798     4.5447
7.0044     2.5917     4.4108
6.9835     2.6302     4.2432
6.9898     2.6967     4.0874



























































































































































7.0857     9.4339     5.9993     ROSTRUM
7.0176     9.3492     6.3108
6.9967     9.2589     6.5723
7.0101     9.1393     6.8171
7.0249     9.0059     7.0283
7.0541     8.8859     7.223
7.0713     8.745      7.4488
7.0702     8.6325     7.62
7.0671     8.5093     7.8482
7.0299     8.4382     8.0332
6.9649     8.356      8.2221
6.9159     8.2514     8.437
6.9145     8.2219     8.5693
6.8581     8.2021     8.8149
6.7373     8.2144     9.0057
6.5991     8.237      9.1185
6.4265     8.2484     9.2899
6.3969     8.1922     9.4353
6.2494     8.227      9.7104
6.1919     8.1746     9.9087
6.2085     8.0146     10.0093
6.309      7.8707     10.0747
6.3984     7.7824     10.1422
6.512      7.6417     10.124
6.6069     7.5352     10.1147
6.6753     7.4327     10.1525
6.931      7.2357     10.164
7.089      7.1088     10.0461
7.2107     7.0535     10.0668
7.2948     6.9042     10.0803
7.3448     6.7688     10.1244
7.4582     6.5947     10.2303
7.5144     6.4877     10.263
7.619      6.3416     10.3221
7.7245     6.212      10.371
7.8245     6.0794     10.3439
7.96       5.9602     10.3533
8.0565     5.924      10.2724
8.1276     5.8683     10.2649
8.2702     5.7041     10.1996
8.404      5.5959     10.0711
8.5275     5.4808     10.0502
8.6796     5.2732     10.0191
8.7591     5.1514     10.066
8.8497     4.9903     10.1015
8.9311     4.8644     10.1335
9.0052     4.7328     10.199
9.143      4.6589     10.1686
9.2813     4.4695     10.1343
9.5828     4.5072     9.8594
9.6392     4.6418     9.5996
9.7395     4.755      9.4697
9.7938     4.9001     9.2666
9.8071     5.0429     9.055
9.7426     5.1684     8.7382
9.8366     5.2289     8.4365
9.9332     5.2789     8.1396
9.9717     5.3374     7.8798
10.0554    5.3473     7.6862
10.1006    5.3172     7.4531
10.2055    5.2998     7.2914
10.3016    5.2418     7.1306
10.4156    5.1841     7.0394
10.5063    5.1279     6.9422
10.5773    5.0119     6.7479
10.6655    4.9562     6.5265
10.7591    4.9596     6.3489
10.7657    4.9647     6.1712
10.8405    5.019      5.9961
10.87      5.0319     5.8696
10.9069    5.0729     5.719

































































































































9.8935     13.3123    15.9055    SUPORB
9.975      13.2177    16.1862
10.0117    13.0815    16.4894
10.0422    13.0313    16.6115
10.0254    12.9307    16.7554
10.0206    12.7431    17.0132
9.9764     12.5186    17.1772
10.0252    12.3487    17.3088
10.0771    12.1887    17.4237
10.1498    11.9682    17.5406
10.2039    11.8928    17.5995
10.2509    11.7207    17.7032
10.3149    11.5912    17.7562
10.3861    11.4788    17.7929
10.4261    11.3154    17.8585
10.5042    11.1358    17.9009
10.6589    10.9942    17.9537
10.8641    10.952     17.9725
10.9523    10.8848    17.9995
11.1022    10.7426    18.041
11.2086    10.642     18.0547
11.3293    10.5354    18.0606
11.4864    10.2763    18.0259
11.6284    9.9992     18.0096
11.7199    9.8363     17.9403
11.7607    9.7025     17.9166
11.7784    9.5124     17.8844
11.7929    9.3311     17.8457
11.826     9.1751     17.8395
11.9586    9.0376     17.8838
12.1231    8.9107     17.9478
12.2621    8.8395     17.9733
12.4106    8.7521     18.0049
12.5772    8.616      18.0425
12.7801    8.4694     18.0316
12.9707    8.2758     18.0007
13.1238    8.0877     17.9745
13.2238    7.9817     17.924
13.3483    7.8627     17.8856
13.4746    7.7586     17.8262
13.6192    7.7014     17.7654
13.6923    7.6398     17.7095
13.8068    7.5213     17.6521
13.9622    7.4469     17.5764
14.0682    7.4015     17.5212
14.1506    7.3674     17.4643
14.2741    7.3216     17.3925
14.4216    7.257      17.2943
14.5289    7.2104     17.2126
14.7071    7.267      17.1192
14.815     7.1657     16.9585
14.9464    7.1349     16.8415
15.0422    7.1376     16.6616
15.1498    7.0962     16.529
15.23      7.0457     16.3396
15.2875    6.99       16.1858
15.3305    6.9368     16.0346
15.3347    6.84       15.9137
15.3643    6.7721     15.7516
15.3502    6.7155     15.6258












































































































































9.8324     10.5111    14.2709    RORBIT
9.7374     10.7165    14.2784
9.5985     10.9022    14.3015
9.5909     11.0569    14.369
9.5773     11.2085    14.4407
9.5549     11.3701    14.5226
9.5194     11.549     14.6172
9.5343     11.7258    14.7578
9.5625     11.8502    14.8629
9.5813     11.9607    14.9911
9.6147     12.0781    15.1021
9.6591     12.2033    15.3042
9.6701     12.2777    15.4568
9.6799     12.3382    15.6313
9.6929     12.3371    15.8233
9.6654     12.2066    16.113
9.6636     12.0261    16.3709
9.6687     11.937     16.4737
9.7547     11.6656    16.6344
9.7939     11.5084    16.7053
9.832      11.383     16.7539
9.98       11.177     16.7058
10.0749    11.0198    16.7376
10.1252    10.8838    16.7674
10.2069    10.721     16.7782
10.2836    10.6244    16.763
10.3192    10.5402    16.7565
10.4906    10.3874    16.8645
10.8115    10.2593    16.8477
10.8911    10.1346    16.8279
10.9162    10.0858    16.5701
10.9425    9.9781     16.4026
10.9707    9.9838     16.2555
10.9557    9.9074     16.1585
10.9676    9.765      16.0345
11.0017    9.6726     15.9095
11.0011    9.5392     15.7854
10.988     9.4627     15.601
10.9531    9.4087     15.4769
10.8773    9.2921     15.3216
10.8078    9.2097     15.1476
10.7082    9.2523     14.9568
10.6672    9.2976     14.8775





























































































































































12.4935    7.3074     14.1848    LORBIT
12.6574    7.1909     14.2402
12.8203    7.0252     14.3025
12.9409    6.9932     14.3402
13.0598    6.8881     14.3949
13.1625    6.8546     14.4225
13.2541    6.7803     14.4722
13.4046    6.728      14.5795
13.5282    6.7091     14.6525
13.5917    6.6787     14.6884
13.6359    6.6638     14.7283
13.7673    6.6203     14.7984
13.8113    6.6626     14.8568
13.9159    6.7044     14.9613
13.9842    6.7023     15.0268
14.0476    6.7027     15.1078
14.0996    6.7091     15.1669
14.172     6.774      15.3873
14.2508    6.5987     15.6388
14.1451    6.6874     15.8427
14.0519    6.6272     16.0967
13.8899    6.6521     16.3271
13.7824    6.7418     16.391
13.6571    6.8484     16.4504
13.5059    7.0084     16.5252
13.3308    7.0242     16.5994
13.2021    7.1583     16.6521
13.0773    7.2938     16.688
12.9916    7.3757     16.6872
12.8191    7.5316     16.6487
12.809     7.5571     16.6578
12.4151    7.8024     16.6921
12.0919    8.1311     16.6984
12.0359    8.2272     16.4617
11.9861    8.3138     16.3155
11.9228    8.4251     16.1232
11.8541    8.541      15.9569
11.7852    8.5743     15.8653
11.7235    8.6141     15.7449
11.6849    8.6108     15.644
11.6373    8.6039     15.5241
11.5557    8.5643     15.3567
11.5586    8.5285     15.1875
11.564     8.4799     15.1004
11.5556    8.394      14.9839
11.5713    8.3113     14.7773


























































































































































9.9494     13.2884    15.9342    RTEMFOS
9.8367     13.3278    15.7471
9.8038     13.3766    15.4862
9.6848     13.4185    15.3361
9.5737     13.4234    15.2443
9.4575     13.3659    15.0692
9.4064     13.3825    14.8388
9.3716     13.3464    14.667
9.3055     13.328     14.5661
9.2202     13.2898    14.4228
9.2303     13.234     14.1425
9.0881     13.2305    14.0176
9.0423     13.2041    13.9003
9.0168     13.1611    13.722
8.958      13.0956    13.4964
8.9304     12.9962    13.2501
8.8164     13.0059    13.1133
8.7656     13.0041    13.0543
8.7063     12.9913    12.8518
8.603      12.951     12.806
8.5628     12.9028    12.7114
8.5191     12.8646    12.5469
8.4801     12.8377    12.4751
8.4049     12.7935    12.3564
8.3673     12.8022    12.2566
8.3491     12.835     12.1644
8.3191     12.9228    11.9653
8.3306     13.0237    11.8843
8.4135     13.1083    11.8533
8.4685     13.263     11.792
8.5074     13.4558    11.7561
8.6101     13.5308    11.761
8.7072     13.7416    11.7643
8.8526     13.8843    11.8307
8.9186     13.9803    11.8665
9.0236     14.0239    11.9144
9.1208     14.1021    11.9262



































































































































































15.3447    6.7054     15.6272    LTEMFOS
15.3772    6.6343     15.4246
15.3237    6.5065     15.2563
15.334     6.4626     15.1047
15.3123    6.4157     14.9458
15.3095    6.39       14.7899
15.2657    6.3315     14.6138
15.2407    6.2979     14.4161
15.2068    6.2521     14.3016
15.1614    6.1919     14.1501
15.1079    6.1385     13.9938
15.0554    6.0798     13.8079
14.9958    6.0428     13.6919
14.9458    6.004      13.5539
14.9117    5.9893     13.5066
14.8711    5.9459     13.438
14.8319    5.9095     13.3083
14.7774    5.853      13.2341
14.6674    5.7922     12.9969
14.6257    5.7398     12.8744
14.5358    5.6841     12.7255
14.5273    5.6161     12.498
14.4404    5.559      12.3059
14.5504    5.5022     12.0592
14.6035    5.4823     11.9122
14.7579    5.4587     11.8053
14.9093    5.3989     11.6806
15.0569    5.5439     11.7152
15.2684    5.5831     11.7259
15.2863    5.5599     11.7226
15.4348    5.6603     11.7453
15.5575    5.7145     11.7536
15.6769    5.7638     11.7863
15.7835    5.8463     11.8179
15.9096    5.9517     11.8855





































































































































































7.9834     5.9223     16.578     OP
9.6377     7.2815     15.5607    BA
13.9263    10.5038    14.0171    ST
19.6314    14.8529    13.2116    IV
7.0911     10.6954    15.3926    R_PG
7.5261     13.025     13.3863    R_ZTI
13.7178    13.4108    14.9907    R_M3D
15.8896    15.6221    14.3009    R_M12
18.4612    17.0718    13.6903    R_MP3
19.5211    17.3196    13.3403    R_PMI
12.4392    4.0298     15.2358    L_PG
14.5432    3.7356     13.1315    L_ZTI
16.998     9.6023     15.024     L_M3D
19.5123    11.338     14.7408    L_M12
21.8368    13.1679    14.126     L_MP3
22.7645    14.6974    13.3673    L_PMI
23.525     16.743     13.1325    O1
11.6996    5.2142     7.2455     O2
6.8162     12.7585    12.9943    O3
5.6237     3.1468     15.257     O4




















































































































































































11.3635    13.5787    12.2348    RZYGINF
11.175     13.5929    12.1615
11.0082    13.662     12.1043
10.875     13.7198    12.088
10.7166    13.7319    12.1147
10.5139    13.7636    12.1799
10.3316    13.7547    12.2763
10.1954    13.7357    12.4243
9.9128     13.7223    12.637
9.7639     13.6037    12.7678
9.6475     13.5483    12.8573
9.5463     13.5022    12.9327
9.4357     13.4516    12.9888
9.304      13.3751    13.1065
9.1372     13.3478    13.2168
9.0271     13.3433    13.2677
8.85       13.2729    13.3542
8.7129     13.252     13.4134
8.5856     13.2355    13.453
8.4369     13.199     13.4742
8.2344     13.1342    13.5145
8.0673     13.093     13.5363
7.995      13.093     13.5277
7.8067     13.0653    13.5186
7.6617     13.0248    13.5156
7.5612     12.9997    13.4509
7.4219     12.9638    13.4336













































































































































































16.4147    7.8574     12.3579    LZYGINF
16.3288    7.556      12.2439
16.2983    7.3444     12.1452
16.2657    7.1346     12.0223
16.2533    6.8806     11.9756
16.2585    6.7252     11.971
16.2552    6.5509     11.9797
16.2293    6.4609     12.0084
16.2468    6.3326     12.0525
16.1041    6.2138     12.1299
16.0515    6.0501     12.2514
16.0035    5.9071     12.3778
15.7988    5.602      12.6108
15.6239    5.4458     12.7397
15.4942    5.3005     12.8408
15.3439    5.2289     12.9331
15.1742    4.9846     13.0439
15.0709    4.8673     13.0983
15.026     4.6832     13.1205
14.9492    4.5111     13.1339
14.8763    4.3035     13.2241
14.7684    4.1663     13.2421
14.6781    4.0419     13.254
14.5939    3.9367     13.2374
14.5492    3.7839     13.2233
14.5053    3.6966     13.1859














































































































































































13.6446    13.3406    14.928     R-ALV
13.6723    13.5528    14.8976
13.7585    13.7671    14.8505
13.8761    13.96      14.8141
13.9941    14.1421    14.7515
14.1346    14.2884    14.7233
14.3744    14.4622    14.6883
14.6845    14.6198    14.6734
14.8112    14.7517    14.6556
14.9927    14.9112    14.6458
15.112     15.0337    14.6069
15.1985    15.1258    14.5805
15.2825    15.261     14.5364
15.4569    15.4708    14.3759
15.7337    15.5211    14.3908
15.865     15.5711    14.3811
16.01      15.6321    14.3718
16.1388    15.7248    14.3595
16.2686    15.8599    14.2772
16.3536    15.9247    14.2459
16.4585    16.0217    14.1982
16.657     16.0972    14.1427
16.9055    16.1443    14.136
17.0863    16.2351    14.0731
17.2352    16.3275    14.0443
17.4317    16.4835    14.0309
17.5636    16.5642    14.0011
17.6901    16.6125    13.9726
17.7486    16.7056    13.9207
17.8435    16.8414    13.8347
17.9444    16.9058    13.8027
18.1132    17.0004    13.7452
18.2057    17.0856    13.6773
18.4191    17.164     13.526






































































































































































17.0429    9.5646     14.9762    L-ALV
17.3098    9.6129     14.9949
17.5277    9.699      14.9244
17.7128    9.7732     14.8819
17.8677    9.8301     14.8427
17.9663    9.8759     14.8211
18.0795    9.9301     14.7734
18.172     10.0524    14.6965
18.3428    10.233     14.6922
18.3768    10.2805    14.6664
18.4382    10.3181    14.6777
18.6175    10.4119    14.6305
18.7901    10.5077    14.6784
19.0197    10.7278    14.6692
19.2       10.8155    14.6061
19.3928    10.9459    14.5455
19.5681    11.2631    14.5733
19.7724    11.4219    14.4736
20.0659    11.6097    14.5644
20.1281    11.71      14.4539
20.2677    11.8462    14.4345
20.4076    12.0715    14.4022
20.6198    12.2253    14.3364
20.7715    12.2888    14.3082
20.8847    12.3671    14.3171
21.0403    12.477     14.3393
21.1804    12.597     14.3044
21.3634    12.7515    14.1738
21.4993    12.8403    14.1624
21.7017    12.9008    14.0818
21.8906    13.0723    13.9902
