FMNH       101803     Phu59stv
16.4105    17.3232    16.1032    IN
12.7814    13.1281    18.2575    BR
8.9695     8.3378     15.8903    GL
9.0073     8.417      15.4719    NA
6.8666     5.8571     8.418      RH
5.8784     4.1622     3.816      NS
6.0672     4.1999     2.8929     PR
5.3367     5.1405     3.1444     R_PR2
6.9795     7.0923     9.352      R_PMS
7.2022     11.8325    9.7346     R_ZMI
7.9732     10.2336    13.0717    R_ZMU
8.7826     9.2166     13.6667    R_DA
7.6383     9.8403     15.7027    R_MTI
8.5405     10.1154    16.9116    R_MTS
7.1217     11.7983    14.5347    R_FMO
7.218      12.7507    14.8066    R_FMT
10.8185    17.4879    13.3473    R_PO
7.0887     13.8786    11.4264    R_ZTS
7.1194     3.7772     3.2945     L_PR2
8.1174     6.0913     9.2808     L_PMS
12.8744    7.2764     9.9407     L_ZMI
10.9129    7.7696     13.218     L_ZMU
9.8183     8.5002     14.2695    L_DA
10.6525    7.3907     15.7141    L_MTI
11.0149    8.0655     16.9118    L_MTS
12.7162    7.2513     14.7821    L_FMO
13.6551    7.5242     14.9135    L_FMT
17.4819    11.8115    13.5095    L_PO
14.7949    7.3989     11.5745    L_ZTS
6.3716     3.565      2.9571     O1
7.8851     11.9735    16.1387    O2
16.3054    8.3961     12.0567    O3
16.83      16.6268    15.6843    O4







































































































































































8.9787     8.3091     15.8347    GLRH
8.9874     8.3579     15.6555
9.004      8.392      15.5203
9.0371     8.4098     15.3715
9.1032     8.4713     15.0906
9.1518     8.5314     14.8699
9.1442     8.5859     14.6234
9.1593     8.5749     14.4284
9.1935     8.5117     14.1789
9.1578     8.4548     13.8837
9.0901     8.4283     13.7198
9.0588     8.3875     13.5725
9.0207     8.3694     13.4464
8.9806     8.2732     13.2355
8.9544     8.2313     13.0818
8.9096     8.1555     12.9244
8.8569     8.1229     12.7574
8.82       8.0669     12.649
8.7687     8.0047     12.5063
8.7171     7.916      12.3316
8.6303     7.7972     12.0968
8.5895     7.7609     11.9848
8.4901     7.6129     11.7413
8.4146     7.5595     11.5875
8.3512     7.5162     11.4629
8.2751     7.4469     11.343
8.182      7.3545     11.1535
8.0838     7.2656     10.9935
7.9898     7.1955     10.7956
7.9057     7.0455     10.6039
7.8075     6.96       10.4334
7.7365     6.8321     10.264
7.7021     6.7261     10.1374
7.621      6.6498     10.0009
7.5494     6.5716     9.8655
7.4908     6.4786     9.7263
7.3633     6.3969     9.472
7.321      6.3359     9.353
7.2657     6.2762     9.2258
7.1975     6.1519     9.0804
7.164      6.1021     8.9909
7.0746     5.9969     8.8062
7.0075     5.9336     8.6452
6.9363     5.8809     8.5215
6.8655     5.826      8.3683



























































































































































6.8587     5.8452     8.3373     NOSE
6.6483     6.1617     8.2888
6.3047     6.1108     7.7391
6.0941     6.0307     7.4728
5.9925     5.9653     7.2595
5.9113     5.9085     7.1013
5.8338     5.8699     6.9477
5.7566     5.8281     6.772
5.6744     5.7944     6.5606
5.5665     5.8082     6.3374
5.4405     5.7412     6.2181
5.3746     5.7045     6.0611
5.4059     5.596      5.8912
5.4122     5.5078     5.7319
5.4125     5.4162     5.5716
5.3531     5.3241     5.4102
5.2833     5.1513     5.1935
5.2791     4.9781     5.0278
5.2871     4.7907     4.7847
5.2693     4.5907     4.5852
5.223      4.4802     4.3841
5.3105     4.3167     4.306
5.4385     4.2576     4.2496
5.5819     4.1956     4.0632
5.7176     4.1887     3.8806
5.8563     4.237      3.8455
5.8484     4.1657     3.9026
5.9509     3.9491     4.0419
6.0224     3.7832     4.1785
6.1815     3.6594     4.4165
6.3756     3.6584     4.6309
6.5871     3.6806     4.9447
6.7613     3.735      5.112
6.9156     3.8471     5.3732
7.0192     3.9948     5.6332
7.0648     4.1256     5.9322
7.1651     4.1188     6.125
7.2121     4.2421     6.3285
7.22       4.3793     6.4886
7.2701     4.5258     6.6982
7.3161     4.6317     6.9094
7.3254     4.7167     7.0909
7.3648     4.8112     7.3097
7.3596     4.9295     7.488
7.3902     5.0639     7.706
7.4003     5.1952     7.8304
7.371      5.3319     7.9663
7.2842     5.4317     8.0955
7.2398     5.6792     8.3412
6.9363     5.8262     8.3418






















































































































































5.8637     4.1293     3.7682     NASP-PR
5.846      4.0663     3.5058
5.9213     4.0407     3.2725
5.9927     4.0289     3.1362
6.0536     4.0676     2.9248



































































































































































































6.9281     7.0954     9.2945     R-PM/MAX
6.7885     6.9727     9.0595
6.6525     6.8843     8.7982
6.5542     6.7891     8.6156
6.4388     6.7119     8.4386
6.2686     6.6142     8.1716
6.1547     6.5705     8.0161
6.0322     6.4892     7.8165
5.9655     6.4539     7.6732
5.9024     6.4322     7.5613
5.8153     6.3574     7.4046
5.6929     6.345      7.1019
5.6338     6.3226     6.9198
5.5585     6.3082     6.7609
5.4739     6.304      6.5194
5.384      6.3041     6.2697
5.3729     6.2998     6.073
5.332      6.3092     5.7762
5.2575     6.3148     5.5829
5.1391     6.3296     5.3486
5.0607     6.3649     5.1089
5.0036     6.4236     4.814
5.0138     6.4462     4.5051
5.0885     6.3028     4.2949
5.1255     6.133      4.1892
5.3883     6.2475     3.8019














































































































































































8.1081     6.0601     9.2761     L-PM/MAX
8.0437     5.9729     9.1559
7.9759     5.8435     8.9769
7.9464     5.7132     8.7693
7.8896     5.5431     8.533
7.8672     5.4528     8.4229
7.839      5.3398     8.2576
7.8236     5.2644     8.1095
7.8203     5.1253     7.9258
7.8223     4.9993     7.7926
7.8135     4.8228     7.6022
7.8069     4.726      7.4757
7.8125     4.6412     7.302
7.8199     4.5676     7.1677
7.8235     4.5022     6.9352
7.8349     4.4143     6.7349
7.8673     4.3748     6.4961
7.8827     4.3505     6.3309
7.8808     4.2903     6.1739
7.9035     4.2281     5.9892
7.9168     4.1699     5.8551
8.0315     4.1382     5.6273
8.0455     4.0506     5.3907
8.1409     3.9647     5.1707
8.1865     3.998      5.0994
8.2392     3.9598     4.9059
8.3049     3.9676     4.7455
8.3428     3.9703     4.6094
8.3301     4.0048     4.4105
8.2023     4.0919     4.2744
8.1733     4.2274     4.1021









































































































































































7.0112     9.7455     5.8617     ROSTRUM
6.9549     9.5691     6.1231
6.9332     9.4092     6.3295
6.9588     9.1946     6.5396
6.9586     9.0215     6.7255
6.9465     8.9352     6.8215
6.9115     8.8244     6.9782
6.8706     8.7484     7.1598
6.7688     8.6247     7.3606
6.6454     8.4733     7.6584
6.5844     8.4177     7.7783
6.4938     8.3442     7.9846
6.3797     8.3207     8.1679
6.2138     8.3014     8.2574
6.0668     8.2729     8.3779
5.9085     8.1727     8.5588
5.8788     8.033      8.7941
5.9665     7.8664     8.922
6.079      7.7062     8.9657
6.2971     7.4546     8.9932
6.4458     7.32       9.0179
6.59       7.2109     8.9956
6.6713     7.1376     9.0552
6.7945     6.9996     9.0902
6.8674     6.9095     9.1666
6.9417     6.7836     9.2265
7.0446     6.6653     9.2938
7.1127     6.5576     9.323
7.2795     6.3513     9.3605
7.4298     6.2438     9.346
7.5638     6.1601     9.3231
7.7201     6.0136     9.1936
7.8975     5.9213     9.0813
7.999      5.8963     9.0364
8.0941     5.8257     9.0745
8.2273     5.7347     9.0646
8.3637     5.6546     9.065
8.4417     5.539      9.077
8.637      5.4216     9.0995
8.7595     5.3396     9.0591
8.9206     5.2694     9.0015
9.0941     5.2166     8.9513
9.2803     5.2214     8.8855
9.5202     5.5825     8.4536
9.5223     5.7733     8.2671
9.5826     5.8984     8.1496
9.5905     5.9798     7.9788
9.7104     6.0934     7.7701
9.7726     6.1813     7.5567
9.863      6.3334     7.3496
9.9928     6.4598     7.1448
10.0792    6.5126     7.0374
10.1997    6.533      6.9335
10.2941    6.5602     6.8457
10.4004    6.547      6.7456
10.4798    6.5664     6.7068
10.5789    6.5621     6.6542
10.6781    6.5155     6.5763
10.8099    6.5468     6.4298
10.9293    6.5802     6.3259
10.9608    6.5952     6.2425
11.0096    6.6253     6.1281
11.0669    6.6686     6.0071









































































































































7.1849     12.716     14.8539    SUPORB
7.2445     12.5574    15.3669
7.3025     12.4768    15.6236
7.314      12.3205    15.8381
7.3466     11.9858    16.0801
7.374      11.7727    16.1985
7.4645     11.5781    16.292
7.5475     11.2782    16.3919
7.604      11.1181    16.4447
7.7233     10.953     16.5396
7.8917     10.76      16.6481
8.158      10.5575    16.7912
8.3581     10.4246    16.8919
8.5227     10.2923    16.9335
8.6101     10.0724    16.9278
8.7742     9.9457     16.9421
8.9427     9.6731     16.9299
9.0417     9.4249     16.8631
9.1284     9.2785     16.8208
9.1534     9.0865     16.7485
9.1473     8.9754     16.6822
9.1321     8.8071     16.6018
9.1244     8.6979     16.5164
9.191      8.5708     16.4562
9.3515     8.4859     16.5209
9.5381     8.513      16.6504
9.7053     8.5587     16.7478
9.9264     8.5561     16.843
10.1732    8.5326     16.8939
10.4967    8.3186     16.9378
10.7034    8.1393     16.9332
11.0153    8.0571     16.9392
11.2511    7.9514     16.8837
11.4708    7.8527     16.8246
11.7124    7.7553     16.7685
11.9789    7.677      16.6859
12.2029    7.558      16.5758
12.472     7.4577     16.477
12.6793    7.4691     16.4014
12.7991    7.5024     16.3394
12.9574    7.4941     16.261
13.0308    7.4986     16.151
13.2663    7.4674     15.8438
13.3877    7.5382     15.6999
13.4717    7.5678     15.536
13.5804    7.5172     15.2586
13.63      7.5058     15.1223
13.639     7.4797     14.9092
























































































































































8.024      10.2455    13.0982    RORBIT
7.7898     10.4013    13.1529
7.6817     10.5481    13.2
7.5346     10.703     13.2916
7.4721     10.8723    13.3898
7.4164     11.0209    13.5103
7.3502     11.1168    13.6197
7.3313     11.2277    13.7189
7.2797     11.3721    13.8902
7.2835     11.4955    14.0245
7.2542     11.6439    14.2127
7.2335     11.7135    14.4106
7.2019     11.7678    14.6749
7.1451     11.7734    14.8481
7.1076     11.6183    15.1887
7.0996     11.3489    15.393
7.1482     10.9987    15.5803
7.2302     10.6967    15.6656
7.2719     10.4488    15.692
7.3982     10.1798    15.7001
7.5243     9.9614     15.7139
7.7336     9.7429     15.734
8.0143     9.5668     15.7141
8.2026     9.3398     15.7597
8.4141     9.2338     15.7108
8.6048     9.1518     15.6526
8.7223     9.0744     15.5202
8.7916     8.9704     15.3841
8.9045     9.0078     15.0576
9.014      9.0411     14.7804
9.0626     9.1422     14.5799
9.0485     9.0704     14.4584
9.0374     9.1034     14.2652
9.0118     9.1227     14.2083






































































































































































10.9811    7.7414     13.2701    LORBIT
11.2097    7.535      13.3266
11.3571    7.5354     13.3913
11.642     7.3831     13.5075
11.9136    7.3179     13.6487
12.1709    7.2883     13.8369
12.3025    7.2936     13.9941
12.452     7.3279     14.1581
12.5348    7.2715     14.2659
12.5796    7.2725     14.3402
12.6941    7.232      14.5844
12.7031    7.222      14.7054
12.7119    7.2044     14.9381
12.6229    7.1282     15.1948
12.5515    7.0833     15.3584
12.4485    7.0461     15.4851
12.2886    6.9142     15.6134
12.0507    6.9291     15.6726
11.864     6.896      15.752
11.6321    6.8862     15.8057
11.5042    6.9097     15.7967
11.3028    7.0011     15.8141
11.1394    7.105      15.7478
10.7887    7.3        15.7131
10.7804    7.4961     15.6526
10.5507    7.5501     15.6524
10.2841    7.5881     15.7436
10.091     7.72       15.7584
9.933      7.974      15.7035
9.8581     8.2353     15.6131
9.6999     8.2624     15.4611
9.7257     8.3124     15.2321
9.7563     8.3854     15.0395
9.7682     8.4406     14.8666
9.7843     8.489      14.7491
9.7511     8.5055     14.6226
9.793      8.4817     14.5178
9.8018     8.4893     14.2906


































































































































































7.2054     12.6986    14.8685    RTEMFOS
7.1695     12.7392    14.6502
7.1293     12.746     14.3669
7.117      12.7284    14.0471
7.0696     12.6606    13.8837
7.0818     12.643     13.5302
7.0387     12.6203    13.3329
7.0063     12.6021    13.1174
6.9684     12.5638    12.9694
6.9458     12.5156    12.7915
6.9055     12.4932    12.4746
6.932      12.4844    12.3173
6.888      12.4707    12.1628
6.9458     12.4924    11.9858
6.8608     12.5127    11.7363
6.7469     12.6505    11.4453
6.7357     12.776     11.31
6.7808     12.9466    11.2218
6.8082     13.0457    11.1991
6.8518     13.2786    11.2099
6.9454     13.4777    11.2642
6.9731     13.6526    11.3165
7.0938     13.7672    11.3952
7.1215     13.8786    11.4364
















































































































































































13.6363    7.5067     15.0321    LTEMFOS
13.6523    7.4455     14.7
13.6742    7.446      14.5078
13.6615    7.4256     14.2975
13.6158    7.3961     14.1195
13.602     7.3488     13.9751
13.5704    7.2978     13.8286
13.5546    7.2679     13.6915
13.5474    7.2546     13.4793
13.5524    7.2214     13.1957
13.5286    7.1731     13.0594
13.5028    7.1075     12.8579
13.4906    7.0332     12.6632
13.4768    7.0252     12.5028
13.4905    7.006      12.3907
13.4788    6.9437     12.216
13.5298    6.9264     11.9366
13.5814    6.9159     11.758
13.7089    6.9507     11.5628
13.8442    6.9579     11.4876
14.007     7.0033     11.4402
14.2046    7.0453     11.4067
14.3021    7.1449     11.4575
14.4288    7.2074     11.4712
14.547     7.2975     11.5192
14.5906    7.3618     11.5568
14.7324    7.449      11.6131













































































































































































7.3427     5.1314     12.7755    OP
8.8489     6.9588     13.0944    BA
12.1029    11.4133    13.7288    ST
16.3214    16.7778    15.9372    IV
5.6646     9.838      13.0783    R_PG
6.0125     12.5322    12.4116    R_ZTI
10.9773    13.5951    15.2267    R_M3D
12.5552    15.8175    16.1333    R_M12
14.2665    17.8139    16.7737    R_MP3
15.8265    18.3524    17.0063    R_PMI
12.2936    4.7341     12.6894    L_PG
14.8669    5.8633     12.1718    L_ZTI
14.4798    10.6147    15.0227    L_M3D
16.437     12.7494    15.9683    L_M12
18.0071    14.8145    16.5305    L_MP3
18.1606    16.4886    16.6622    L_PMI
18.7489    18.5143    17.1186    O1
8.5958     12.1848    6.8967     O2
15.0038    6.0512     11.4689    O3
6.594      2.936      10.0877    O4




















































































































































































9.7887     14.1514    13.0123    RZYGINF
9.6512     14.0973    12.9266
9.463      14.0847    12.6879
9.2114     14.0139    12.5758
9.113      13.9735    12.5291
8.9889     13.9971    12.4732
8.9388     13.9496    12.4516
8.794      14.0113    12.5182
8.562      13.8818    12.5074
8.3714     13.6999    12.5485
8.2404     13.682     12.5961
8.0702     13.6655    12.6323
8.0073     13.5191    12.6745
7.8267     13.4586    12.69
7.6841     13.3207    12.7293
7.5383     13.234     12.7318
7.4506     13.1023    12.7417
7.3155     12.9787    12.7488
7.1698     12.8892    12.7463
7.013      12.8791    12.737
6.8602     12.9631    12.7289
6.7367     12.8796    12.6706
6.615      12.8155    12.6157
6.4228     12.7051    12.5478
6.2616     12.595     12.5079
6.123      12.5244    12.4599
5.9825     12.4726    12.3798













































































































































































15.5753    9.8543     12.6527    LZYGINF
15.6112    9.5376     12.4157
15.5761    9.3108     12.3269
15.623     8.9991     12.2686
15.6202    8.797      12.2627
15.5181    8.5985     12.2584
15.5173    8.4648     12.2975
15.5091    8.2881     12.3522
15.444     8.0493     12.4033
15.414     7.7952     12.4515
15.311     7.6246     12.457
15.2137    7.4178     12.4672
15.1676    7.2977     12.4683
15.0762    7.0471     12.4487
15.0939    6.8947     12.4148
15.1183    6.738      12.3852
15.1792    6.6023     12.3658
15.1713    6.4335     12.3264
15.0817    6.2038     12.2611
15.0513    6.0536     12.2455
14.9737    5.9774     12.2174
14.8882    5.838      12.1497


















































































































































































11.0436    13.4726    15.2977    R-ALV
10.9892    13.8167    15.1714
11.0275    13.9826    15.282
11.0836    14.1234    15.364
11.1299    14.286     15.4135
11.2199    14.513     15.4792
11.3857    14.6403    15.6131
11.5415    14.7908    15.6422
11.6914    14.9069    15.6923
11.8271    15.0679    15.7588
11.931     15.1858    15.7989
12.0387    15.3601    15.8618
12.0935    15.4615    15.8697
12.1624    15.5951    15.9854
12.3461    15.6722    16.0518
12.504     15.7622    16.0744
12.6109    15.8418    16.1089
12.7601    16.0181    16.1452
12.8882    16.1145    16.1672
13         16.232     16.2627
13.1158    16.3745    16.2832
13.2577    16.4742    16.3854
13.4041    16.5799    16.4056
13.5186    16.7171    16.4468
13.6839    16.8617    16.5899
13.8091    17.0374    16.6781
13.8968    17.1381    16.6919
13.9974    17.4015    16.7017
14.0583    17.5375    16.7042
14.1871    17.6527    16.6973
14.2885    17.7514    16.7366









































































































































































14.5663    10.6358    15.0625    L-ALV
14.9313    10.7002    15.1127
15.1953    10.8952    15.1701
15.3567    11.0174    15.2025
15.4615    11.1276    15.2307
15.586     11.2874    15.2172
15.6769    11.4396    15.3227
15.7233    11.5262    15.3933
15.8488    11.7419    15.525
15.9802    11.9019    15.5543
16.0799    12.0523    15.6217
16.2366    12.2198    15.6978
16.3566    12.339     15.7629
16.4361    12.4974    15.7724
16.4943    12.7785    15.8442
16.5783    12.8997    15.96
16.7159    13.1017    16.0067
16.9569    13.4397    16.1731
17.0376    13.6883    16.1965
17.1213    13.8549    16.2719
17.2752    13.971     16.3081
17.3863    14.0947    16.3616
17.514     14.2167    16.4083
17.6027    14.3108    16.4511
17.7039    14.4095    16.5086
17.8434    14.5367    16.485
17.9386    14.6641    16.4745
18.0214    14.7831    16.4977
18.0601    14.8454    16.4789
