UWMA       ZA 257     Phu84stv
19.8691    21.47      12.7141    IN
16.5143    17.297     16.2387    BR
12.0604    12.4454    16.1813    GL
12.044     12.4171    15.446     NA
8.1534     8.3007     9.4302     RH
6.2003     6.4134     5.8702     NS
5.811      5.9683     4.6937     PR
5.2595     6.7873     4.6416     R_PR2
8.7699     10.0436    10.4787    R_PMS
8.9042     15.3508    9.4609     R_ZMI
10.5402    13.9876    13.41      R_ZMU
11.6355    12.8182    14.0909    R_DA
10.6386    14.2553    15.7808    R_MTI
11.8189    14.695     16.848     R_MTS
10.0175    15.8188    14.3468    R_FMO
10.1492    17.0253    14.4846    R_FMT
13.4256    21.3874    11.6176    R_PO
9.2772     17.8012    11.1004    R_ZTS
6.8589     5.4345     4.6985     L_PR2
9.9627     9.2557     10.5675    L_PMS
14.7315    9.7345     8.9095     L_ZMI
13.6477    11.2673    13.1675    L_ZMU
12.4912    12.0921    14.1188    L_DA
13.9922    11.184     15.6228    L_MTI
14.7743    11.9789    16.5716    L_MTS
15.7678    10.8843    14.2164    L_FMO
16.7381    11.0012    14.0099    L_FMT
20.5004    15.2243    10.9376    L_PO
17.5289    10.4787    10.5574    L_ZTS
6.14       5.4688     4.6004     O1
11.453     15.831     16.2293    O2
19.131     11.2884    10.4233    O3
20.6323    19.9704    12.0278    O4







































































































































































12.0314    12.4712    16.111     GLRH
11.9973    12.4804    15.8443
12.0087    12.4729    15.6422
11.9966    12.4502    15.421
12.0333    12.4505    15.1476
12.0041    12.4468    14.9426
12.0023    12.4344    14.7399
11.9672    12.38      14.5383
11.873     12.3103    14.335
11.8325    12.2522    14.1852
11.6652    12.0993    13.9352
11.5779    11.9578    13.7675
11.4444    11.8563    13.6075
11.3205    11.6704    13.411
11.162     11.5442    13.2436
11.0064    11.3884    13.0425
10.873     11.2301    12.8744
10.7312    11.0574    12.6589
10.5943    10.8651    12.469
10.3995    10.6718    12.2561
10.2213    10.5341    12.0823
10.0767    10.3884    11.9049
9.8326     10.1492    11.6912
9.6122     9.8802     11.4536
9.4233     9.6847     11.2343
9.2789     9.5326     11.0555
9.1212     9.362      10.833
8.9741     9.1686     10.6536
8.8306     9.0555     10.4724
8.7024     8.9112     10.3183
8.5734     8.777      10.1428
8.3981     8.6186     9.8968
8.3173     8.4297     9.6834
8.218      8.3452     9.5124
8.1764     8.2544     9.3709





































































































































































8.139      8.3027     9.4165     NOSE
7.9411     8.4703     9.4183
7.7123     8.7306     9.4249
7.535      9.0454     9.2285
7.2808     8.964      8.94
7.0516     8.9361     8.7705
6.8218     8.8317     8.6559
6.6444     8.7286     8.4192
6.5058     8.648      8.1934
6.4488     8.5563     8.05
6.3978     8.4658     7.8734
6.2488     8.3343     7.6433
6.1518     8.2207     7.462
6.0144     8.094      7.2153
5.9424     7.9681     7.0434
5.9177     7.8528     6.9277
5.8108     7.6435     6.7781
5.7276     7.4627     6.6323
5.7318     7.2361     6.5494
5.7083     6.9595     6.4571
5.6667     6.7309     6.3229
5.7099     6.5837     6.1012
5.8464     6.4002     5.9251
5.9945     6.3266     5.8332
6.1442     6.2498     5.8039
6.2258     6.0815     5.8812
6.3906     5.9356     5.9736
6.5622     5.821      6.1654
6.7689     5.924      6.34
7.0498     5.9887     6.4176
7.403      5.9981     6.5192
7.6946     6.0129     6.6538
7.8491     6.0702     6.78
8.0186     6.166      6.9737
8.209      6.2864     7.2191
8.3384     6.3905     7.3917
8.3977     6.5564     7.6528
8.5565     6.6477     7.8778
8.5988     6.9142     8.1521
8.687      7.1214     8.4054
8.7502     7.4105     8.6799
8.811      7.5961     8.8524
8.8593     7.8461     9.0843
8.8832     7.9488     9.1972
8.7363     7.9417     9.2513
8.2457     8.1529     9.3861
8.0746     8.3913     9.4347

























































































































































6.1671     6.3114     5.8192     NASP-PR
6.0114     6.1289     5.6126
5.9143     6.05       5.4117
5.87       6.0231     5.2919
5.8562     5.9836     5.1145
5.832      5.9413     4.9287
5.8144     5.9541     4.748
5.8263     6.0137     4.5693
































































































































































































8.7277     10.0359    10.4449    R-PM/MAX
8.6092     9.9716     10.2749
8.4788     9.9119     10.1634
8.3562     9.8413     10.0308
8.203      9.7452     9.9032
8.0828     9.668      9.7825
7.9271     9.5595     9.6409
7.7857     9.4667     9.4667
7.628      9.3718     9.3592
7.39       9.2675     9.0844
7.2329     9.1904     8.9769
7.0684     9.1381     8.8897
6.8659     9.064      8.7754
6.7516     8.9921     8.6615
6.6698     8.9056     8.5591
6.5232     8.815      8.3546
6.3853     8.7696     8.0954
6.2828     8.7972     7.8694
6.245      8.7183     7.703
6.1539     8.6821     7.469
6.0458     8.6569     7.2278
5.9697     8.6402     7.0413
5.8749     8.6055     6.9136
5.713      8.5735     6.6148
5.6487     8.5276     6.4545
5.4975     8.5088     6.189
5.3403     8.4696     5.8988
5.2442     8.5046     5.6101
5.2128     8.4788     5.4408
5.2885     8.3674     5.1579
5.4596     8.3528     4.9572









































































































































































9.9801     9.3009     10.6126    L-PM/MAX
9.9306     9.1604     10.4757
9.8534     8.9957     10.3054
9.787      8.8892     10.1779
9.6914     8.7237     10.0061
9.5832     8.4951     9.7885
9.512      8.3866     9.7084
9.4216     8.2378     9.5362
9.3357     8.064      9.3538
9.2929     7.9278     9.2298
9.2429     7.7601     9.0219
9.1219     7.5307     8.8602
9.1087     7.3976     8.7052
9.065      7.1893     8.5591
8.9597     6.9913     8.4146
8.9277     6.8521     8.2382
8.8693     6.7141     7.9631
8.789      6.6069     7.6559
8.7246     6.5113     7.4395
8.6767     6.421      7.2125
8.6151     6.3382     7.036
8.5343     6.2092     6.7201
8.4415     6.0457     6.4588
8.481      6.0062     6.2505
8.4863     5.8547     6.0308
8.4862     5.7819     5.9139
8.4511     5.6841     5.7482
8.4474     5.6356     5.4942
8.3388     5.6134     5.2001
8.2897     5.5681     5.0175
8.287      5.6436     4.9127









































































































































































7.8299     12.4117    5.8101     ROSTRUM
7.8451     12.3608    6.0527
7.8638     12.2958    6.2719
7.9278     12.2047    6.56
8.0169     12.0709    6.7835
8.0793     11.9931    6.9248
8.161      11.8105    7.1298
8.2226     11.7306    7.3472
8.2663     11.6944    7.5435
8.2595     11.6364    7.9391
8.2203     11.603     8.1954
8.1896     11.536     8.5281
8.1637     11.5241    8.8611
8.101      11.4769    9.1386
7.9851     11.4361    9.4555
7.8913     11.5051    9.6179
7.724      11.5267    9.8316
7.5742     11.526     9.9875
7.5879     11.4223    10.2289
7.6698     11.3702    10.3852
7.7846     11.3113    10.5171
8.0141     11.0925    10.4657
8.2546     10.9812    10.4009
8.4294     10.8668    10.4005
8.6351     10.6911    10.4579
8.8824     10.4267    10.6473
9.0188     10.3108    10.7604
9.0635     10.1907    10.9418
9.156      10.0761    11.1035
9.3043     9.9631     11.2342
9.4202     9.8216     11.2993
9.6039     9.6754     11.3056
9.8513     9.5339     11.1319
10.0116    9.5194     10.9936
10.1425    9.5723     10.9375
10.3544    9.512      10.7435
10.5476    9.4201     10.6036
10.7689    9.3315     10.4178
10.8714    9.2256     10.364
11.1015    9.0205     10.3105
11.296     8.8528     10.3594
11.4394    8.7259     10.3947
11.6544    8.5913     10.278
11.8191    8.4911     10.1494
11.8713    8.4527     9.9601
11.8393    8.5421     9.6578
11.7118    8.6978     9.3434
11.6429    8.8304     9.1634
11.6509    8.9013     8.7602
11.6769    8.925      8.4511
11.6901    8.9606     8.1742
11.7222    8.9896     7.8959
11.7569    9.0055     7.6767
11.7998    9          7.3746
11.8602    8.9649     7.1228
11.9447    8.9644     6.9037
12.0823    8.8933     6.6678
12.1574    8.8331     6.4428
12.1953    8.8058     6.2842
12.2729    8.8204     6.0894
12.2759    8.8149     5.9093
12.2621    8.7866     5.757
12.2504    8.7629     5.6248









































































































































10.115     17.0223    14.5392    SUPORB
10.1716    16.9694    14.8137
10.2244    16.8949    15.0371
10.282     16.8171    15.2945
10.3741    16.6199    15.6121
10.4027    16.4831    15.7532
10.4888    16.1698    16.01
10.5948    16.0206    16.1157
10.6906    15.8322    16.2328
10.7107    15.595     16.3193
10.8351    15.409     16.4138
11.0573    15.2364    16.5253
11.2075    15.1674    16.586
11.3746    14.9586    16.6961
11.6874    14.7704    16.8245
11.8194    14.7748    16.8437
12.0507    14.7123    16.8935
12.2478    14.556     16.9319
12.3599    14.325     16.9461
12.407     14.1107    16.9455
12.4307    13.953     16.9514
12.5828    13.7408    16.9291
12.5496    13.4843    16.9193
12.5655    13.2051    16.866
12.4659    13.0318    16.801
12.4008    12.8373    16.7468
12.5374    12.6955    16.7219
12.7185    12.6015    16.7337
12.9082    12.6475    16.8058
13.1223    12.7402    16.8606
13.3759    12.7893    16.8983
13.5228    12.7912    16.9034
13.6968    12.809     16.9064
13.8606    12.7682    16.875
14.0636    12.6117    16.8723
14.2811    12.3624    16.7975
14.4429    12.1825    16.7158
14.5268    12.0591    16.6575
14.6188    11.8293    16.5421
14.7948    11.6019    16.3903
14.9465    11.4374    16.2549
15.1086    11.2968    16.1853
15.3256    11.3392    16.1323
15.5446    11.3799    16.0481
15.8002    11.4015    15.9183
16.0221    11.4253    15.7866
16.2207    11.3846    15.6334
16.402     11.3209    15.4505
16.5567    11.3248    15.2431
16.6859    11.1862    14.808
16.7721    11.2229    14.5584
16.7968    11.1601    14.3424
16.8169    11.1       14.1134



















































































































































10.6086    13.9524    13.4033    RORBIT
10.3032    14.2537    13.511
10.1397    14.6352    13.5906
9.992      15.0147    13.6893
9.9969     15.3001    13.8095
10.015     15.5604    13.9811
10.0059    15.7107    14.1507
10.0049    15.8623    14.414
10.0285    15.9287    14.6448
10.0582    15.9308    14.8198
10.0049    15.7764    15.1956
10.057     15.4978    15.5593
10.1704    15.2232    15.752
10.3886    14.9854    15.762
10.4709    14.7051    15.8267
10.6082    14.3276    15.7999
10.7586    14.1153    15.7324
10.9266    13.9312    15.6562
11.1247    13.7129    15.7673
11.3183    13.6064    15.8379
11.5923    13.3555    15.7846
11.7132    13.209     15.6314
11.7581    13.1996    15.3723
11.8011    13.1298    15.1103
11.8252    13.0585    14.8135
11.8181    13.0194    14.6385
11.7905    12.9744    14.5292
11.7481    12.872     14.3722
11.6928    12.8101    14.2371
11.6405    12.7637    14.1039










































































































































































13.6719    11.2696    13.2122    LORBIT
13.8709    11.1204    13.2226
14.0761    10.949     13.2442
14.3493    10.893     13.2719
14.7388    10.8384    13.3486
14.9628    10.7788    13.4187
15.1346    10.7766    13.4845
15.3137    10.7896    13.5827
15.5277    10.7641    13.7114
15.6513    10.8434    13.9368
15.7239    10.8468    14.1196
15.8097    10.9056    14.2928
15.7883    10.9059    14.5005
15.7395    10.8048    14.7139
15.585     10.7877    14.9656
15.4013    10.8069    15.2276
15.1803    10.8783    15.3929
14.8144    10.8562    15.6499
14.5667    10.9354    15.6811
14.2901    11.0579    15.6359
14.1338    11.1434    15.598
13.9169    11.3068    15.5541
13.7731    11.4602    15.519
13.6397    11.581     15.5105
13.4464    11.6617    15.7098
13.3048    11.902     15.662
13.1569    11.975     15.6845
12.9442    12.1064    15.6505
12.8839    12.1577    15.3944
12.798     12.198     15.1629
12.7083    12.1972    15.0207
12.6498    12.218     14.7832
12.6319    12.2267    14.5966
12.5761    12.1634    14.4036
12.535     12.1311    14.2327
12.5118    12.0924    14.1561
12.4863    12.024     14.0215



































































































































































10.1265    17.0023    14.4463    RTEMFOS
10.0199    16.9941    14.2157
9.9455     16.971     14.0745
9.8043     16.9314    13.972
9.7463     16.8763    13.7749
9.6738     16.7979    13.6515
9.6376     16.7765    13.48
9.5824     16.7337    13.302
9.5057     16.6766    13.1595
9.4296     16.6285    12.9841
9.3592     16.5839    12.8072
9.3186     16.5128    12.5432
9.1441     16.4036    12.3688
9.0604     16.3332    12.2276
8.988      16.3085    12.0811
8.9027     16.2716    11.9255
8.8536     16.2571    11.7899
8.7865     16.2586    11.6292
8.7337     16.2679    11.5139
8.8        16.4002    11.3255
8.7417     16.5087    11.1904
8.8055     16.8145    11.0805
8.8801     17.0849    11.0278
9.0845     17.3062    11.0335
9.1524     17.4187    11.0535
9.2133     17.5417    11.088














































































































































































16.7918    11.0549    14.0596    LTEMFOS
16.8274    11.003     13.8257
16.7876    10.7902    13.5186
16.6945    10.6822    13.2463
16.6453    10.6239    13.1093
16.5943    10.5862    12.9671
16.5446    10.5352    12.8226
16.5094    10.4556    12.6645
16.4903    10.4297    12.4699
16.4045    10.3962    12.1663
16.3244    10.1733    11.8873
16.2758    10.0765    11.7246
16.2265    9.9988     11.5829
16.2193    9.9317     11.4335
16.223     9.8694     11.227
16.2071    9.7832     11.0911
16.2636    9.8317     10.9373
16.4343    9.8507     10.6815
16.5542    9.9022     10.5787
16.8065    9.9522     10.4732
16.952     9.9714     10.4472
17.0905    10.1261    10.4572
17.1939    10.2276    10.4781
17.3938    10.3662    10.5069
17.6563    10.4575    10.5344















































































































































































9.0418     9.3484     12.7937    OP
10.6994    11.1005    13.0495    BA
15.0456    15.5971    12.6483    ST
19.6501    20.6461    13.5126    IV
7.6396     14.232     12.6922    R_PG
8.0817     16.8842    11.3931    R_ZTI
13.8362    17.7124    13.9795    R_M3D
15.6661    20.3595    14.3456    R_M12
17.7264    22.3406    14.3006    R_MP3
19.4566    22.9146    14.0816    R_PMI
14.4602    8.5241     12.8555    L_PG
16.9479    8.814      11.4419    L_ZTI
17.6143    14.6228    14.1701    L_M3D
19.7828    16.5678    14.2692    L_M12
21.6618    18.8716    14.1551    L_MP3
22.0557    20.4165    14.1076    L_PMI
22.4934    22.7765    13.8667    O1
10.651     15.2923    4.9791     O2
17.1078    8.8721     10.5912    O3
8.3687     6.495      10.6792    O4




















































































































































































12.6282    18.584     11.4644    RZYGINF
12.3823    18.532     11.3795
12.2615    18.4424    11.3845
12.0701    18.4915    11.2607
11.953     18.4705    11.2226
11.7173    18.3475    11.1617
11.5515    18.3125    11.1214
11.3579    18.3101    11.1031
11.1555    18.2073    11.184
10.9607    18.0766    11.2984
10.7739    17.9786    11.3826
10.5365    17.8188    11.4672
10.2817    17.7762    11.5022
10.1074    17.6326    11.6001
9.9138     17.5421    11.6651
9.6414     17.4963    11.655
9.3943     17.366     11.6488
9.2457     17.4024    11.6573
9.0965     17.4214    11.6181
8.8454     17.3746    11.6211
8.6158     17.2829    11.6038
8.416      17.1325    11.5741
8.2154     17.0791    11.5123
8.1436     16.9642    11.4955
8.0393     16.8087    11.4575















































































































































































18.2264    13.4266    11.5636    LZYGINF
18.2098    13.1873    11.4354
18.1954    12.907     11.2998
18.1644    12.7575    11.2688
18.1476    12.513     11.1791
18.0344    12.2059    11.1816
17.9318    11.9812    11.2413
17.7938    11.6955    11.3527
17.6162    11.4432    11.3836
17.5332    11.2355    11.4385
17.4573    10.9571    11.4906
17.3493    10.627     11.5475
17.3075    10.3294    11.5797
17.2802    10.1248    11.5844
17.3079    10.0021    11.6226
17.3189    9.7936     11.5881
17.3448    9.4981     11.5888
17.2193    9.2757     11.5946
17.0864    9.1118     11.5646
16.9761    9.0083     11.539
16.8798    8.8817     11.4763



















































































































































































13.8221    17.736     14.0284    R-ALV
13.9085    18.3066    14.2127
14.1545    18.9256    14.1754
14.2968    19.0919    14.2009
14.503     19.3198    14.2302
14.7382    19.6238    14.2616
14.9084    19.8412    14.2168
15.0247    19.9623    14.2404
15.3431    20.2242    14.162
15.616     20.2749    14.3884
15.9121    20.5638    14.3511
16.1318    20.8934    14.1445
16.4518    21.0309    14.2811
16.7042    21.2921    14.2719
17.016     21.5659    14.3655
17.2151    21.9391    14.2843
17.3615    22.0381    14.2801
17.4555    22.2727    14.1679
17.6894    22.4298    14.2345





















































































































































































17.5254    14.5789    14.0928    L-ALV
17.7552    14.6321    14.1113
17.9667    14.704     14.1913
18.2366    14.8568    14.1896
18.4535    15.0117    14.208
18.7207    15.2486    14.268
18.9437    15.4458    14.2082
19.3023    15.7879    14.1959
19.4777    15.9562    14.2215
19.6625    16.2763    14.1571
19.7877    16.5384    14.1901
19.8891    16.6961    14.2117
19.9895    16.8457    14.2076
20.1462    17.0466    14.2449
20.3613    17.3539    14.2283
20.5419    17.6275    14.2103
20.8405    17.9815    14.1605
21.0715    18.187     14.1242
21.3316    18.4053    14.1148
21.4922    18.5421    14.1011
21.7103    18.8063    14.0396
