UWMA       TP4        Pi5stv
9999       9999       9999       IN
9999       9999       9999       BR
21.2975    -5.6144    10.0645    GL
21.5311    -5.4425    9.7696     NA
25.2181    -4.3034    9.933      RH
28.0304    -3.3947    9.5114     NS
28.9446    -3.016     9.051      PR
28.9926    -3.7509    8.8236     R_PR2
24.5483    -5.0511    9.5525     R_PMS
25.312     -6.7781    6.7982     R_ZMI
23.3881    -6.5308    8.134      R_ZMU
22.2024    -5.6381    8.8569     R_DA
9999       9999       9999       R_MTI
9999       9999       9999       R_MTS
9999       9999       9999       R_FMO
9999       9999       9999       R_FMT
9999       9999       9999       R_PO
9999       9999       9999       R_ZTS
28.4791    -2.2249    9.1736     L_PR2
24.158     -4.1272    9.701      L_PMS
9999       9999       9999       L_ZMI
9999       9999       9999       L_ZMU
21.8099    -4.6063    9.2432     L_DA
9999       9999       9999       L_MTI
9999       9999       9999       L_MTS
9999       9999       9999       L_FMO
9999       9999       9999       L_FMT
9999       9999       9999       L_PO
9999       9999       9999       L_ZTS
28.7505    -2.2974    6.4678     O1
22.7781    -2.0407    8.0723     O2
19.1722    -5.2925    8.7425     O3
19.3975    -8.9002    4.7333     O4







































































































































































21.2977    -5.6236    10.0895    GLRH
21.4428    -5.5415    9.9558
21.5424    -5.4719    9.7902
21.6221    -5.4191    9.6076
21.837     -5.287     9.4085
21.9754    -5.2085    9.2738
22.2183    -5.0759    9.2019
22.4926    -5.0307    9.2903
22.848     -4.9488    9.3562
23.0953    -4.8881    9.4189
23.3611    -4.8131    9.4652
23.6263    -4.7297    9.5414
23.9052    -4.6569    9.6094
24.1195    -4.6101    9.6695
24.2636    -4.5939    9.683
24.3541    -4.5869    9.704
24.4476    -4.5565    9.7448
24.6099    -4.5285    9.806
24.8137    -4.4586    9.8479
24.9187    -4.4479    9.8798
24.9893    -4.4206    9.8928
25.1068    -4.3739    9.9114
25.1555    -4.3448    9.9168

















































































































































































25.2076    -4.401     9.9089     NOSE
25.4684    -4.7112    9.8018
25.7075    -4.8793    9.707
26.0223    -4.8723    9.5891
26.1989    -4.8398    9.4986
26.4851    -4.8086    9.4353
26.7668    -4.715     9.36
27.0311    -4.6152    9.3517
27.2504    -4.558     9.348
27.4283    -4.462     9.4218
27.5638    -4.3289    9.4554
27.6667    -4.2004    9.454
27.8046    -4.0852    9.4605
28.0195    -3.902     9.4817
28.1248    -3.7237    9.4713
28.1825    -3.57      9.5152
28.1471    -3.3783    9.5073
27.9588    -3.2448    9.5355
27.8829    -3.1233    9.6413
27.799     -3.052     9.6705
27.6374    -2.9681    9.7392
27.422     -2.9619    9.7664
27.1205    -2.9669    9.7527
26.8541    -2.968     9.779
26.5892    -3.0113    9.8413
26.3702    -3.0525    9.8618
26.0641    -3.1799    9.8666
25.8212    -3.3229    9.8759
25.6178    -3.4621    9.8925
25.4497    -3.6587    9.8893
25.2929    -3.842     9.9101
25.2714    -4.0106    9.9143
25.2545    -4.1613    9.8967
25.2803    -4.3805    9.9085






































































































































































27.9691    -3.4491    9.4691     NASP-PR
28.2494    -3.3389    9.504
28.4296    -3.2706    9.4223
28.5936    -3.2291    9.3497
28.7166    -3.1457    9.2825
28.811     -3.105     9.1781
28.9154    -3.0767    9.0642

































































































































































































24.7575    -5.019     9.6058     R-PM/MAX
25.0236    -5.0033    9.6306
25.2344    -5.0182    9.653
25.4568    -4.9869    9.6951
25.7229    -4.9642    9.6637
25.9516    -4.9342    9.5765
26.2672    -4.8804    9.5035
26.4905    -4.8385    9.4338
26.738     -4.821     9.3464
26.9897    -4.7652    9.3231
27.2595    -4.68      9.3206
27.5125    -4.6656    9.335
27.7201    -4.6254    9.2806
27.8947    -4.5566    9.2104
28.0294    -4.4623    9.1232
28.7601    -4.3432    8.4979
28.9515    -4.2404    8.2293
29.0581    -4.2016    8.1403
29.1847    -4.1369    7.9956





















































































































































































24.1971    -4.1011    9.7286     L-PM/MAX
24.3726    -3.9204    9.8118
24.5977    -3.8533    9.8529
24.7767    -3.789     9.853
24.9256    -3.6643    9.8596
25.1429    -3.5153    9.8624
25.2254    -3.411     9.8611
25.3945    -3.2693    9.8399
25.5703    -3.1967    9.8161
25.7334    -3.0751    9.8435
26.0393    -2.8482    9.791
26.2582    -2.7577    9.762
26.4484    -2.6589    9.7277
26.6545    -2.5489    9.6873
26.8349    -2.481     9.6589
27.0525    -2.3394    9.5961
27.2453    -2.2472    9.5256
27.4118    -2.1558    9.463
27.6072    -2.0628    9.3885
27.7323    -1.9747    9.2792
27.8761    -1.8773    9.2083
27.9819    -1.8256    9.0866
28.0462    -1.8417    9.055

















































































































































































26.5375    -5.6795    6.9059     ROSTRUM
26.3149    -5.7639    7.1335
26.0464    -5.7935    7.3039
25.7929    -5.7585    7.4853
25.565     -5.7741    7.6603
25.3691    -5.7551    7.8767
25.1768    -5.7251    8.1277
24.9735    -5.6979    8.3001
24.8211    -5.6852    8.4199
24.6955    -5.6515    8.5743
24.5091    -5.5856    8.7377
24.3626    -5.5318    8.8498
24.2601    -5.4912    8.923
24.1704    -5.3702    9.0587
24.059     -5.2552    9.1638
23.9995    -5.1902    9.251
23.8905    -5.0804    9.3922
23.8067    -4.9362    9.5084
23.6998    -4.8422    9.5386
23.6456    -4.7519    9.5453
23.6496    -4.7351    9.5366
23.6309    -4.5144    9.5715
23.6205    -4.3502    9.5595
23.6373    -4.0542    9.4876
23.7094    -3.8745    9.4225
23.7107    -3.6372    9.3892
23.7894    -3.3843    9.2952
23.8467    -3.1874    9.19
23.9308    -2.9198    9.0655
24.0106    -2.7019    8.9761
24.1056    -2.528     8.7681
24.1906    -2.4193    8.6346
24.3214    -2.2345    8.4503
24.4488    -2.0521    8.2939
24.549     -1.9164    8.1836
24.6061    -1.7714    8.0715
24.6737    -1.6628    7.9398
24.7923    -1.5837    7.8314
24.9229    -1.5314    7.7048
24.9895    -1.4949    7.6127
25.0913    -1.472     7.5404
25.2097    -1.4235    7.4188






























































































































































9999       9999       9999       SUPORB







































































































































































































9999       9999       9999       RORBIT







































































































































































































9999       9999       9999       LORBIT







































































































































































































9999       9999       9999       RTEMFOS







































































































































































































9999       9999       9999       LTEMFOS







































































































































































































9999       9999       9999       OP
9999       9999       9999       BA
9999       9999       9999       ST
9999       9999       9999       IV
9999       9999       9999       R_PG
9999       9999       9999       R_ZTI
9999       9999       9999       R_M3D
22.8851    -6.8325    6.1098     R_M12
21.3346    -7.6965    4.8111     R_MP3
20.1691    -7.7671    4.8913     R_PMI
9999       9999       9999       L_PG
9999       9999       9999       L_ZTI
22.7756    -2.0027    5.4581     L_M3D
21.1134    -3.2082    4.2174     L_M12
19.6779    -5.0738    3.6291     L_MP3
19.3442    -5.8263    3.6339     L_PMI
19.0182    -5.834     5.8047     O1
23.3647    -2.0335    3.4281     O2
28.2463    -2.0388    2.9747     O3
30.3163    -3.6637    7.9198     O4




















































































































































































9999       9999       9999       RZYGINF







































































































































































































9999       9999       9999       LZYGINF







































































































































































































9999       9999       9999       R-ALV







































































































































































































22.7365    -1.913     5.2925     L-ALV
22.4757    -1.9801    5.1622
22.2824    -2.0353    4.9837
22.0937    -2.1754    4.9007
21.9413    -2.3268    4.8329
21.7416    -2.4759    4.6807
21.5957    -2.6515    4.5301
21.3722    -2.9822    4.2576
21.1254    -3.1837    4.1768
20.9795    -3.3661    4.1531
20.7942    -3.5878    4.0565
20.6988    -3.7888    3.8349
20.5581    -3.9864    3.7975
20.4252    -4.3011    3.7127
20.2288    -4.4001    3.6773
19.9474    -4.6794    3.6705
19.8682    -4.9304    3.5454
