TMP        STS 262    Pi6stv
9999       9999       9999       IN
16.3369    19.4548    11.4297    BR
15.7608    14.5792    10.72      GL
15.8287    14.487     10.2936    NA
15.8079    12.2209    8.1004     RH
15.8922    10.4141    6.0036     NS
15.8642    9.9639     5.4076     PR
15.1292    10.1975    5.4769     R_PR2
15.4176    12.9912    8.1418     R_PMS
13.0633    14.1695    5.8539     R_ZMI
14.1424    14.3557    7.9636     R_ZMU
15.4602    14.394     9.2973     R_DA
14.4605    15.1496    10.4667    R_MTI
14.4106    15.2101    10.9423    R_MTS
9999       9999       9999       R_FMO
9999       9999       9999       R_FMT
9999       9999       9999       R_PO
9999       9999       9999       R_ZTS
16.4335    10.1204    5.514      L_PR2
16.4008    12.6927    8.0079     L_PMS
19.1381    14.0955    6.1524     L_ZMI
17.6274    14.018     8.1624     L_ZMU
16.3393    14.3879    9.3624     L_DA
17.6006    14.9358    10.7481    L_MTI
17.5664    15.0533    11.229     L_MTS
19.1072    15.4426    9.5194     L_FMO
19.5088    16.0906    9.5707     L_FMT
20.0645    18.6895    7.0411     L_PO
9999       9999       9999       L_ZTS
16.5982    10.5151    6.1628     O1
19.3597    15.8977    9.9759     O2
12.8782    18.948     9.0028     O3
16.7135    22.4331    8.2266     O4







































































































































































15.7433    14.556     10.6915    GLRH
15.7718    14.5327    10.4902
15.7736    14.4866    10.3168
15.8319    14.4426    10.124
15.838     14.3688    9.8729
15.8387    14.2773    9.6917
15.8797    14.1505    9.463
15.8986    14.0103    9.3037
15.9235    13.8487    9.121
15.9008    13.7197    8.9479
15.8873    13.5261    8.7956
15.9086    13.4309    8.7097
15.9054    13.2584    8.5498
15.8852    13.0742    8.4873
15.8642    12.8185    8.3632
15.8184    12.5678    8.2394
15.7969    12.4541    8.1651
15.7751    12.293     8.1203






















































































































































































15.8217    12.1396    7.9966     NOSE
15.6125    12.1685    7.9122
15.4085    12.2669    7.7182
15.3286    12.3511    7.523
15.2273    12.2051    7.3566
15.1825    11.9727    7.1505
15.1629    11.801     6.9975
15.1229    11.633     6.8433
15.1307    11.3974    6.6662
15.1752    11.2166    6.4918
15.2264    11.0113    6.4043
15.2902    10.8751    6.3424
15.4047    10.7469    6.2613
15.4897    10.5781    6.1761
15.586     10.4998    6.0945
15.6884    10.4337    6.0363
15.8191    10.3906    6.0064
15.9382    10.3648    6.0055
16.0806    10.3781    6.058
16.1647    10.4631    6.149
16.2846    10.5986    6.2702
16.3673    10.7601    6.3745
16.5115    10.9085    6.4465
16.6683    10.9825    6.5935
16.7313    11.1853    6.747
16.7512    11.3774    6.8932
16.7233    11.6237    7.0756
16.6632    11.7457    7.181
16.5998    11.8637    7.2768
16.5368    11.9635    7.4294
16.4237    12.0754    7.5534
16.3631    12.114     7.702
16.2813    12.1648    7.8341
16.1442    12.1834    7.948
15.9544    12.171     8.0432
15.8096    12.1567    8.0262




































































































































































15.9038    10.4213    6.0104     NASP-PR
15.8941    10.2901    5.9084
15.9019    10.1669    5.8224
15.8933    10.0719    5.704
15.9222    10.0103    5.5912
15.932     9.9755     5.4907
15.9283    9.9706     5.3736

































































































































































































15.3982    12.9487    8.0979     R-PM/MAX
15.3246    12.8632    7.9705
15.2633    12.717     7.826
15.2256    12.5155    7.6064
15.157     12.3229    7.4157
15.0993    12.1473    7.2675
15.0227    11.9819    7.1334
15.0047    11.7918    6.9678
14.9654    11.6015    6.8352
14.9048    11.4354    6.7029
14.8672    11.2596    6.5337
14.811     11.1366    6.3634
14.692     11.0049    6.0873
14.6492    10.9564    5.9251
14.6021    10.8773    5.7715
14.524     10.852     5.6106
14.5188    10.8095    5.4236
14.7137    10.785     5.1984






















































































































































































16.4937    12.7278    7.9895     L-PM/MAX
16.5028    12.5508    7.8666
16.5492    12.4286    7.7274
16.6142    12.2694    7.5485
16.6849    12.1348    7.3965
16.729     11.966     7.2697
16.7834    11.8603    7.1751
16.7981    11.7123    7.0798
16.814     11.5716    6.9675
16.819     11.4478    6.8951
16.8554    11.306     6.8128
16.9093    11.203     6.6831
16.8981    11.1079    6.5345
17.0149    10.984     6.3965
17.1238    10.8678    6.1907
17.1602    10.7923    6.0325
17.211     10.7403    5.9067
17.2451    10.7296    5.773
17.2343    10.6862    5.5647
17.2226    10.6876    5.4208
17.2215    10.7844    5.3064



















































































































































































13.822     13.3674    4.897      ROSTRUM
13.8146    13.4387    5.24
13.8345    13.5107    5.6666
13.9238    13.5504    5.9554
14.0121    13.5362    6.271
14.114     13.551     6.4438
14.1955    13.5535    6.8106
14.2304    13.5938    7.036
14.2949    13.5704    7.2172
14.3796    13.6318    7.3893
14.4336    13.6202    7.4647
14.5575    13.6564    7.6575
14.6884    13.6641    7.7788
14.7971    13.6762    7.8738
14.9752    13.657     7.9609
15.0772    13.6494    8.0625
15.2456    13.6811    8.2452
15.3536    13.6648    8.4071
15.4974    13.6593    8.5987
15.589     13.6525    8.7036
15.7417    13.6429    8.8313
15.8608    13.6108    8.8755
15.9224    13.6256    8.894
16.0899    13.7206    8.8809
16.1851    13.7281    8.8171
16.282     13.7522    8.6954
16.4872    13.7458    8.5102
16.6176    13.6963    8.3609
16.8209    13.6604    8.1805
16.9379    13.635     8.0804
17.1131    13.5967    7.9476
17.2674    13.5927    7.8664
17.4378    13.5595    7.7667
17.6022    13.5377    7.6555
17.7049    13.5532    7.515
17.821     13.543     7.2975
17.9298    13.5377    7.1513
18.0234    13.5285    6.9288
18.0594    13.5324    6.7476
18.1294    13.5502    6.5222
18.2005    13.5427    6.3453
18.2745    13.5564    6.1626
18.3347    13.552     5.9622
18.3744    13.5709    5.8067
18.4392    13.6472    5.5657
18.4333    13.6796    5.3803
18.4057    13.7424    5.1376

























































































































































9999       9999       9999       SUPORB
15.8267    14.9893    11.1141
16.0433    15.004     11.1319
16.3336    15.0405    11.1892
16.6361    15.0701    11.2879
16.9856    15.0802    11.2986
17.2239    15.1457    11.2812
17.5238    15.1919    11.2537
17.8765    15.2859    11.1699
18.2059    15.4455    11.0878
18.3254    15.5459    11.055
18.5288    15.6174    10.9574
18.719     15.6973    10.8561
18.8862    15.729     10.7261
18.9833    15.7823    10.6306
19.0872    15.8114    10.5222
19.1694    15.8371    10.4334
19.2067    15.8971    10.3619
19.4711    16.025     9.7699
19.508     16.0241    9.6174
19.5071    15.9972    9.509
19.5016    15.9508    9.3833


















































































































































































9999       9999       9999       RORBIT







































































































































































































9999       9999       9999       LORBIT







































































































































































































9999       9999       9999       RTEMFOS







































































































































































































9999       9999       9999       LTEMFOS







































































































































































































9999       9999       9999       OP
9999       9999       9999       BA
15.9041    16.705     9.9378     ST
16.0943    20.0157    10.615     IV
9999       9999       9999       R_PG
9999       9999       9999       R_ZTI
14.1487    16.2369    10.5242    R_M3D
13.6729    17.9246    10.908     R_M12
14.4643    20.2629    10.9985    R_MP3
14.9227    20.9004    11.0484    R_PMI
9999       9999       9999       L_PG
9999       9999       9999       L_ZTI
17.7377    16.2821    10.5815    L_M3D
18.3573    17.6621    10.9062    L_M12
17.8349    20.1117    10.98      L_MP3
17.2011    20.7927    10.9664    L_PMI
16.7276    21.2299    10.0176    O1
19.5693    16.1428    5.9735     O2
12.7584    13.3717    6.1634     O3
16.3746    9.5335     6.7981     O4




















































































































































































9999       9999       9999       RZYGINF







































































































































































































9999       9999       9999       LZYGINF







































































































































































































14.0728    16.3531    10.577     R-ALV
13.9408    16.5987    10.578
13.7189    16.7683    10.5732
13.5955    17.0116    10.5875
13.5448    17.3675    10.6202
13.5686    17.618     10.695
13.6093    17.9183    10.7174
13.7086    18.2704    10.8715
13.7789    18.5238    10.9411
13.8275    18.7704    10.908
13.891     18.9791    10.9033
13.9533    19.3067    10.867
14.0671    19.4914    10.9185
14.1786    19.6821    10.9989
14.2569    19.9615    10.9797
14.3086    20.14      10.9444
14.379     20.2294    10.9715























































































































































































17.6733    16.3262    10.5742    L-ALV
17.8336    16.4179    10.5899
18.0868    16.6332    10.6307
18.2771    16.9045    10.6336
18.3506    17.1563    10.7176
18.3772    17.3699    10.8058
18.3626    17.5908    10.8702
18.3308    17.8466    10.8829
18.3109    18.0749    10.9279
18.2876    18.4291    10.966
18.2274    18.6681    10.9924
18.1033    18.9218    10.9487
18.0447    19.1488    10.8643
17.9902    19.3961    10.8532
17.9724    19.5498    10.831
17.926     19.6539    10.8782
17.8832    19.8407    10.9362
17.8589    19.9945    10.9358
17.8126    20.1023    10.9956
17.747     20.1594    11.0755
17.6796    20.2995    11.1369
