TMP        T 10       Pi7sfv
9999       9999       9999       IN
9999       9999       9999       BR
14.0425    13.2462    9.8297     GL
14.0951    13.1881    9.6224     NA
9999       9999       9999       RH
9999       9999       9999       NS
9999       9999       9999       PR
9999       9999       9999       R_PR2
9999       9999       9999       R_PMS
11.1016    13.1366    5.3995     R_ZMI
11.7991    13.1231    7.5635     R_ZMU
9999       9999       9999       R_DA
9999       9999       9999       R_MTI
9999       9999       9999       R_MTS
10.7102    14.4309    8.8634     R_FMO
10.2597    15.0497    8.8098     R_FMT
9999       9999       9999       R_PO
9.725      14.7928    6.7117     R_ZTS
9999       9999       9999       L_PR2
9999       9999       9999       L_PMS
17.1863    12.9549    5.4051     L_ZMI
15.9831    13.1836    7.5066     L_ZMU
9999       9999       9999       L_DA
15.9165    13.8944    10.1531    L_MTI
15.9509    14.0951    10.6704    L_MTS
17.3398    13.9556    8.7771     L_FMO
17.9337    14.8199    8.9501     L_FMT
17.6487    18.3757    6.7051     L_PO
18.517     14.6085    6.7626     L_ZTS
15.6919    10.6349    5.2439     O1
16.9322    15.2349    9.963      O2
10.2541    17.1533    6.9741     O3
15.3118    20.5576    9.3361     O4







































































































































































9999       9999       9999       GLRH







































































































































































































9999       9999       9999       NOSE







































































































































































































9999       9999       9999       NASP-PR







































































































































































































9999       9999       9999       R-PM/MAX







































































































































































































9999       9999       9999       L-PM/MAX







































































































































































































9999       9999       9999       ROSTRUM







































































































































































































9999       9999       9999       SUPORB
14.1365    13.6119    10.2887
14.41      13.5888    10.3639
14.6326    13.6635    10.4266
14.8748    13.7509    10.5001
15.1054    13.849     10.5845
15.3148    13.9407    10.6485
15.5884    14.0014    10.6749
15.7769    14.1068    10.6867
16.0191    14.1851    10.6825
16.2838    14.2528    10.5789
16.4281    14.3712    10.5487
16.7437    14.547     10.351
16.9345    14.7367    10.2117
17.1833    14.8763    10.0789
17.433     14.9466    9.8919
17.4894    15.014     9.7807
17.6223    14.9959    9.644
17.6717    14.8824    9.5468
17.8417    14.9124    9.1678
17.9555    14.7792    8.8921



















































































































































































9999       9999       9999       RORBIT







































































































































































































9999       9999       9999       LORBIT







































































































































































































10.0894    14.7258    8.3163     RTEMFOS
10.0007    14.6297    8.2015
9.9992     14.4995    8.0769
10.0273    14.4177    7.9123
10.0929    14.3097    7.7943
10.1357    14.1714    7.6413
10.1722    14.0916    7.5015
10.1751    14.0654    7.3347
10.1803    14.0409    7.1399
10.1526    14.0401    6.9539
10.1129    14.0221    6.8171
10.0411    14.047     6.6178
9.9543     14.1626    6.5549
9.8612     14.2782    6.5678
9.8213     14.3647    6.5653
9.778      14.4377    6.5549
9.7299     14.5471    6.5443























































































































































































17.9531    14.8417    8.7958     LTEMFOS
18.0312    14.7347    8.5715
18.0756    14.5936    8.3761
18.0848    14.3915    8.2109
18.0604    14.1932    8.0118
18.0312    14.0552    7.8293
17.9817    13.9072    7.5812
18.0068    13.8622    7.3536
18.1247    13.9254    7.1387
18.2223    14.0263    6.9273
18.3454    14.1714    6.8194
18.4353    14.3675    6.7479
18.4409    14.4825    6.8195



























































































































































































13.4553    10.7383    10.7017    OP
13.7357    12.6299    9.9137     BA
14.3523    15.8776    7.6694     ST
9999       9999       9999       IV
9999       9999       9999       R_PG
9.7707     14.3799    7.7994     R_ZTI
12.8232    15.784     8.1658     R_M3D
9999       9999       9999       R_M12
9999       9999       9999       R_MP3
9999       9999       9999       R_PMI
16.9729    11.5085    9.2446     L_PG
18.5866    12.9188    8.1245     L_ZTI
15.6936    15.2255    8.264      L_M3D
16.9676    17.7708    8.0181     L_M12
9999       9999       9999       L_MP3
9999       9999       9999       L_PMI
16.4963    18.3905    6.4569     O1
17.0316    11.8633    4.6421     O2
9.9619     12.8071    7.6003     O3
14.2873    7.9164     7.6621     O4




















































































































































































11.179     16.7002    7.0818     RZYGINF
10.9482    16.6126    7.0597
10.7422    16.5094    7.1002
10.5721    16.359     7.1427
10.4216    16.1915    7.1785
10.3201    16.0416    7.2226
10.1938    15.8465    7.2929
10.0841    15.696     7.3996
9.9622     15.4681    7.5047
9.8952     15.259     7.5329
9.8569     15.1162    7.56
9.8299     14.9529    7.6098




























































































































































































17.7269    16.0089    7.5817     LZYGINF
17.9132    15.8146    7.621
18.0838    15.6122    7.666
18.3372    15.3075    7.7502
18.4552    15.0132    7.7224
18.4831    14.8688    7.7604
18.6148    14.4542    7.8566
18.6214    14.1767    7.8204
18.7242    13.8315    7.8863
18.7578    13.6111    7.9535
18.7157    13.2683    8.0107
18.6451    13.0809    8.0607
18.6219    12.9451    8.1087
18.576     12.8639    8.1756
18.5489    12.7545    8.1788

























































































































































































9999       9999       9999       R-ALV







































































































































































































9999       9999       9999       L-ALV
