TMP        T 13       Pi8stv
13.3202    22.5524    7.2038     IN
9999       9999       9999       BR
14.5978    14.3134    10.2896    GL
14.5397    14.3021    9.8905     NA
14.6096    12.0638    7.367      RH
9999       9999       9999       NS
9999       9999       9999       PR
9999       9999       9999       R_PR2
9999       9999       9999       R_PMS
9999       9999       9999       R_ZMI
9999       9999       9999       R_ZMU
9999       9999       9999       R_DA
9999       9999       9999       R_MTI
9999       9999       9999       R_MTS
9999       9999       9999       R_FMO
9999       9999       9999       R_FMT
9999       9999       9999       R_PO
9999       9999       9999       R_ZTS
9999       9999       9999       L_PR2
15.0766    12.5915    7.4534     L_PMS
17.1128    14.3665    5.3777     L_ZMI
15.8133    14.2047    7.659      L_ZMU
14.7622    14.6218    9.2602     L_DA
16.2317    14.8166    9.9942     L_MTI
16.2454    15.2764    10.5868    L_MTS
17.4099    15.3224    8.6453     L_FMO
17.7841    16.2045    8.6063     L_FMT
17.2352    19.5083    6.839      L_PO
18.0657    16.3879    6.7491     L_ZTS
14.6163    10.2148    6.2363     O1
11.8809    14.5742    5.8136     O2
18.2234    16.9679    6.0661     O3
14.8672    22.5414    7.6891     O4







































































































































































14.5783    14.2933    10.097     GLRH
14.5538    14.2949    9.8494
14.5272    14.2936    9.6748
14.5213    14.256     9.5496
14.5348    14.2191    9.4301
14.5049    14.2163    9.3224
14.5383    13.8746    8.4477
14.5731    13.7187    8.347
14.5811    13.5817    8.2577
14.5786    13.4444    8.1677
14.5564    13.2941    8.1421
14.5505    13.1288    8.058
14.5638    13.0427    7.927
14.5435    12.8796    7.8967
14.5791    12.7334    7.807
14.6188    12.5763    7.7014
14.6398    12.505     7.6515
14.6381    12.4049    7.5485
14.654     12.273     7.5606
14.6593    12.1448    7.484
14.6815    12.0401    7.397



















































































































































































9999       9999       9999       NOSE







































































































































































































9999       9999       9999       NASP-PR







































































































































































































9999       9999       9999       R-PM/MAX







































































































































































































9999       9999       9999       L-PM/MAX







































































































































































































9999       9999       9999       ROSTRUM
14.548     13.0952    7.9217
14.6378    13.0701    7.9573
14.7453    13.102     7.9059
14.9132    13.1113    7.7924
15.0894    13.087     7.6347
15.1765    13.0242    7.4493
15.3005    13.0482    7.2612
15.3817    13.0829    7.1108
15.5441    13.1051    6.8692
15.691     13.1029    6.6036
15.7721    13.0741    6.4604
15.8588    13.0845    6.2767
15.8251    13.1538    5.9041
15.8108    13.2005    5.6779
15.8547    13.2179    5.4466
15.915     13.1917    5.2141
16.0413    13.2758    5.1074
16.2039    13.2986    4.9938
16.355     13.3119    4.9179
16.425     13.3405    4.7004
16.4433    13.3499    4.4586
16.4303    13.3553    4.2115

















































































































































































9999       9999       9999       SUPORB
14.5751    14.6125    10.6119
14.7801    14.6492    10.6577
14.9282    14.7659    10.6919
15.148     14.8369    10.7158
15.2987    14.9039    10.7067
15.4742    14.9704    10.702
15.6792    15.0073    10.6901
15.8736    15.0723    10.6525
16.0653    15.1358    10.6291
16.3106    15.1948    10.5872
16.4637    15.2278    10.5473
16.6298    15.2984    10.4781
16.8121    15.3697    10.4184
16.9986    15.4754    10.3315
17.211     15.6789    10.1128
17.4189    15.7455    9.8949
17.5719    15.8838    9.6366
17.6962    15.9878    9.3376
17.7264    16.0057    9.2564
17.758     16.0826    9.1597
17.7841    16.1613    9.004
17.7617    16.197     8.9135
17.7933    16.1855    8.7081
17.8083    16.1951    8.5238















































































































































































9999       9999       9999       RORBIT







































































































































































































15.7868    14.1781    7.6531     LORBIT
16.0564    14.3016    7.5514
16.2987    14.4154    7.5414
16.4983    14.5329    7.5823
16.7001    14.6536    7.6574
16.8144    14.773     7.7397
16.9637    14.8945    7.8597
17.0928    15.0151    8.0325
17.2278    15.1505    8.2016
17.3183    15.2107    8.3305
17.4061    15.2911    8.5399
17.456     15.329     8.9638
17.4621    15.2667    9.2191
17.3479    15.1765    9.5168
17.1802    15.1071    9.7676
16.9466    15.0099    9.9839
16.6515    14.9068    10.0411
16.4096    14.8573    9.9825
16.239     14.8231    9.9638
16.0405    14.7627    9.9789
15.8158    14.7376    9.9409
15.6427    14.6895    10.0764
15.4191    14.634     10.1855
15.1662    14.5593    10.1039
14.9736    14.5357    9.9357
14.8889    14.5498    9.7653
14.8254    14.5491    9.5871
14.8135    14.5772    9.4328
14.7617    14.5016    9.3194











































































































































































9999       9999       9999       RTEMFOS







































































































































































































17.8144    16.1542    8.5247     LTEMFOS
17.8606    15.9739    8.19
17.852     15.8858    8.0438
17.8501    15.7483    7.8936
17.8278    15.7097    7.6981
17.7938    15.603     7.5194
17.794     15.546     7.4306
17.7477    15.4656    7.3237
17.7157    15.4475    7.1724
17.7448    15.4439    7.0359
17.7625    15.4763    6.8689
17.7868    15.5611    6.7148
17.8499    15.6433    6.6585
17.9431    15.7826    6.6509
17.9996    15.9012    6.6415
18.0767    16.3999    6.7612
























































































































































































13.7749    9.8402     8.7273     OP
13.9071    11.4218    8.993      BA
14.0519    15.4415    9.2649     ST
14.2404    18.9748    10.5399    IV
9999       9999       9999       R_PG
9999       9999       9999       R_ZTI
12.2744    15.1784    9.4464     R_M3D
9999       9999       9999       R_M12
9999       9999       9999       R_MP3
9999       9999       9999       R_PMI
9999       9999       9999       L_PG
17.8623    13.0408    8.3924     L_ZTI
15.7097    14.9364    9.6575     L_M3D
16.1723    16.783     10.907     L_M12
9999       9999       9999       L_MP3
9999       9999       9999       L_PMI
14.3927    20.3688    9.0935     O1
11.7288    15.855     8.9349     O2
18.1837    13.7942    8.6645     O3
14.9598    8.2308     6.3264     O4




















































































































































































9999       9999       9999       RZYGINF







































































































































































































9999       9999       9999       LZYGINF







































































































































































































9999       9999       9999       R-ALV







































































































































































































9999       9999       9999       L-ALV
