UWMA       T?         Ppa6stv
9999       9999       9999       IN
-16.4557   17.4956    6.1658     BR
-18.9932   18.5345    10.2902    GL
-18.9933   18.5127    10.2874    NA
9999       9999       9999       RH
-24.363    23.7827    13.4701    NS
-25.0817   24.499     13.7158    PR
-24.5515   24.9906    13.7806    R_PR2
9999       9999       9999       R_PMS
-19.3645   24.3495    10.2081    R_ZMI
-19.0436   21.6123    10.6585    R_ZMU
-19.3331   19.6588    10.3452    R_DA
-17.1863   19.661     10.3618    R_MTI
-16.8906   19.4102    10.3666    R_MTS
-16.8424   21.5838    10.2527    R_FMO
-16.165    21.8549    9.9773     R_FMT
9999       9999       9999       R_PO
-16.9685   24.596     9.7488     R_ZTS
-25.6465   24.0079    13.3077    L_PR2
9999       9999       9999       L_PMS
9999       9999       9999       L_ZMI
9999       9999       9999       L_ZMU
-19.7109   18.9689    9.7116     L_DA
9999       9999       9999       L_MTI
9999       9999       9999       L_MTS
9999       9999       9999       L_FMO
9999       9999       9999       L_FMT
9999       9999       9999       L_PO
9999       9999       9999       L_ZTS
-24.3055   27.0947    12.3916    O1
-23.4572   20.8901    8.9224     O2
-17.599    24.5018    10.3603    O3
-14.8567   19.5349    5.9458     O4







































































































































































9999       9999       9999       GLRH







































































































































































































9999       9999       9999       NOSE







































































































































































































-24.5007   23.8114    13.4916    NASP-PR
-24.7417   23.9628    13.6601
-24.8248   24.1328    13.6769
-24.9482   24.2746    13.7505
-25.0098   24.425     13.7554
-25.0939   24.4889    13.7361


































































































































































































9999       9999       9999       R-PM/MAX







































































































































































































9999       9999       9999       L-PM/MAX







































































































































































































9999       9999       9999       ROSTRUM







































































































































































































-16.1828   21.8566    9.9562     SUPORB
-16.1113   21.6904    9.9571
-16.0478   21.438     9.9616
-15.9856   21.2322    10.0227
-15.9761   20.9893    10.0739
-15.97     20.7207    10.0881
-16.112    20.4909    10.1743
-16.2289   20.2035    10.2867
-16.4309   19.9317    10.3552
-16.6086   19.7259    10.3614
-16.8407   19.4967    10.3898
-17.0295   19.2791    10.3441
-17.1816   19.1121    10.3026
-17.377    18.9643    10.2571
-17.5734   18.7576    10.1597
-17.8133   18.6157    10.1541
-18.1066   18.4386    10.0726
-18.3829   18.4014    10.1313
-18.5791   18.3091    10.1051
-18.7448   18.3123    10.1232
-18.8296   18.3105    10.1546



















































































































































































-19.0474   21.6281    10.7002    RORBIT
-18.7767   21.778     10.7021
-18.4572   21.9691    10.5139
-18.1199   22.0996    10.5263
-17.702    22.0719    10.429
-17.4633   22.0229    10.4088
-17.1776   21.9053    10.327
-16.8797   21.6414    10.2882
-16.8066   21.4402    10.2861
-16.6767   21.2946    10.1853
-16.5864   20.6773    10.3388
-16.7466   20.2167    10.4802
-16.9046   19.9772    10.5004
-17.0689   19.7396    10.5476
-17.2771   19.5126    10.5136
-17.608    19.2488    10.3764
-17.6938   19.1115    10.3337
-18.2323   18.9466    10.2759
-18.4608   18.9708    10.2717
-18.702    19.0761    10.2967
-18.8373   19.1775    10.3146
-18.8885   19.2193    10.3003


















































































































































































9999       9999       9999       LORBIT







































































































































































































-16.224    21.9302    10.0192    RTEMFOS
-16.3575   22.1788    10.1181
-16.4968   22.3665    10.1929
-16.6657   22.4933    10.2416
-16.8368   22.6111    10.2852
-17.0426   22.7762    10.3663
-17.2615   23.0436    10.4608
-17.4254   23.3168    10.49
-17.5482   23.528     10.427
-17.538    23.689     10.3544
-17.5069   23.9023    10.3566
-17.4334   24.1119    10.2398
-17.3737   24.3038    10.1075
-17.2804   24.4293    10.023
-17.1849   24.5531    9.9549
-17.1074   24.5955    9.8401
-16.9924   24.6084    9.7552























































































































































































9999       9999       9999       LTEMFOS







































































































































































































9999       9999       9999       OP
9999       9999       9999       BA
-16.0013   18.2571    8.8461     ST
-13.4787   15.0536    7.4504     IV
-16.0909   23.8971    11.4806    R_PG
-12.9952   23.0229    9.7119     R_ZTI
-14.3387   18.9914    10.082     R_M3D
-12.6129   17.4947    9.2422     R_M12
-11.4879   15.5479    8.3058     R_MP3
-11.5109   14.43      7.6417     R_PMI
9999       9999       9999       L_PG
9999       9999       9999       L_ZTI
-17.348    16.5953    9.5502     L_M3D
-16.3658   14.6148    8.2928     L_M12
-14.6106   13.0851    7.6844     L_MP3
-13.3932   13.0125    7.2348     L_PMI
-10.6935   14.274     9.3414     O1
-17.4263   16.454     7.005      O2
-12.4069   21.4491    8.0633     O3
-18.1926   25.6087    7.0536     O4




















































































































































































-13.0559   20.0988    8.255      RZYGINF
-13.0211   20.2698    8.3036
-12.9395   20.4157    8.334
-12.8237   20.6601    8.4818
-12.7243   20.9072    8.5172
-12.6008   21.092     8.6924
-12.5791   21.3138    8.8849
-12.5875   21.4696    9.0678
-12.5726   21.5881    9.1985
-12.5995   21.7703    9.298
-12.6203   21.9482    9.354
-12.6198   22.0887    9.3923
-12.6807   22.2434    9.4313
-12.7634   22.4459    9.5048
-12.8076   22.6052    9.5432
-12.8891   22.823     9.6075
-12.9344   22.9896    9.6338























































































































































































9999       9999       9999       LZYGINF







































































































































































































-14.3133   19.0097    10.0212    R-ALV
-13.9907   18.8659    10.0083
-13.7636   18.7313    9.9151
-13.646    18.609     9.8247
-13.2633   18.3262    9.7063
-12.9096   18.0427    9.5908
-12.6644   17.7383    9.4182
-12.6343   17.5511    9.3609
-12.367    17.1245    9.3022
-12.2023   16.8633    9.1522
-12.1107   16.5702    9.0091
-11.9819   16.2735    8.8863
-11.9044   16.2158    8.8754
-11.7455   15.9719    8.7637
-11.6022   15.7968    8.6797
-11.556    15.6905    8.5278
-11.5332   15.5724    8.4676























































































































































































-17.4305   16.5302    9.416      L-ALV
-17.3802   16.0921    9.207
-17.2954   15.8016    9.1508
-17.1916   15.581     9.0499
-17.1599   15.5034    8.9995
-16.9281   15.1142    8.7731
-16.7803   14.9164    8.7259
-16.5893   14.6708    8.5841
-16.1952   14.4886    8.4264
-16.0631   14.3505    8.3414
-15.765    14.1299    8.272
-15.5861   13.9889    8.1494
-15.4368   13.8446    8.0535
-15.2572   13.6747    7.8934
-15.019    13.4128    7.7654
-14.892    13.3091    7.715
-14.8029   13.1972    7.6601
-14.6854   13.1202    7.649
-14.6169   13.0691    7.6199
