BPI        M3070      Ppb1
9999       9999       9999       IN
9999       9999       9999       BR
11.7947    13.1713    7.2445     GL
11.7861    13.1693    7.2433     NA
11.7124    10.6252    5.4762     RH
11.6535    8.7187     3.6043     NS
11.7054    8.0016     2.89       PR
9999       9999       9999       R_PR2
11.347     11.7563    5.6695     R_PMS
8.4388     13.1971    3.2399     R_ZMI
10.0742    13.1888    5.4018     R_ZMU
11.2917    13.3954    6.4109     R_DA
10.2343    13.9639    7.5644     R_MTI
10.7168    14.3442    8.0538     R_MTS
8.916      14.378     6.4461     R_FMO
8.5881     15.0845    6.6083     R_FMT
9999       9999       9999       R_PO
9999       9999       9999       R_ZTS
12.4009    8.245      2.9922     L_PR2
12.2614    11.5321    5.5351     L_PMS
15.2944    12.8886    3.3639     L_ZMI
13.7567    13.0124    5.315      L_ZMU
9999       9999       9999       L_DA
13.2092    13.6662    7.5706     L_MTI
13.3384    13.8467    7.9469     L_MTS
9999       9999       9999       L_FMO
9999       9999       9999       L_FMT
9999       9999       9999       L_PO
16.3505    14.4141    3.9739     L_ZTS
13.0064    9.1737     3.3638     O1
9.1302     15.4967    6.9428     O2
16.6546    16.7761    4.057      O3
10.1151    21.2507    2.7747     O4







































































































































































11.7849    13.2454    7.3444     GLRH
11.8102    13.087     7.124
11.8002    12.9723    6.969
11.8175    12.8838    6.8412
11.8196    12.8178    6.7351
11.8184    12.6977    6.6399
11.836     12.5422    6.5103
11.8169    12.4304    6.3931
11.8081    12.2403    6.2476
11.7751    12.0282    6.1289
11.7571    11.909     6.0742
11.7324    11.7275    5.9807
11.7194    11.5949    5.9152
11.7148    11.4767    5.8649
11.6933    11.2754    5.7759
11.7101    11.1184    5.7009
11.6951    10.9019    5.5991
11.7125    10.7751    5.5462
11.7134    10.7127    5.5096
11.711     10.601     5.4629




















































































































































































11.6551    10.6471    5.4705     NOSE
11.3562    10.6528    5.3403
11.2308    10.6524    5.1237
11.0922    10.6033    4.9221
11.0353    10.5009    4.7882
10.9702    10.3629    4.6184
10.8917    10.274     4.5205
10.8391    10.0717    4.3578
10.7945    9.8278     4.2299
10.7596    9.6019     4.0817
10.7833    9.4769     3.9706
10.9559    9.2795     3.8593
11.1234    9.0668     3.8141
11.2248    8.9945     3.7742
11.3852    8.8723     3.7501
11.4861    8.8267     3.7532
11.5704    8.764      3.6965
11.686     8.6839     3.6109
11.785     8.7982     3.6753
11.8767    8.9321     3.7135
12.0544    9.119      3.7466
12.1238    9.2736     3.7972
12.2875    9.3562     3.8696
12.3774    9.4461     3.9289
12.5068    9.5467     4.032
12.5584    9.7173     4.1678
12.5813    9.8396     4.2418
12.5833    9.9543     4.3204
12.534     10.0927    4.4479
12.4642    10.2088    4.5837
12.4197    10.3083    4.6634
12.3576    10.4399    4.7933
12.297     10.5645    4.9598
12.245     10.6006    5.0428
12.0846    10.596     5.2399
11.9754    10.6145    5.3497
11.9118    10.6572    5.4138
11.7935    10.6174    5.4505
11.7268    10.6162    5.4652

































































































































































11.6082    8.7165     3.5884     NASP-PR
11.6466    8.5134     3.4565
11.6414    8.3773     3.3261
11.656     8.3065     3.2373
11.6679    8.2152     3.1177
11.6763    8.1205     3.0444
11.7109    8.0349     2.9924
11.6965    8.0071     2.8971
































































































































































































11.2987    11.7267    5.6296     R-PM/MAX
11.2532    11.5263    5.4957
11.1984    11.3658    5.4175
11.145     11.1959    5.2926
11.0532    11.029     5.1018
10.9874    10.9134    4.9406
10.8977    10.801     4.809
10.8207    10.6418    4.6688
10.6995    10.42      4.5237
10.6356    10.2317    4.4405
10.5197    10.1095    4.2712
10.4414    9.9255     4.0874
10.3467    9.8144     3.9586
10.2859    9.6786     3.8096
10.2267    9.5609     3.6269
10.2077    9.4023     3.4829
10.1721    9.2912     3.3482
10.1733    9.203      3.1903
10.2001    9.0907     3.1531
10.2417    8.969      3.0665
10.313     8.8474     2.9044



















































































































































































9999       9999       9999       L-PM/MAX







































































































































































































9.2456     11.6728    2.3764     ROSTRUM
9.2284     11.7132    2.7399
9.2822     11.7482    3.0527
9.4554     11.7847    3.301
9.615      11.7831    3.5554
9.7734     11.7258    3.7979
9.8667     11.7839    4.0098
9.9769     11.8162    4.2348
10.1298    11.8282    4.391
10.2348    11.8204    4.5342
10.3882    11.9062    4.6865
10.585     11.929     4.8311
10.6907    11.9491    4.9114
10.809     11.9138    5.024
10.9217    11.9507    5.1602
11.026     11.9782    5.2826
11.1623    12.0442    5.5528
11.2552    12.0544    5.7065
11.3692    12.0572    5.8167
11.5206    12.084     6.0427
11.6515    12.1068    6.1315
11.7298    12.089     6.1575
11.8777    12.1241    6.1386
12.0086    12.1216    6.0831
12.1698    12.078     5.8944
12.2841    12.0395    5.7203
12.3851    12.024     5.5624
12.4696    12.0089    5.433
12.5841    11.9987    5.2955
12.6672    12.0075    5.1465
12.8104    11.9664    5.0009
12.9387    11.9439    4.8871
12.9984    11.9491    4.8457
13.1511    11.9429    4.7667
13.26      11.927     4.6637
13.3993    11.9203    4.5482
13.476     11.8952    4.4278
13.5501    11.8736    4.337
13.6486    11.8493    4.1756
13.7145    11.8278    4.0456
13.8015    11.7737    3.8392
13.8681    11.7499    3.7104
13.9472    11.7304    3.5411
14.0358    11.6991    3.3836
14.1059    11.6908    3.2944
14.1573    11.6917    3.1647
14.2352    11.7007    3.0648
14.317     11.6415    2.9133
14.2925    11.5663    2.6511
14.2793    11.5529    2.5067
14.2689    11.5855    2.3506
14.2714    11.6273    2.2888




















































































































































8.5572     14.9953    6.6127     SUPORB
8.6367     15.0418    6.7769
8.7742     15.0037    7.0114
8.9396     14.8587    7.1867
9.1139     14.87      7.3401
9.2931     14.8113    7.4778
9.5123     14.7464    7.6281
9.7459     14.6069    7.7381
9.9731     14.5741    7.8545
10.1092    14.475     7.9054
10.3809    14.4301    7.9756
10.5262    14.4319    8.0006
10.7058    14.4811    8.0541
10.9511    14.475     8.1037
11.1312    14.4235    8.1492
11.2507    14.2848    8.1449
11.3406    14.2408    8.1204
11.5149    14.0442    8.0682
11.7111    13.8538    7.9966
11.855     13.8067    7.9851
9999       9999       9999



















































































































































































10.0461    13.217     5.3924     RORBIT
9.7058     13.3586    5.3935
9.4451     13.5003    5.4649
9.2408     13.6771    5.5992
9.0385     13.899     5.7918
8.9714     14.0326    5.9541
8.9282     14.1669    6.0902
8.9783     14.3125    6.2749
8.8965     14.3997    6.4632
8.975      14.4533    6.6225
9.1214     14.4616    6.9661
9.2354     14.4247    7.1639
9.3886     14.3646    7.3084
9.5753     14.2662    7.4477
9.7349     14.1819    7.5111
9.9757     14.0978    7.4962
10.1574    14.0111    7.5483
10.3778    13.9279    7.5172
10.5375    13.8873    7.4461
10.6861    13.8696    7.611
10.9228    13.8527    7.6275
11.2039    13.7722    7.5409
11.3449    13.648     7.2917
11.4137    13.5797    7.0111
11.3254    13.5133    6.6129
11.2865    13.4112    6.372














































































































































































9999       9999       9999       LORBIT







































































































































































































9999       9999       9999       RTEMFOS







































































































































































































9999       9999       9999       LTEMFOS







































































































































































































11.4784    10.3168    8.354      OP
11.5311    12.2365    7.8246     BA
11.721     16.4234    5.38       ST
11.7243    19.6864    4.0342     IV
9999       9999       9999       R_PG
9999       9999       9999       R_ZTI
9.5265     16.3415    6.4353     R_M3D
9.1425     18.373     5.6557     R_M12
9.9297     20.3016    4.6601     R_MP3
10.417     20.7821    4.1998     R_PMI
9999       9999       9999       L_PG
16.4019    13.2828    5.5943     L_ZTI
13.7765    16.3063    6.1366     L_M3D
14.2168    18.2749    5.2079     L_M12
13.2378    20.3445    4.7494     L_MP3
12.9463    20.8492    4.3477     L_PMI
12.9866    20.2252    3.4159     O1
8.4501     13.4208    2.5132     O2
16.1132    12.4036    5.1934     O3
9.4597     9.2798     8.3204     O4




















































































































































































9999       9999       9999       RZYGINF







































































































































































































15.118     16.4406    4.5461     LZYGINF
15.2704    16.2495    4.5725
15.4067    16.194     4.5846
15.5448    16.1072    4.6116
15.6166    16.0387    4.6369
15.7732    15.93      4.6892
15.8381    15.8441    4.7567
15.902     15.699     4.8434
15.9452    15.6425    4.8836
16.0358    15.5237    4.9472
16.037     15.3446    4.993
16.0447    15.2192    5.0904
16.0834    15.0492    5.1509
16.0885    14.8392    5.2739
16.1035    14.6793    5.3477
16.0852    14.5082    5.4221
16.1365    14.2979    5.4849
16.2408    14.1026    5.5267
16.3442    13.9337    5.5209
16.3571    13.7353    5.5405
16.3371    13.5476    5.5767
16.3221    13.4716    5.5746
16.3593    13.3123    5.6038

















































































































































































9.5192     16.4776    6.5032     R-ALV
9.2944     16.7114    6.3634
9.1198     17.0645    6.3173
9.0348     17.3728    6.1913
9.0387     17.6626    5.9336
8.9803     17.9306    5.7857
9.0699     18.2651    5.7199
9.2267     18.5743    5.5205
9.2606     18.7567    5.3962
9.3574     18.981     5.2403
9.3988     19.0654    5.2058
9.5122     19.2677    5.073
9.5695     19.5131    4.9732
9.6942     19.7028    4.857
9.7481     19.8441    4.7596
9.785      19.9817    4.7115
9.8153     20.103     4.6632
9.8851     20.2966    4.5966
9.9489     20.3402    4.4718





















































































































































































13.9215    16.4466    6.1163     L-ALV
14.1332    16.8363    5.9655
14.2867    17.0574    5.8742
14.3161    17.3382    5.7266
14.349     17.523     5.6414
14.3594    17.7095    5.5288
14.3838    18.0666    5.3823
14.1423    18.2108    5.2106
14.1329    18.378     5.1425
14.0793    18.577     4.9959
14.0967    18.8824    4.9076
13.8585    19.117     4.789
13.7946    19.3541    4.6804
13.7284    19.6242    4.6565
13.6741    19.8383    4.5648
13.6134    20.143     4.5254
13.3492    20.3345    4.4988
