TMP        STS 254a   Ppb10stv
9999       9999       9999       IN
16.7137    18.304     11.4111    BR
16.4237    13.7631    10.4008    GL
16.431     13.765     10.4088    NA
16.2196    11.1519    8.2404     RH
16.1275    9.4246     6.5451     NS
16.1736    8.8798     5.7867     PR
15.3914    9.2842     5.6675     R_PR2
16.0107    12.8456    8.9585     R_PMS
13.3963    13.6269    5.8095     R_ZMI
14.7943    13.5363    8.2626     R_ZMU
15.9933    13.6591    9.2987     R_DA
14.9382    14.4902    10.4896    R_MTI
14.9013    14.7913    10.8292    R_MTS
13.6048    14.6752    9.0913     R_FMO
13.2268    15.5663    9.0971     R_FMT
13.7125    19.6902    6.4592     R_PO
12.6105    15.7579    6.7587     R_ZTS
17.0701    8.974      5.9323     L_PR2
16.7787    12.2551    8.6291     L_PMS
9999       9999       9999       L_ZMI
18.0987    12.992     8.643      L_ZMU
16.9678    13.5733    9.3988     L_DA
9999       9999       9999       L_MTI
9999       9999       9999       L_MTS
9999       9999       9999       L_FMO
9999       9999       9999       L_FMT
9999       9999       9999       L_PO
9999       9999       9999       L_ZTS
16.9656    9.4577     6.6965     O1
19.1021    15.2513    10.2539    O2
11.2655    17.1294    9.2391     O3
15.6325    21.5827    6.6638     O4







































































































































































16.4575    13.7247    10.3663    GLRH
16.4631    13.6407    10.2251
16.4234    13.5149    10.0392
16.4187    13.4089    9.8463
16.4101    13.2825    9.6799
16.397     13.1704    9.5195
16.4114    13.0345    9.3751
16.3833    12.9042    9.265
16.3778    12.7966    9.189
16.3477    12.6835    9.0805
16.3195    12.5187    8.9647
16.3299    12.4055    8.912
16.331     12.3124    8.8679
16.2925    12.1178    8.7858
16.301     12.0043    8.7574
16.2913    11.8645    8.6785
16.2806    11.7487    8.6199
16.2663    11.6541    8.5778
16.2357    11.5081    8.513
16.2476    11.3979    8.4612
16.2356    11.2956    8.4018
16.2206    11.2583    8.3626
16.2166    11.1366    8.2614

















































































































































































16.1944    11.1595    8.2895     NOSE
16.0359    11.1594    8.2092
15.931     11.3015    8.0374
15.8163    11.3311    7.8955
15.7913    11.2354    7.7712
15.7207    11.1624    7.6785
15.6833    11.0903    7.5892
15.6335    11.0189    7.4803
15.5272    10.9102    7.312
15.4305    10.773     7.156
15.4271    10.5726    7.0427
15.4244    10.3809    6.9533
15.443     10.2517    6.873
15.4976    10.1224    6.7833
15.5586    9.9802     6.7419
15.6031    9.8519     6.6967
15.6714    9.6993     6.6754
15.7303    9.6056     6.6348
15.811     9.5114     6.5746
15.9127    9.4252     6.5289
16.0375    9.3802     6.5013
16.1661    9.3354     6.5165
16.3319    9.3602     6.6106
16.4796    9.4288     6.725
16.5743    9.5132     6.7973
16.6681    9.633      6.8643
16.7845    9.7214     6.9207
16.7919    9.8593     6.9733
16.9016    10.1578    7.1579
16.9261    10.3192    7.1963
16.9551    10.3946    7.2855
16.8349    10.7122    7.5292
16.7975    10.851     7.5836
16.7947    10.9849    7.7443
16.7731    11.0839    7.8386
16.7145    11.178     7.9527
16.6145    11.2534    8.0704
16.485     11.2041    8.2101
16.3926    11.1646    8.2903
16.279     11.1573    8.2885
16.2366    11.1594    8.2671































































































































































16.0829    9.3478     6.5125     NASP-PR
16.0945    9.2626     6.4343
16.1095    9.187      6.3452
16.1059    9.1105     6.2117
16.1131    9.02       6.1099
16.1366    8.9723     6.0089
16.1491    8.9509     5.9536
16.1566    8.9228     5.8939
16.19      8.8938     5.7858































































































































































































16.0034    12.7622    8.8822     R-PM/MAX
15.955     12.6234    8.7559
15.9358    12.4966    8.6711
15.9245    12.3826    8.5951
15.8922    12.272     8.5192
15.8659    12.1557    8.4523
15.8322    12.0749    8.3481
15.8184    11.9789    8.2735
15.79      11.8921    8.179
15.7811    11.7655    8.0598
15.7283    11.6568    7.9127
15.6595    11.5326    7.7663
15.5864    11.3932    7.6186
15.4976    11.2939    7.5007
15.4153    11.1495    7.3653
15.3792    11.019     7.2622
15.3327    10.86      7.1845
15.3093    10.7461    7.1053
15.2934    10.5944    7.0379
15.2202    10.4887    6.8935
15.0893    10.4559    6.6643
14.9995    10.3338    6.5138
14.9172    10.1256    6.1255
14.8476    9.9751     5.9083
14.8666    9.852      5.7633
15.0774    9.7743     5.4993














































































































































































16.7953    12.117     8.5356     L-PM/MAX
16.799     12.0115    8.4842
16.831     11.9128    8.3623
16.8453    11.8259    8.2848
16.8597    11.7374    8.2059
16.9015    11.5852    8.0877
16.9427    11.4474    7.9762
16.9917    11.2822    7.8159
17.0327    11.1332    7.6943
17.0757    10.9868    7.6037
17.1061    10.7071    7.4825
17.1572    10.5243    7.3768
17.2282    10.3798    7.2296
17.2507    10.2241    7.1219
17.321     10.0779    7.0062
17.3663    9.9748     6.9112
17.4673    9.8186     6.7394
17.5368    9.6653     6.5282
17.6208    9.5743     6.4085
17.5866    9.4592     6.2292
17.5644    9.3659     6.0023
17.5607    9.4291     5.8041
17.4765    9.4924     5.6816

















































































































































































14.0748    12.7794    4.8423     ROSTRUM
14.0592    12.7666    5.1039
14.0012    12.7574    5.5126
13.9355    12.6887    5.808
14.0259    12.69      6.1107
14.0968    12.6907    6.3492
14.23      12.6623    6.6016
14.3218    12.6238    6.7214
14.4013    12.6188    6.876
14.5448    12.5532    7.1545
14.7271    12.4776    7.462
14.9241    12.5187    7.5815
15.0792    12.4862    7.7231
15.2997    12.4478    7.8981
15.4344    12.3929    7.957
15.5762    12.4067    8.0943
15.7162    12.3989    8.2678
15.884     12.3748    8.5658
15.9888    12.3906    8.6847
16.0948    12.3634    8.7853
16.2386    12.3386    8.8515
16.3234    12.3848    8.9031
16.2767    12.4644    8.9126
16.4844    12.468     8.9324
16.6511    12.4483    8.8534
16.7674    12.4312    8.7456
16.8924    12.3819    8.5784
16.9674    12.3803    8.4454
17.0744    12.3592    8.3513
17.1785    12.3403    8.2857
17.3782    12.3259    8.2696
17.5074    12.3166    8.2596
17.6587    12.3049    8.2487
17.776     12.2969    8.2391
17.9522    12.2862    8.2181
18.1316    12.228     8.1744
18.2971    12.2099    8.1276
18.4141    12.166     8.0655
18.5658    12.1433    7.873
18.6855    12.1191    7.7287
18.8093    12.0815    7.5781
18.9052    12.0374    7.4563
18.929     12.013     7.3062
19.0574    12.0051    7.1291
19.1068    11.95      6.9139
19.1273    11.9341    6.769
19.1597    11.9173    6.5982
19.1888    11.9304    6.3257
19.1951    11.8943    6.2029
19.1775    11.8859    5.9774
19.0763    11.893     5.7244
18.9969    11.9297    5.4857
18.9566    11.9473    5.3656



















































































































































13.2252    15.5245    9.175      SUPORB
13.2864    15.5592    9.3916
13.3222    15.5637    9.5773
13.4066    15.5312    9.8215
13.5574    15.4675    10.0221
13.7013    15.4465    10.1753
13.8598    15.3755    10.319
13.9987    15.3124    10.4411
14.1545    15.2438    10.5326
14.3175    15.1536    10.6249
14.499     15.0595    10.6843
14.6264    14.941     10.7401
14.884     14.8053    10.8122
15.0685    14.728     10.845
15.2875    14.6184    10.8578
15.5592    14.5515    10.8954
15.5611    14.5546    10.8873
15.6858    14.4709    10.9037
15.872     14.397     10.9003
16.0634    14.3574    10.8898
16.2054    14.2708    10.8611
16.3307    14.217     10.8305
16.4292    14.1669    10.8141
16.5309    14.104     10.7826
9999       9999       9999















































































































































































14.7365    13.659     8.1888     RORBIT
14.5671    13.7193    8.2205
14.3406    13.8074    8.2391
14.1423    13.9279    8.2854
13.9469    14.0863    8.4249
13.7923    14.2515    8.5682
13.7412    14.4213    8.7416
13.7189    14.6002    8.944
13.6474    14.7246    9.1789
13.6871    14.8103    9.3765
13.7241    14.8311    9.6068
13.8544    14.8127    9.8685
14.0197    14.7739    10.1538
14.1928    14.7477    10.2786
14.4285    14.7086    10.3642
14.684     14.5915    10.4334
14.9007    14.4239    10.5277
15.075     14.3552    10.5369
15.2935    14.3184    10.5078
15.5113    14.2637    10.539
15.7718    14.2156    10.5038
15.9026    14.2046    10.4522
16.0031    14.1097    10.3531
16.0761    13.9486    10.0366
16.0938    13.8999    9.8888
16.0795    13.784     9.6783
16.0473    13.7059    9.4754
16.0073    13.6909    9.377
15.9873    13.6569    9.2814
15.9292    13.5497    9.2051










































































































































































9999       9999       9999       LORBIT







































































































































































































13.1893    15.4479    9.0469     RTEMFOS
13.1755    15.3855    8.8148
13.1228    15.2943    8.632
13.1083    15.1327    8.5023
13.0985    14.9983    8.3422
13.0659    14.8681    8.1344
13.0538    14.7546    7.9192
13.033     14.6687    7.7122
12.9973    14.6367    7.5271
12.9486    14.5519    7.3466
12.8578    14.6272    7.1013
12.7737    14.7613    6.9635
12.7026    14.9351    6.8417
12.6504    15.2065    6.7957
12.6462    15.3828    6.8087
12.6475    15.511     6.7933
12.6372    15.6283    6.7829
12.6341    15.7125    6.7879






















































































































































































9999       9999       9999       LTEMFOS







































































































































































































9999       9999       9999       OP
16.4765    15.5265    10.9297    BA
16.6606    19.1496    8.1307     ST
9999       9999       9999       IV
9999       9999       9999       R_PG
11.8737    17.1224    9.2259     R_ZTI
14.6009    19.4379    9.3785     R_M3D
14.0852    20.9804    8.2605     R_M12
14.9389    22.5361    6.9975     R_MP3
15.5635    23.1258    6.4054     R_PMI
9999       9999       9999       L_PG
9999       9999       9999       L_ZTI
18.5788    18.9254    8.9959     L_M3D
19.136     20.7427    7.9826     L_M12
18.7416    22.4028    6.7237     L_MP3
18.0048    22.8795    6.092      L_PMI
17.7839    22.3644    5.3158     O1
18.8851    15.4386    5.79       O2
10.731     15.3324    6.6749     O3
14.2378    12.538     11.7363    O4




















































































































































































13.2432    19.69      8.16       RZYGINF
13.1605    19.5349    8.048
13.0243    19.416     7.9786
12.8569    19.3343    8.0097
12.6318    19.2933    8.1076
12.5146    19.188     8.2104
12.4181    19.0756    8.2891
12.335     18.9499    8.3743
12.2766    18.8084    8.4297
12.2168    18.6771    8.4821
12.1807    18.5424    8.5448
12.1532    18.394     8.6037
12.1202    18.2792    8.6523
12.0695    18.1485    8.7059
12.0324    18.0308    8.7811
12.0121    17.9311    8.8367
11.9479    17.7822    8.8843
11.9128    17.6677    8.9543
11.878     17.401     9.095
11.8397    17.2903    9.1241
11.8234    17.218     9.1548
11.8089    17.0694    9.1271


















































































































































































9999       9999       9999       LZYGINF







































































































































































































14.5674    19.3676    9.3056     R-ALV
14.2672    19.5434    9.2091
14.1168    19.7991    8.999
14.0784    20.0165    8.8563
14.0112    20.1796    8.7594
13.8417    20.4702    8.6959
13.862     20.718     8.5753
14.0367    20.8679    8.44
14.1677    21.2254    7.9564
14.1721    21.3829    7.7433
14.2668    21.5584    7.6049
14.3593    21.6841    7.5102
14.5519    21.7145    7.3546
14.6045    21.7923    7.22
14.6797    21.9251    7.1919
14.7145    22.0727    7.123
14.7674    22.1837    7.0559
14.8134    22.297     6.9891
14.8206    22.3487    6.9631
14.8879    22.4727    6.8307




















































































































































































18.6102    18.9806    9.0845     L-ALV
18.7398    19.1745    9.0236
18.8624    19.3514    8.912
18.9612    19.5037    8.8263
19.0404    19.6981    8.6779
19.0771    19.8651    8.592
19.1858    20.0113    8.463
19.1902    20.3457    8.2388
19.2151    20.556     8.0252
19.1543    20.8274    7.9168
19.1473    21.0745    7.923
19.1888    21.2901    7.7039
19.1091    21.5761    7.5591
18.9671    21.708     7.3987
18.9457    21.8075    7.2892
18.9208    21.9693    7.2484
18.8736    22.1442    7.1229
18.8798    22.1973    7.0101
18.8518    22.2536    6.9068
18.7679    22.3976    6.7005
