UWMA       MP 224     Ppb5stv
9.9499     25.86      5.3193     IN
10.1883    22.0479    8.772      BR
10.5305    16.3501    7.4041     GL
10.5479    16.3597    7.4152     NA
10.8237    14.1644    5.0691     RH
10.9647    12.8753    3.2909     NS
10.9575    12.3491    2.7948     PR
10.3079    12.5299    2.7825     R_PR2
10.4334    15.3212    5.9488     R_PMS
7.4742     16.4488    3.4145     R_ZMI
8.9953     16.2646    5.3943     R_ZMU
10.1676    16.3534    6.3985     R_DA
9.0913     17.0792    7.7527     R_MTI
9.0781     17.2418    8.2212     R_MTS
7.8021     17.0986    6.5895     R_FMO
7.3834     17.6007    6.8669     R_FMT
6.3828     22.0217    4.2752     R_PO
6.3012     17.7541    4.4511     R_ZTS
11.6967    12.6129    2.8817     L_PR2
11.135     15.3707    5.8157     L_PMS
13.7798    16.9074    3.4941     L_ZMI
12.2542    16.5341    5.3227     L_ZMU
11.1843    16.3933    6.1569     L_DA
11.9546    17.1271    7.723      L_MTI
11.9421    17.3189    8.169      L_MTS
13.2739    17.5151    6.5844     L_FMO
13.5428    18.0241    6.8022     L_FMT
13.7538    22.6392    4.2245     L_PO
14.6571    18.3527    4.2652     L_ZTS
11.8375    13.178     3.4157     O1
7.6158     17.9394    7.3097     O2
15.0312    20.5358    4.2769     O3
10.8329    25.7804    4.8181     O4







































































































































































10.5488    16.5407    7.7306     GLRH
10.5478    16.4643    7.6046
10.5669    16.3844    7.3973
10.5922    16.2724    7.206
10.5956    16.1498    7.0212
10.6171    16.047     6.8291
10.6346    16.0096    6.6938
10.6781    15.89      6.5232
10.698     15.7626    6.4142
10.7184    15.6614    6.2961
10.7306    15.52      6.2155
10.7312    15.3673    6.0981
10.7007    15.1359    5.9757
10.7056    14.8928    5.7824
10.7443    14.684     5.5589
10.7667    14.5689    5.4621
10.7829    14.252     5.1415























































































































































































10.805     14.211     5.096      NOSE
10.5514    14.2714    5.052
10.3792    14.3152    4.8628
10.2068    14.2944    4.7066
10.1573    14.2153    4.486
10.0682    14.002     4.2722
10.0793    13.7544    4.0606
10.0891    13.6611    3.9821
10.1307    13.5704    3.8979
10.1932    13.4358    3.8112
10.2543    13.3105    3.7118
10.3099    13.1914    3.6721
10.3852    13.1208    3.6187
10.4501    13.0094    3.5517
10.5693    12.9212    3.4699
10.6797    12.8507    3.4114
10.7742    12.7796    3.3219
10.905     12.7919    3.2737
11.0063    12.7966    3.2557
11.1537    12.8083    3.3312
11.2908    12.8749    3.3984
11.4744    13.042     3.5028
11.5292    13.1637    3.5661
11.6397    13.2905    3.6062
11.7209    13.4094    3.6678
11.7731    13.5337    3.7752
11.8002    13.6456    3.8618
11.7917    13.7785    3.9622
11.7857    13.8774    4.0448
11.7781    13.9616    4.1164
11.7439    14.0758    4.2156
11.7007    14.1427    4.2921
11.6454    14.2201    4.3807
11.534     14.3065    4.5059
11.4659    14.3567    4.6702
11.3571    14.3947    4.7635
11.2031    14.3587    4.9693
11.0906    14.284     5.0969
10.876     14.1969    5.0349

































































































































































10.9715    12.8514    3.2795     NASP-PR
10.9962    12.6786    3.1698
10.9866    12.567     3.0571
10.9835    12.4625    2.9863
10.9631    12.3987    2.8852
10.9831    12.3974    2.7198


































































































































































































10.4452    15.2219    5.7578     R-PM/MAX
10.3853    14.9954    5.5085
10.2981    14.8398    5.3463
10.248     14.7078    5.1546
10.2041    14.567     5.0093
10.1767    14.4662    4.8289
10.1341    14.3913    4.7233
10.06      14.3182    4.6362
9.9942     14.1703    4.3807
9.8723     13.9276    4.1762
9.8893     13.4509    3.7766
9.8349     13.3351    3.5548
9.7726     13.1751    3.3882
9.7071     12.9985    3.1533
9.6337     12.9806    3.0202
9.6109     12.9595    2.8851
9.6152     13.0012    2.6324























































































































































































11.2003    15.2621    5.5982     L-PM/MAX
11.256     15.0671    5.3793
11.3273    14.9036    5.232
11.3848    14.7873    5.1173
11.4566    14.6793    4.9707
11.5006    14.5905    4.7852
11.5869    14.4922    4.6077
11.5991    14.3542    4.483
11.6962    14.2672    4.3708
11.7651    14.143     4.2501
11.8136    14.0246    4.1227
11.845     13.8609    3.9909
11.902     13.8006    3.9219
11.9448    13.6891    3.7689
12.0034    13.5419    3.6434
12.0289    13.4884    3.5314
12.1388    13.3281    3.2585
12.2277    13.3161    3.1
12.2922    13.3383    2.9997
12.2775    13.3438    2.8245
12.1905    13.3015    2.6311



















































































































































































8.2649     15.7605    2.4611     ROSTRUM
8.1981     15.7337    2.7263
8.175      15.7273    2.9459
8.1807     15.6966    3.1911
8.2812     15.6598    3.4271
8.4054     15.5759    3.6522
8.5568     15.5425    3.8494
8.7064     15.507     4.0666
8.856      15.4854    4.2858
8.9554     15.5164    4.4447
9.1148     15.5023    4.6002
9.2771     15.5099    4.7471
9.4511     15.4998    4.9002
9.6124     15.4873    5.0582
9.7249     15.5349    5.1897
9.8806     15.5439    5.3682
10.0771    15.543     5.5161
10.1927    15.5435    5.8193
10.3037    15.6193    6.0497
10.3702    15.59      6.1543
10.5067    15.6546    6.2275
10.6398    15.6874    6.2913
10.9067    15.6995    6.2095
11.0455    15.7134    6.1141
11.2309    15.7975    5.8144
11.3468    15.8202    5.6293
11.5139    15.8195    5.4187
11.7236    15.8022    5.2271
11.8824    15.7962    5.0825
11.9574    15.8089    4.9761
12.0546    15.8313    4.783
12.1891    15.8102    4.6265
12.3828    15.8152    4.3897
12.49      15.85      4.2637
12.6118    15.896     4.0948
12.7032    15.9489    3.8901
12.8346    15.9995    3.7434
12.9523    16.0383    3.5532
13.0176    16.0725    3.4101
13.0999    16.1323    3.1771
13.0647    16.1556    2.8832
13.0484    16.1965    2.6972
13.0033    16.2224    2.5124
12.9508    16.2795    2.3866
12.9505    16.2735    2.3687



























































































































































7.4268     17.5078    6.5992     SUPORB
7.443      17.5669    6.9163
7.5361     17.5981    7.1174
7.714      17.6168    7.3946
7.9154     17.5805    7.5818
8.0877     17.5766    7.6961
8.227      17.5716    7.8048
8.4138     17.5341    7.9407
8.5563     17.4778    8.0144
8.7557     17.4257    8.1188
8.8833     17.4179    8.1774
8.9765     17.3998    8.2315
9.1525     17.3652    8.2516
9.3555     17.2707    8.2816
9.51       17.2395    8.3128
9.6558     17.2175    8.3489
9.8624     17.1623    8.3242
10.0239    17.127     8.3262
10.1933    17.1064    8.3362
10.3424    17.0826    8.3023
10.5091    17.0232    8.2568
10.6379    16.9956    8.2468
10.6938    17.0602    8.2692
10.9209    17.1153    8.2907
11.1638    17.2033    8.3472
11.3741    17.258     8.3138
11.7032    17.3967    8.268
11.865     17.4504    8.2189
12.1783    17.4844    8.0715
12.4638    17.6125    7.9187
12.7024    17.717     7.7869
12.9024    17.7835    7.6398
13.0535    17.8365    7.5164
13.1545    17.9       7.453
13.2924    17.9314    7.3415
13.3946    17.947     7.2026
13.5207    17.9969    6.9219
13.5749    18.0527    6.7769
13.6145    18.0619    6.6184

































































































































































9.085      16.3965    5.3909     RORBIT
8.8045     16.4376    5.4286
8.6179     16.5104    5.4944
8.4305     16.5821    5.5743
8.2832     16.6831    5.6709
8.1124     16.7944    5.8285
7.9781     16.935     6.0518
7.9165     17.0228    6.2242
7.8282     17.1045    6.4891
7.8807     17.2022    6.8052
7.958      17.2083    7.0302
8.0469     17.2075    7.2163
8.2297     17.1687    7.3176
8.3925     17.1486    7.5184
8.5569     17.1492    7.6828
8.7773     17.1214    7.7222
8.9357     17.0914    7.7622
9.1995     17.0856    7.8318
9.4173     16.9818    7.9164
9.5967     16.9337    7.9393
9.7051     16.9186    7.9235
9.8181     16.9191    7.916
9.9487     16.9075    7.8825
10.0571    16.8906    7.7864
10.1291    16.8639    7.6843
10.1556    16.8384    7.5595
10.2903    16.5974    7.2938
10.2911    16.5264    7.1452
10.3332    16.4508    7.0055
10.281     16.4893    6.8587
10.2861    16.4344    6.6843
10.2723    16.3957    6.5683
10.2495    16.3537    6.4978
10.2261    16.3298    6.3583






































































































































































12.1898    16.5839    5.306      LORBIT
12.3897    16.6202    5.2774
12.5098    16.7843    5.3414
12.6497    16.8729    5.3881
12.742     16.9937    5.4565
12.8521    17.099     5.5442
13.0032    17.1802    5.7025
13.0614    17.282     5.8309
13.179     17.3302    6.0085
13.2494    17.4219    6.2127
13.2816    17.4838    6.3649
13.3272    17.5479    6.5732
13.2767    17.5533    6.7204
13.2306    17.5677    6.8859
13.1207    17.511     7.1304
12.971     17.492     7.2575
12.8548    17.4761    7.3514
12.6927    17.4079    7.5326
12.5249    17.3213    7.6495
12.2907    17.3043    7.6904
12.0781    17.2169    7.7192
11.8481    17.1119    7.7518
11.6202    17.0692    7.7896
11.4432    16.9355    7.8048
11.1132    16.7589    7.6682
11.0085    16.7105    7.4139
10.9939    16.6336    7.1179
10.984     16.6276    6.8911
11.0068    16.5808    6.6915
11.0511    16.5758    6.586
11.1281    16.4371    6.3811
11.1709    16.4068    6.2195








































































































































































7.4165     17.5197    6.6697     RTEMFOS
7.3722     17.3893    6.4967
7.3893     17.3092    6.2954
7.3447     17.2024    6.1201
7.3229     17.1347    5.943
7.318      17.0653    5.7592
7.312      17.02      5.6175
7.3024     16.929     5.4319
7.2782     16.8494    5.2505
7.1954     16.7992    5.0772
7.1544     16.7695    4.8826
7.0725     16.7158    4.7
6.9511     16.7536    4.5419
6.8045     16.8243    4.3638
6.7141     17.0081    4.3195
6.6659     17.1107    4.3206
6.5107     17.2865    4.3046
6.4211     17.3922    4.3247






















































































































































































13.6009    18.0575    6.7079     LTEMFOS
13.6608    17.9325    6.502
13.6864    17.85      6.2996
13.6727    17.7071    6.1576
13.7068    17.6571    6.0272
13.7377    17.6251    5.9316
13.721     17.5835    5.7104
13.734     17.5491    5.5762
13.752     17.4989    5.4457
13.7776    17.4596    5.2792
13.8533    17.4032    5.116
13.891     17.3484    4.9349
13.9586    17.252     4.7523
14.0774    17.2822    4.6294
14.1745    17.2758    4.3997
14.2877    17.439     4.2928
14.4148    17.5862    4.1974
14.4605    17.7536    4.1995
14.5335    17.9257    4.188





















































































































































































10.3422    11.8412    7.6588     OP
10.5594    13.8832    7.4536     BA
11.0735    18.1763    6.6926     ST
11.4536    21.0317    6.6344     IV
7.0779     14.4141    6.8582     R_PG
6.1962     16.1256    5.7944     R_ZTI
8.878      18.3413    7.2546     R_M3D
9.1507     20.5829    7.1837     R_M12
9.8212     21.7174    6.7967     R_MP3
10.364     22.3751    6.8578     R_PMI
14.0939    13.6109    6.9302     L_PG
15.5285    15.5538    6.4392     L_ZTI
13.1162    18.0951    7.4917     L_M3D
13.3361    20.1564    7.3951     L_M12
13.0145    21.2831    7.0992     L_MP3
12.6709    22.1252    6.9933     L_PMI
12.4586    22.0901    6.0119     O1
8.3526     17.0507    2.5516     O2
15.5451    14.8466    6.0975     O3
11.3173    9.496      5.8464     O4




















































































































































































7.9876     18.9244    6.2507     RZYGINF
7.7514     18.8266    6.1257
7.5817     18.6778    6.1378
7.4407     18.5694    6.1155
7.2604     18.4006    6.0869
7.1483     18.2099    6.1256
7.0476     18.0743    6.1239
6.9535     17.9131    6.1027
6.8746     17.797     6.1125
6.7502     17.636     6.1221
6.6705     17.5095    6.0621
6.5827     17.3714    6.0542
6.4427     17.0963    6.0004
6.3297     16.8801    5.9687
6.2778     16.6637    5.933
6.2801     16.4847    5.9049
6.2517     16.2174    5.8649
6.29       16.0428    5.8743
6.2912     15.8547    5.8581
6.2575     15.6658    5.8946




















































































































































































14.3225    18.1137    6.6326     LZYGINF
14.4613    17.9912    6.5725
14.6548    17.8366    6.5519
14.7865    17.7312    6.5524
14.8684    17.6309    6.567
14.9543    17.4907    6.594
15.0223    17.3387    6.6286
15.0748    17.124     6.6477
15.0997    16.9715    6.648
15.1729    16.7541    6.6626
15.2359    16.6352    6.651
15.2735    16.5034    6.6337
15.3163    16.3478    6.6192
15.3264    16.1954    6.5794
15.3355    16.1108    6.5518
15.4119    15.9109    6.5653
15.4509    15.7936    6.5389
15.5147    15.6501    6.5086
15.5409    15.5418    6.4356
15.5959    15.4244    6.3726




















































































































































































8.8183     18.6152    7.1822     R-ALV
8.736      18.8319    7.1405
8.7001     19.0693    7.1279
8.707      19.346     7.126
8.7668     19.619     7.1816
8.8449     19.7991    7.1977
8.9275     20.0738    7.1965
8.9882     20.3002    7.2327
9.0893     20.5163    7.1544
9.2058     20.6699    7.145
9.3207     20.8276    7.0861
9.4111     21.0114    7.1238
9.4681     21.2004    7.0689
9.5056     21.3856    7.0234
9.5873     21.5713    6.9407
9.746      21.6605    6.8545
























































































































































































13.1301    18.1653    7.4869     L-ALV
13.3246    18.3581    7.4606
13.4393    18.5719    7.4824
13.5066    18.7483    7.4404
13.5312    19.0503    7.4699
13.5136    19.3084    7.4379
13.4935    19.51      7.5054
13.4813    19.705     7.4899
13.5081    19.9336    7.4721
13.4502    20.1216    7.4404
13.404     20.2942    7.3032
13.3411    20.493     7.3041
13.3494    20.6199    7.2003
13.3448    20.764     7.1605
13.3416    20.9228    7.1179
13.3327    21.061     7.0297
13.3338    21.2052    7.0339
13.2784    21.3223    6.9715
