NME        AL363-A1   Par1sf
9999       9999       9999       IN
0.8757     -0.3764    0.5946     BR
1.0836     -0.3221    0.5366     GL
1.083      -0.3231    0.538      NA
1.2207     -0.2977    0.3986     RH
1.2799     -0.2925    0.2856     NS
1.3038     -0.2843    0.2295     PR
1.3001     -0.3183    0.2308     R_PR2
1.1574     -0.3262    0.4547     R_PMS
1.1263     -0.44      0.3362     R_ZMI
1.1053     -0.3761    0.4407     R_ZMU
1.087      -0.3419    0.49       R_DA
1.089      -0.4025    0.5276     R_MTI
1.0745     -0.4095    0.5674     R_MTS
1.0777     -0.4533    0.4972     R_FMO
1.0528     -0.4942    0.4905     R_FMT
0.8674     -0.5353    0.4225     R_PO
1.0515     -0.5433    0.3926     R_ZTS
1.2847     -0.2577    0.2356     L_PR2
1.1664     -0.2869    0.4368     L_PMS
1.0746     -0.1984    0.3413     L_ZMI
1.0832     -0.2645    0.4482     L_ZMU
1.079      -0.2931    0.4729     L_DA
1.0617     -0.2552    0.5344     L_MTI
1.0328     -0.2535    0.5743     L_MTS
1.0245     -0.206     0.5018     L_FMO
0.9885     -0.1827    0.5029     L_FMT
0.8162     -0.222     0.4258     L_PO
9999       9999       9999       L_ZTS
1.2976     -0.3281    0.2683     O1
1.0454     -0.1597    0.3752     O2
1.0687     -0.4707    0.5285     O3
0.7408     -0.4951    0.4657     O4







































































































































































1.0822     -0.3213    0.539      GLRH
1.0852     -0.3225    0.5335
1.0873     -0.3212    0.5296
1.091      -0.3214    0.523
1.0936     -0.3195    0.5171
1.0961     -0.3186    0.5134
1.1036     -0.3188    0.5073
1.1095     -0.3162    0.5027
1.1148     -0.3148    0.4986
1.1204     -0.3139    0.4946
1.1258     -0.3138    0.4904
1.1315     -0.313     0.4866
1.1396     -0.3114    0.4826
1.1452     -0.3099    0.4803
1.1494     -0.3075    0.4785
1.154      -0.3063    0.4768
1.1581     -0.3051    0.4741
1.1615     -0.3034    0.4727
1.1672     -0.3032    0.4705
1.1724     -0.301     0.4664
1.1779     -0.2997    0.4621
1.1846     -0.2999    0.4572
1.1881     -0.2998    0.4549
1.1901     -0.2999    0.4526
1.1951     -0.2983    0.4478
1.1999     -0.2979    0.4432
1.2035     -0.2963    0.4377
1.2081     -0.2966    0.4305
1.2094     -0.2961    0.4255
1.2142     -0.2944    0.4198
1.2161     -0.2954    0.4152
1.2179     -0.2956    0.4085
1.2194     -0.2951    0.4049
1.2206     -0.296     0.3971






































































































































































1.2183     -0.3016    0.3953     NOSE
1.2174     -0.3072    0.3937
1.2171     -0.313     0.3975
1.2136     -0.3173    0.3996
1.2089     -0.3204    0.395
1.2104     -0.3245    0.3872
1.2114     -0.3253    0.3818
1.2144     -0.3277    0.3783
1.2171     -0.3311    0.3728
1.2194     -0.3324    0.3679
1.2212     -0.3342    0.3645
1.2221     -0.337     0.3593
1.227      -0.338     0.351
1.2305     -0.3387    0.3461
1.2342     -0.3386    0.3413
1.2372     -0.3389    0.3379
1.2413     -0.34      0.3346
1.2453     -0.3395    0.3297
1.2487     -0.3385    0.3267
1.2562     -0.3386    0.3184
1.2581     -0.3382    0.3145
1.2615     -0.3365    0.3098
1.2641     -0.3345    0.3067
1.2669     -0.3323    0.3026
1.2698     -0.33      0.3003
1.2728     -0.3266    0.2982
1.2764     -0.3231    0.2964
1.2815     -0.3195    0.2946
1.2856     -0.3141    0.2916
1.2878     -0.3098    0.2879
1.2865     -0.3019    0.2858
1.2842     -0.2961    0.2833
1.2817     -0.2926    0.2835
1.2802     -0.286     0.2872
1.2786     -0.2826    0.2886
1.28       -0.2736    0.29
1.2803     -0.2685    0.2898
1.2776     -0.2675    0.2913
1.2736     -0.2642    0.2932
1.2698     -0.2619    0.2952
1.2653     -0.2596    0.2969
1.2584     -0.2562    0.3008
1.2552     -0.254     0.3035
1.25       -0.2532    0.3078
1.247      -0.2535    0.3107
1.2427     -0.2521    0.3172
1.238      -0.2516    0.3235
1.235      -0.2512    0.3277
1.2309     -0.251     0.333
1.2259     -0.2549    0.3373
1.2223     -0.2563    0.3431
1.2186     -0.2579    0.3481
1.214      -0.2572    0.3512
1.2092     -0.2634    0.3571
1.2068     -0.2703    0.3631
1.2041     -0.2706    0.3694
1.2019     -0.2715    0.3741
1.2006     -0.2736    0.3792
1.1997     -0.2771    0.385
1.2002     -0.2818    0.3879
1.2008     -0.2858    0.3902
1.2098     -0.2871    0.3924
1.2156     -0.2893    0.3953
1.2179     -0.2952    0.3943








































































































































1.2815     -0.2933    0.2837     NASP-PR
1.2866     -0.2928    0.2802
1.292      -0.2915    0.2738
1.2958     -0.289     0.2666
1.2982     -0.2892    0.2624
1.3008     -0.2876    0.2556
1.3019     -0.2878    0.2517
1.3031     -0.2873    0.2458
1.304      -0.2866    0.2389
1.3043     -0.2854    0.2297






























































































































































































1.1588     -0.3269    0.4529     R-PM/MAX
1.166      -0.3259    0.4499
1.1695     -0.3252    0.4452
1.1741     -0.3249    0.4413
1.1788     -0.3242    0.4353
1.1844     -0.3246    0.4298
1.1876     -0.3246    0.4254
1.1902     -0.3251    0.4218
1.1941     -0.3242    0.4181
1.1979     -0.3249    0.4103
1.2019     -0.3281    0.4023
1.2049     -0.3298    0.3974
1.2081     -0.3326    0.3902
1.2109     -0.3349    0.3826
1.2142     -0.3359    0.3765
1.2169     -0.3382    0.3709
1.2197     -0.3396    0.366
1.2223     -0.3406    0.3582
1.2271     -0.3407    0.3515
1.2336     -0.3426    0.3432
1.2379     -0.3448    0.3388
1.2432     -0.3446    0.3317
1.247      -0.3482    0.3264
1.2528     -0.3472    0.318
1.2565     -0.3479    0.3104
1.2598     -0.3488    0.3048
1.2618     -0.3491    0.3016
1.2647     -0.3499    0.2975
1.2684     -0.3504    0.2884
1.2688     -0.3532    0.2829
1.2724     -0.3532    0.2761
1.2719     -0.3559    0.272
1.272      -0.3592    0.2671
1.272      -0.3621    0.2618
1.2739     -0.3648    0.2549
1.2744     -0.3619    0.2524




































































































































































1.1617     -0.2873    0.4397     L-PM/MAX
1.1679     -0.2849    0.4354
1.1718     -0.284     0.4298
1.1768     -0.283     0.4255
1.1789     -0.2827    0.4218
1.1818     -0.2826    0.4156
1.1848     -0.2816    0.4108
1.1877     -0.2808    0.4065
1.192      -0.2801    0.3986
1.1935     -0.2778    0.3951
1.1935     -0.2757    0.3899
1.1954     -0.2734    0.3846
1.1982     -0.2712    0.3774
1.2        -0.2677    0.3713
1.2023     -0.266     0.3667
1.2046     -0.2634    0.3612
1.2081     -0.2599    0.357
1.2122     -0.2578    0.3519
1.2148     -0.2543    0.3482
1.2177     -0.2528    0.3437
1.2223     -0.2502    0.3381
1.2264     -0.2475    0.3309
1.2297     -0.2458    0.3261
1.2328     -0.2438    0.3213
1.2347     -0.2435    0.318
1.2375     -0.2422    0.3132
1.2385     -0.2423    0.3116
1.241      -0.2378    0.3046
1.2432     -0.2364    0.2998
1.2457     -0.2346    0.293
1.2488     -0.2345    0.2865
1.2503     -0.2338    0.2825
1.2474     -0.2299    0.2785
1.2476     -0.2264    0.2732
1.2482     -0.225     0.268
1.2486     -0.2234    0.2633
1.248      -0.2217    0.2578
1.2465     -0.2218    0.2511


































































































































































1.1619     -0.4109    0.2529     ROSTRUM
1.1628     -0.4118    0.2562
1.1657     -0.4123    0.2624
1.167      -0.4123    0.2684
1.1674     -0.4105    0.2732
1.1692     -0.4087    0.279
1.1711     -0.4073    0.2838
1.1706     -0.406     0.2876
1.1724     -0.4037    0.2936
1.1726     -0.4013    0.2985
1.1737     -0.3999    0.3027
1.175      -0.3975    0.3078
1.1751     -0.3964    0.3125
1.1762     -0.394     0.3169
1.1766     -0.3932    0.3201
1.1773     -0.3916    0.3237
1.1775     -0.3904    0.3268
1.1789     -0.3872    0.3345
1.1791     -0.3851    0.3406
1.1798     -0.383     0.3442
1.18       -0.3815    0.3489
1.1807     -0.379     0.3533
1.1795     -0.3784    0.3613
1.1809     -0.3733    0.3636
1.1808     -0.3715    0.3669
1.1816     -0.3688    0.3716
1.1824     -0.3663    0.3758
1.1825     -0.3617    0.3799
1.1823     -0.3579    0.3838
1.182      -0.3544    0.3888
1.1817     -0.3519    0.3915
1.1827     -0.3485    0.3969
1.1826     -0.3469    0.3991
1.1825     -0.3449    0.4021
1.1825     -0.3404    0.4073
1.1822     -0.3374    0.4129
1.1834     -0.3334    0.4167
1.1843     -0.3293    0.4216
1.184      -0.328     0.4251
1.1855     -0.3252    0.4282
1.1868     -0.3232    0.4327
1.1863     -0.3209    0.4398
1.1875     -0.3164    0.4462
1.1889     -0.31      0.4515
1.1882     -0.304     0.4548
1.1891     -0.2996    0.455
1.1881     -0.2925    0.4505
1.1843     -0.2874    0.4448
1.1822     -0.2852    0.4401
1.1811     -0.2847    0.435
1.1757     -0.2826    0.4265
1.1738     -0.2812    0.4221
1.1726     -0.2806    0.419
1.171      -0.2811    0.4151
1.1694     -0.2796    0.4123
1.1682     -0.2779    0.409
1.1675     -0.2772    0.4057
1.1659     -0.2758    0.4028
1.165      -0.2712    0.4006
1.1632     -0.2672    0.3964
1.1612     -0.2636    0.3929
1.1612     -0.2607    0.3885
1.1599     -0.2579    0.3856
1.1602     -0.2544    0.3824
1.1595     -0.2529    0.3801
1.1591     -0.2497    0.3774
1.1579     -0.2475    0.374
1.1565     -0.2449    0.3701
1.1525     -0.2439    0.3553
1.1509     -0.2429    0.349
1.1467     -0.2405    0.3412
1.1436     -0.2366    0.3348
1.1424     -0.2333    0.328
1.14       -0.233     0.3213
1.1389     -0.2317    0.3142
1.1371     -0.2308    0.3116
1.1362     -0.2295    0.3075
1.1351     -0.2282    0.3041
1.1341     -0.2266    0.3021
1.1329     -0.2234    0.2973
1.1313     -0.2202    0.293
1.1286     -0.2184    0.287
1.1268     -0.2168    0.2797
1.1247     -0.2184    0.2741
1.1219     -0.2164    0.271
1.1219     -0.2164    0.267
1.1207     -0.2159    0.2626

















































































































1.0548     -0.4951    0.4899     SUPORB
1.052      -0.4924    0.4973
1.0477     -0.4882    0.5056
1.0428     -0.4843    0.5163
1.043      -0.4807    0.5249
1.0444     -0.4774    0.5305
1.0434     -0.4704    0.5402
1.0483     -0.4634    0.5459
1.0526     -0.4561    0.5514
1.0582     -0.4471    0.5576
1.0653     -0.4365    0.561
1.0682     -0.4283    0.5629
1.0691     -0.4204    0.5664
1.0695     -0.4141    0.5676
1.0682     -0.4056    0.5684
1.0691     -0.3968    0.5696
1.068      -0.3887    0.5692
1.0637     -0.3806    0.5685
1.0626     -0.3732    0.5692
1.0629     -0.3672    0.5695
1.0628     -0.3594    0.5679
1.0615     -0.3515    0.5675
1.0603     -0.3452    0.567
1.0559     -0.3403    0.5667
1.0491     -0.3375    0.566
1.0484     -0.3275    0.5654
1.0498     -0.3204    0.567
1.0536     -0.3152    0.568
1.0556     -0.3082    0.5689
1.0534     -0.303     0.5708
1.0527     -0.295     0.5716
1.049      -0.2889    0.5737
1.0506     -0.2795    0.5734
1.0465     -0.2725    0.5744
1.0426     -0.2605    0.5753
1.0329     -0.2521    0.5753
1.0243     -0.2387    0.5738
1.0205     -0.2301    0.5717
1.0159     -0.2222    0.5674
1.0071     -0.2161    0.5632
1.0008     -0.2111    0.5587
0.9948     -0.2053    0.5531
0.9923     -0.2028    0.549
0.9887     -0.2001    0.5464
0.9854     -0.1978    0.5382
0.9845     -0.1915    0.5309
0.9834     -0.1903    0.5265
0.9846     -0.186     0.5205
0.9854     -0.1839    0.5151
0.9887     -0.1825    0.5039






















































































































































1.1047     -0.3768    0.4411     RORBIT
1.1039     -0.3829    0.4396
1.1051     -0.3886    0.4394
1.1073     -0.3928    0.4398
1.1073     -0.3966    0.4392
1.1083     -0.4014    0.44
1.1082     -0.4096    0.4422
1.1072     -0.4122    0.4428
1.108      -0.4187    0.4432
1.1048     -0.4246    0.446
1.1052     -0.4323    0.4476
1.1022     -0.439     0.4496
1.0987     -0.4415    0.4543
1.0938     -0.4435    0.4584
1.0914     -0.445     0.4614
1.0891     -0.4464    0.4648
1.0866     -0.4483    0.4679
1.0855     -0.4504    0.4703
1.081      -0.4528    0.4755
1.0769     -0.4565    0.4872
1.0777     -0.4546    0.496
1.079      -0.4503    0.501
1.0828     -0.4397    0.5128
1.0844     -0.433     0.518
1.0862     -0.4269    0.522
1.0865     -0.4217    0.5244
1.0873     -0.4185    0.526
1.0891     -0.4119    0.5282
1.0892     -0.4067    0.5278
1.0898     -0.402     0.5287
1.0901     -0.396     0.5292
1.0891     -0.3901    0.5271
1.0887     -0.3857    0.5279
1.0883     -0.3797    0.5296
1.0851     -0.3752    0.5298
1.0779     -0.3599    0.5428
1.0787     -0.351     0.5376
1.0806     -0.3441    0.526
1.0821     -0.3448    0.5251
1.0825     -0.3446    0.5211
1.0826     -0.3443    0.5156
1.0834     -0.3428    0.5106
1.0846     -0.3417    0.5064
1.083      -0.3424    0.5013
1.0847     -0.3424    0.4986
1.0856     -0.3426    0.4932
1.0872     -0.3423    0.4898

























































































































































1.0847     -0.2596    0.4481     LORBIT
1.0822     -0.253     0.4493
1.0773     -0.2449    0.4476
1.0748     -0.2392    0.4497
1.0725     -0.2359    0.4516
1.0677     -0.229     0.4543
1.0631     -0.2237    0.457
1.0562     -0.2204    0.4586
1.0501     -0.2138    0.465
1.045      -0.2101    0.4687
1.0418     -0.2091    0.4728
1.0386     -0.2087    0.476
1.0348     -0.208     0.4807
1.0316     -0.2063    0.4846
1.0282     -0.2054    0.4908
1.0274     -0.204     0.4946
1.0246     -0.2047    0.5008
1.0212     -0.2026    0.504
1.0272     -0.2109    0.5129
1.0317     -0.2123    0.5179
1.0331     -0.2179    0.52
1.0386     -0.2223    0.5254
1.0431     -0.2256    0.5294
1.0466     -0.2306    0.5308
1.0509     -0.2334    0.5321
1.0545     -0.2355    0.5329
1.0586     -0.2406    0.5367
1.0591     -0.243     0.5362
1.0602     -0.2472    0.5362
1.0623     -0.2521    0.5358
1.0626     -0.2568    0.5348
1.0648     -0.2641    0.5356
1.0646     -0.2709    0.5361
1.0621     -0.2873    0.5461
1.0672     -0.2973    0.5416
1.0691     -0.3008    0.5337
1.0708     -0.3014    0.5224
1.0734     -0.301     0.5137
1.0743     -0.3007    0.5062
1.0733     -0.2995    0.5002
1.0748     -0.2986    0.4961
1.0761     -0.2973    0.4916






























































































































































1.0522     -0.4936    0.4953     RTEMFOS
1.0552     -0.4948    0.4885
1.0569     -0.4966    0.4846
1.0585     -0.4955    0.4791
1.0617     -0.4961    0.4742
1.0682     -0.4953    0.4655
1.0773     -0.4967    0.4525
1.0789     -0.4948    0.4412
1.0838     -0.4963    0.4362
1.0879     -0.4945    0.4309
1.0904     -0.4929    0.4265
1.0937     -0.4909    0.4223
1.0961     -0.4904    0.4173
1.0983     -0.4895    0.4132
1.1006     -0.4881    0.4087
1.1023     -0.4876    0.4055
1.1041     -0.487     0.4025
1.1046     -0.4862    0.3975
1.1058     -0.4868    0.3942
1.1088     -0.4872    0.3916
1.1095     -0.4928    0.3858
1.1097     -0.4956    0.3821
1.1081     -0.4979    0.3776
1.1022     -0.502     0.3787
1.0983     -0.5058    0.3762
1.0957     -0.5084    0.3773
1.0917     -0.5138    0.3791
1.0864     -0.5156    0.3803
1.0833     -0.5207    0.3798
1.0793     -0.5231    0.3802
1.0762     -0.5265    0.3801
1.0711     -0.531     0.3809
1.0686     -0.5325    0.3827
1.0669     -0.5345    0.3861
1.0608     -0.5388    0.3884
1.0567     -0.5416    0.389
1.052      -0.5427    0.3911



































































































































































9999       9999       9999       LTEMFOS







































































































































































































1.1735     -0.3179    0.4619     OP
1.1022     -0.3333    0.4605     BA
0.9061     -0.3773    0.4683     ST
0.7427     -0.4166    0.5127     IV
9999       9999       9999       R_PG
1.0611     -0.5548    0.4398     R_ZTI
0.9239     -0.4614    0.5372     R_M3D
0.8433     -0.489     0.5453     R_M12
0.7644     -0.4991    0.554      R_MP3
0.7178     -0.4959    0.5379     R_PMI
9999       9999       9999       L_PG
9999       9999       9999       L_ZTI
0.8809     -0.2921    0.5354     L_M3D
0.8022     -0.3032    0.5445     L_M12
0.7226     -0.3316    0.5452     L_MP3
0.6986     -0.353     0.5345     L_PMI
0.6859     -0.4749    0.51       O1
0.8609     -0.2113    0.4311     O2
0.9785     -0.4946    0.2807     O3
1.2774     -0.382     0.3836     O4




















































































































































































0.9063     -0.504     0.4651     RZYGINF
0.916      -0.5047    0.4676
0.9202     -0.5085    0.4643
0.9238     -0.5153    0.4607
0.9262     -0.5195    0.4601
0.9303     -0.5245    0.4606
0.9342     -0.5289    0.4593
0.9377     -0.5327    0.4583
0.9446     -0.536     0.4595
0.9491     -0.5372    0.4596
0.9558     -0.5387    0.4598
0.9613     -0.5413    0.4572
0.979      -0.5438    0.4555
0.9858     -0.5453    0.4544
0.9902     -0.5463    0.4533
0.9975     -0.5462    0.4511
1.0052     -0.5479    0.449
1.0105     -0.5509    0.4466
1.0151     -0.5526    0.4442
1.0218     -0.5529    0.4415
1.0295     -0.5547    0.4418
1.0413     -0.5576    0.4409
1.0455     -0.5575    0.4421
1.0501     -0.5551    0.4426
1.0538     -0.5549    0.4419
1.0603     -0.5543    0.4407
1.062      -0.5542    0.4398













































































































































































9999       9999       9999       LZYGINF







































































































































































































0.9248     -0.4607    0.5357     R-ALV
0.9218     -0.4664    0.5341
0.9177     -0.4698    0.5362
0.9111     -0.4743    0.5363
0.9068     -0.4772    0.5362
0.9011     -0.4805    0.5368
0.8992     -0.4821    0.5375
0.8424     -0.4914    0.5453
0.8363     -0.492     0.547
0.8309     -0.4914    0.5473
0.8264     -0.4918    0.549
0.8224     -0.4931    0.5475
0.8151     -0.4929    0.5475
0.8078     -0.4917    0.5482
0.8047     -0.4906    0.5499
0.7991     -0.4915    0.5481
0.7904     -0.4953    0.5487
0.7854     -0.4959    0.5518
0.7792     -0.4974    0.553
0.7751     -0.4985    0.552
0.7694     -0.4992    0.5519
0.7654     -0.5005    0.5527


















































































































































































0.8864     -0.2964    0.5346     L-ALV
0.8817     -0.2933    0.5338
0.8758     -0.2916    0.5353
0.8673     -0.2896    0.5376
0.8586     -0.2882    0.5383
0.8533     -0.2888    0.539
0.8467     -0.2889    0.539
0.8419     -0.2882    0.542
0.8372     -0.2897    0.5409
0.8304     -0.2921    0.542
0.825      -0.2941    0.5443
0.817      -0.2942    0.5411
0.8119     -0.2957    0.5431
0.8015     -0.2992    0.5432
0.7935     -0.3028    0.5419
0.789      -0.3063    0.5421
0.7826     -0.3077    0.5421
0.7748     -0.3117    0.5412
0.7697     -0.319     0.5427
0.7634     -0.3209    0.5431
0.7579     -0.323     0.5452
0.7521     -0.3252    0.5464
0.7314     -0.3318    0.5519
