NMNH       481082     Prv2stv
-0.7738    9.2099     5.5145     IN
-1.0556    6.1504     7.8306     BR
-1.0974    2.2612     6.142      GL
-1.1163    2.1517     5.8612     NA
-1.0996    1.753      4.7864     RH
-1.1187    1.4218     3.3526     NS
-1.1401    1.3136     2.9318     PR
-1.5771    1.3287     2.9341     R_PR2
-1.4656    2.0084     4.9688     R_PMS
-3.3147    3.0739     3.6805     R_ZMI
-2.7084    2.4695     4.3431     R_ZMU
-1.4964    2.7701     5.4932     R_DA
-2.5883    2.8364     6.1533     R_MTI
-2.6386    2.9804     6.5349     R_MTS
-3.5019    3.0626     5.3157     R_FMO
-3.85      3.5304     5.4479     R_FMT
-3.3222    6.8468     4.2235     R_PO
-4.1799    4.4188     4.1        R_ZTS
-0.6628    1.2753     2.9734     L_PR2
-0.7785    1.9731     5.0693     L_PMS
1.1292     3.0035     3.594      L_ZMI
0.4625     2.2978     4.2623     L_ZMU
-0.6634    2.6714     5.4395     L_DA
0.3635     2.6759     6.1895     L_MTI
0.348      2.7888     6.5717     L_MTS
1.3009     2.8398     5.5335     L_FMO
1.5901     3.1572     5.6751     L_FMT
1.6315     6.6266     4.3301     L_PO
2.2526     4.0856     4.1883     L_ZTS
-1.6517    1.399      3.305      O1
-3.1422    3.4124     6.3478     O2
2.5201     5.1524     3.8685     O3
-1.4583    9.1234     5.9965     O4







































































































































































-1.1076    2.2623     6.1525     GLRH
-1.1227    2.2121     5.9576
-1.1164    2.121      5.8269
-1.1381    2.0562     5.6775
-1.0993    1.9866     5.5408
-1.1028    1.9198     5.3772
-1.111     1.8716     5.2043
-1.1097    1.8191     5.0521
-1.108     1.7908     4.9634
-1.0942    1.7484     4.8205






























































































































































































-1.0913    1.7536     4.8326     NOSE
-1.2942    1.8268     4.8498
-1.4277    1.9138     4.7809
-1.5192    1.9102     4.6995
-1.5796    1.9081     4.4939
-1.611     1.8768     4.2966
-1.5918    1.8202     4.1407
-1.5585    1.7466     3.9494
-1.4369    1.5989     3.7732
-1.334     1.457      3.5889
-1.2139    1.3913     3.4254
-1.1179    1.3802     3.3501
-0.9516    1.3696     3.4522
-0.851     1.4447     3.5928
-0.7531    1.5793     3.7276
-0.7055    1.6718     3.8389
-0.6173    1.7568     3.9837
-0.5822    1.8362     4.238
-0.5418    1.8959     4.447
-0.5691    1.9239     4.599
-0.7605    1.9447     4.7487
-0.9027    1.8449     4.829
-1.0983    1.7725     4.8271

















































































































































































-1.1149    1.4182     3.3777     NASP-PR
-1.1138    1.3143     3.252
-1.0928    1.2733     3.0842
-1.1075    1.2831     2.9716
-1.1098    1.2933     2.898



































































































































































































-1.5002    2.0376     4.947      R-PM/MAX
-1.6016    2.0285     4.7722
-1.7079    2.0248     4.5846
-1.789     2.0238     4.3873
-1.8471    1.9773     4.2178
-1.8585    1.8854     4.0042
-1.8767    1.7884     3.8156
-1.9905    1.6747     3.5484
-2.0174    1.6273     3.3698
-2.0207    1.5967     3.2407
-1.9629    1.6226     3.0956





























































































































































































-0.7209    2.0108     5.1263     L-PM/MAX
-0.6382    1.9892     4.9122
-0.5275    2.0176     4.6998
-0.453     1.9987     4.5046
-0.3493    1.9831     4.3271
-0.3388    1.879      4.1081
-0.2709    1.8021     3.8851
-0.2158    1.75       3.7572
-0.2468    1.6107     3.601
-0.2411    1.5636     3.4146
-0.2126    1.525      3.2776
-0.1977    1.5343     3.1034




























































































































































































-2.4288    2.3548     3.0296     ROSTRUM
-2.3611    2.3431     3.1542
-2.315     2.3211     3.3359
-2.2631    2.3397     3.4761
-2.2328    2.3523     3.601
-2.2382    2.3295     3.7005
-2.2726    2.3083     3.8266
-2.1772    2.2875     3.9981
-2.1244    2.2746     4.0693
-2.061     2.2242     4.1935
-1.9683    2.234      4.3171
-1.8929    2.1827     4.3866
-1.7573    2.197      4.5701
-1.6666    2.2136     4.7337
-1.5558    2.1901     4.9191
-1.461     2.1736     5.1386
-1.3716    2.1593     5.3754
-1.2973    2.1367     5.5258
-1.1235    2.1033     5.7887
-0.938     2.1135     5.4966
-0.7931    2.1713     5.2552
-0.7206    2.1749     5.1026
-0.6445    2.2068     4.945
-0.5572    2.2064     4.8268
-0.4841    2.2246     4.6863
-0.4068    2.1773     4.5596
-0.2727    2.215      4.4396
-0.153     2.208      4.2394
-0.0635    2.2147     4.0321
0.0622     2.2379     3.8852
0.1065     2.2604     3.7904
0.094      2.2825     3.6603
0.0714     2.2965     3.4795
0.1389     2.2953     3.3473
0.1988     2.26       3.1995
0.2405     2.2657     3.1023
0.311      2.2436     2.8864



































































































































































-3.8568    3.4962     5.4857     SUPORB
-3.748     3.4665     5.671
-3.6109    3.427      5.8842
-3.4843    3.394      6.0987
-3.3465    3.3499     6.2789
-3.1822    3.2189     6.3575
-2.9923    3.1224     6.4322
-2.7846    3.0753     6.515
-2.5996    3.0026     6.5546
-2.3535    2.9248     6.5717
-2.2102    2.851      6.556
-2.0383    2.8219     6.5294
-1.8627    2.7577     6.544
-1.7095    2.7007     6.535
-1.5492    2.6497     6.4794
-1.4212    2.6081     6.4631
-1.2905    2.5549     6.4642
-1.1953    2.5448     6.4685
-1.0884    2.5545     6.4599
-0.9297    2.5711     6.4666
-0.7264    2.6038     6.4874
-0.4905    2.6577     6.5211
-0.2622    2.6942     6.5482
-0.0292    2.6935     6.5485
0.1804     2.751      6.5745
0.4131     2.8422     6.5422
0.6029     2.9215     6.5398
0.7836     2.9921     6.4874
0.9755     3.0862     6.4255
1.1348     3.1164     6.3454
1.4049     3.2292     6.027
1.4989     3.2406     5.8703
1.5542     3.237      5.6963







































































































































































-2.6774    2.4725     4.3598     RORBIT
-2.8512    2.5369     4.3756
-2.9715    2.5838     4.41
-3.0826    2.6542     4.4562
-3.2273    2.7496     4.5512
-3.2943    2.832      4.652
-3.3526    2.9139     4.7755
-3.4626    2.9847     4.972
-3.4503    3.0661     5.11
-3.4652    3.0795     5.316
-3.3815    3.0895     5.4974
-3.2467    3.0505     5.7965
-2.9782    2.9471     6.017
-2.7896    2.8761     6.1142
-2.5394    2.8188     6.1971
-2.3158    2.8052     6.2514
-2.0963    2.7787     6.2501
-1.8762    2.6863     6.2478
-1.6793    2.6825     6.0843
-1.6016    2.6643     5.9471
-1.5306    2.7007     5.7666
-1.5102    2.8166     5.467


















































































































































































0.4282     2.3518     4.3264     LORBIT
0.6444     2.3728     4.3384
0.8133     2.4312     4.389
0.9655     2.5032     4.4684
1.1032     2.5232     4.5923
1.1776     2.6346     4.7508
1.2376     2.7335     4.8927
1.3179     2.7945     5.0806
1.371      2.7957     5.2352
1.3483     2.8314     5.3783
1.3176     2.8292     5.5632
1.2206     2.837      5.7194
1.149      2.8057     5.9096
0.9293     2.7624     6.0851
0.7581     2.7345     6.131
0.5619     2.7232     6.1548
0.3015     2.6748     6.2354
0.1622     2.6726     6.2545
0.0138     2.6236     6.3283
-0.3328    2.5944     6.2531
-0.5441    2.5192     6.1684
-0.6744    2.6197     5.6414
-0.6337    2.6977     5.5187

















































































































































































-3.8473    3.5283     5.4392     RTEMFOS
-3.9119    3.4234     5.2892
-3.9306    3.4006     5.1864
-3.9714    3.385      5.0525
-3.9694    3.3689     4.8842
-3.9859    3.3194     4.7403
-3.9864    3.3647     4.5842
-3.9979    3.4359     4.4205
-4.025     3.5009     4.3034
-4.0788    3.6717     4.1751
-4.1238    3.7996     4.0995
-4.1447    3.9588     4.0657
-4.172     4.1095     4.0522
-4.2062    4.2353     4.0891
-4.2007    4.3445     4.0956
-4.1953    4.4538     4.1024
























































































































































































1.5717     3.1711     5.6545     LTEMFOS
1.7199     3.1732     5.4934
1.7748     3.1629     5.3451
1.8103     3.1184     5.2224
1.8386     3.0902     5.0323
1.8169     3.0648     4.8934
1.847      3.0776     4.7802
1.8377     3.0726     4.6667
1.8713     3.1119     4.4835
1.9305     3.2492     4.2625
2.0088     3.3951     4.1496
2.0512     3.6272     4.1426
2.1129     3.767      4.1519
2.1532     3.8793     4.1637
2.1844     4.0447     4.2032

























































































































































































-1.1554    0.9704     6.1737     OP
-1.1041    2.3936     6.2452     BA
-1.0505    5.2067     5.3355     ST
-0.9675    6.986      4.9407     IV
-3.4084    2.9461     5.9712     R_PG
-4.475     4.4857     5.3177     R_ZTI
-2.2142    5.0208     5.6142     R_M3D
-2.5093    5.9132     5.7092     R_M12
-2.3631    7.2166     5.2814     R_MP3
-1.7252    7.7947     5.0172     R_PMI
1.1761     2.8345     6.1022     L_PG
2.298      4.3663     5.5966     L_ZTI
0.0035     4.9408     5.6924     L_M3D
0.362      5.871      5.7782     L_M12
0.3336     7.1872     5.4411     L_MP3
-0.2341    7.7661     5.0951     L_PMI
-1.4545    7.9508     4.6604     O1
-2.9943    5.238      2.2176     O2
2.3624     3.9872     5.4929     O3
-1.8623    -0.2329    4.4559     O4




















































































































































































-3.2388    6.2906     4.7112     RZYGINF
-3.4438    6.3047     4.6202
-3.6626    6.1438     4.6508
-3.7921    6.0106     4.7518
-3.9599    5.8247     4.8408
-4.0473    5.6533     4.9232
-4.1076    5.4754     5.0068
-4.1468    5.2435     5.0974
-4.145     5.0821     5.1593
-4.2074    4.9324     5.222
-4.2552    4.8065     5.2709
-4.2806    4.6067     5.3047
-4.442     4.4224     5.3564



























































































































































































1.1995     6.2489     4.9464     LZYGINF
1.5072     6.1693     4.8952
1.6951     6.0642     4.9418
1.7868     5.9059     5.0286
1.8759     5.7826     5.0883
1.9404     5.6218     5.1558
2.0077     5.3467     5.2858
2.0422     5.082      5.3814
2.0638     4.8944     5.4517
2.1254     4.7517     5.4969
2.1713     4.6055     5.5444
2.2296     4.4578     5.5933
2.2501     4.309      5.6426



























































































































































































-2.2046    5.0119     5.6042     R-ALV
-2.2985    5.1958     5.6274
-2.3837    5.3739     5.6617
-2.4515    5.5841     5.6912
-2.4938    5.7206     5.6952
-2.4997    5.9216     5.7312
-2.5328    6.0833     5.6844
-2.5255    6.194      5.628
-2.5368    6.3798     5.4965
-2.4346    6.5549     5.4583
-2.4       6.7843     5.4675
-2.3687    6.9776     5.4173
-2.3746    7.1583     5.3007



























































































































































































-0.0023    4.9412     5.7193     L-ALV
0.0816     5.086      5.7702
0.1832     5.3044     5.7414
0.2132     5.36       5.7959
0.2662     5.5483     5.7916
0.331      5.7666     5.7663
0.3814     6.0055     5.7317
0.3766     6.1789     5.6953
0.3515     6.4321     5.6083
0.3128     6.5541     5.572
0.3136     6.7495     5.5616
0.3136     6.8992     5.5108
0.3406     7.1341     5.43
