#          54639      Psjo08kns
79.5758    250.8887   59.8526    IN                        Dorsal
47.5445    268.4906   78.2947    BR
8.9691     288.5643   51.7877    GL
8.4111     288.7422   49.5134    NA
3.7142     291.9282   37.7052    RH
-1.2919    295.2361   20.05      NS
-5.4435    297.0627   14.7184    PR
-2.7131    301.2092   15.2437    R_PR2
7.8667     290.1236   45.2251    R_PMS
31.0357    307.2697   23.7167    R_ZMI
21.2405    302.5744   33.5176    R_ZMU
18.77      289.1086   43.776     R_DA
19.9712    300.7772   53.6819    R_MTI
19.7374    300.6411   57.5437    R_MTS
28.4101    309.2876   44.5715    R_FMO
31.5669    309.3179   53.1095    R_FMT
73.1688    288.0245   37.3595    R_PO
43.0856    312.1883   30.7951    R_ZTS
-7.0121    292.791    14.5913    L_PR2
7.1644     287.8663   44.9738    L_PMS
6.0762     260.132    23.5849    L_ZMI
4.5055     271.0903   33.2194    L_ZMU
14.0291    281.0388   42.8133    L_DA
4.4044     271.5909   53.1284    L_MTI
3.6213     271.1135   56.3986    L_MTS
2.7343     260.4407   44.221     L_FMO
3.6799     257.6229   51.3522    L_FMT
43.2729    233.4618   38.1194    L_PO
9.1497     248.5298   29.9622    L_ZTS
24.928     256.4451   65.4347    O1
52.1639    238.8095   63.8768    O2
39.973     289.6602   66.8052    O3
71.123     278.0101   65.8967    O4







































































































































































8.4385     287.951    50.2087    GLRH
8.1269     288.0829   48.6418
7.1193     288.9487   46.0162
6.2772     289.701    43.1638
5.3009     290.0534   40.6907
4.2665     290.3686   39.4598
3.5632     291.4884   37.5055

































































































































































































3.6437     291.2258   36.5596    NOSE
5.5578     292.9187   37.6738
6.9299     294.5095   36.1102
7.2526     294.6007   33.0022
6.2811     295.6617   29.1317
5.2514     295.6482   26.3468
3.3346     296.0578   23.9409
1.1933     295.4669   21.5983
-0.818     295.5919   20.3727
-2.1656    295.2991   19.4408
-1.8561    293.7027   20.0795
-0.6736    289.7984   24.0738
1.0535     287.3673   28.2519
2.243      286.6973   32.7215
3.1251     287.5888   36.1174
3.1456     290.1287   36.675
























































































































































































-0.6894    294.4037   19.8529    NASP-PR
-1.8371    294.8486   19.5312
-3.2565    295.9142   18.7325
-4.3945    296.6861   17.6118
-5.0597    296.7929   16.5914
-5.3476    297.2077   15.8476


































































































































































































7.4293     289.9598   44.6556    R-PM/MAX
7.7022     290.7946   43.146
7.5739     292.0703   41.5604
8.1257     293.5111   39.1885
8.4329     295.4128   35.9117
8.602      296.7253   33.0502
6.9658     298.3055   29.484
5.0516     299.3987   26.5312
3.9312     300.7902   24.1826
2.9381     301.8889   21.6588
2.3878     303.2468   19.5928
2.4905     304.8001   17.3474




























































































































































































6.5998     287.2793   44.5244    L-PM/MAX
5.4024     286.5289   41.6501
4.2418     285.1889   38.4914
2.7287     284.7285   34.5358
1.0181     284.4195   31.0571
-1.2604    285.5338   27.1242
-3.5339    286.9031   23.511
-6.8457    285.7366   17.7685
-7.445     285.7517   16.5056































































































































































































15.0594    302.1584   12.5528    ROSTRUM
14.5097    303.6332   16.8998
13.2689    301.4378   24.9919
12.0559    298.1545   31.8773
10.6536    294.8079   36.8427
8.6364     292.0985   42.0935
5.708      288.1115   44.3854
6.7207     288.7055   44.7401
6.1067     284.6288   41.8981
5.4183     282.5358   38.0773
4.6368     280.4716   33.3793
2.1807     278.6875   26.7028
1.521      277.8179   22.106
0.1144     276.8362   16.6313
0.1484     276.8203   14.2195

























































































































































































32.2355    306.9469   53.1118    SUPORB
28.7603    306.7191   57.0252
25.8714    303.9757   58.6734
22.1076    301.786    58.3212
18.0877    298.518    57.53
14.1077    293.7005   55.7114
11.3841    290.6838   54.5118
8.648      286.4438   53.8608
6.6549     280.6795   54.7716
5.6026     277.3358   55.5635
4.4743     272.6297   56.3644
3.5183     266.8857   55.9365
4.7988     263.274    56.3561
5.3763     261.6668   55.7797
4.896      259.4854   53.6944
3.6349     258.3057   51.2654
3.8148     257.4536   50.1839























































































































































































20.9817    300.6919   33.9249    RORBIT
23.831     304.8553   34.4054
27.3338    306.278    37.1609
28.1136    307.3959   40.433
28.1683    307.579    44.9548
26.8365    305.8942   49.5206
24.4121    302.9697   52.3683
20.5162    300.6459   53.8255
17.9499    296.6354   52.8907
14.8321    295.1303   53.3431
14.7792    292.2986   51.4332
15.7167    289.3514   48.523
16.859     289.8802   44.6648
16.788     289.9995   42.8266


























































































































































































4.9363     270.313    32.5879    LORBIT
4.209      265.9612   33.281
3.7331     261.9383   37.1623
3.0067     260.7849   43.4232
2.8183     261.0765   46.0315
3.5836     265.3947   50.3201
4.0471     269.0399   51.8272
5.4693     273.1657   51.8264
6.2149     276.7596   51.812
7.2467     279.0471   51.2165
13.31      279.6818   49.4527
13.7531    280.0605   45.0821
14.4042    279.9149   43.3298



























































































































































































31.5547    308.2723   53.9469    RTEMFOS
31.8042    310.6309   50.6693
31.953     311.4716   47.1624
32.2852    311.7065   43.435
31.6671    312.8941   39.4651
32.8471    313.328    35.0411
35.0479    313.2661   32.359
37.3235    312.3843   31.261
39.7706    312.7075   31.0866
41.643     311.9382   31.4811






























































































































































































3.9        256.4374   50.1734    LTEMFOS
3.6278     255.653    47.3788
3.2724     254.8296   43.0456
3.653      254.9003   34.5037
4.0911     253.5263   31.5367
6.0279     250.7704   28.5541
9.1113     247.6817   28.2589

































































































































































































91.048     258.343    59.3425    OP                        Ventral
77.707     264.4708   66.3923    BA
45.0747    278.7359   69.1299    ST
19.0476    290.4374   73.6055    IV
58.4096    238.0447   64.7436    R_PG
36.966     238.981    62.1449    R_ZTI
37.3751    266.8958   74.9207    R_M3D
25.5303    269.3336   77.2402    R_M12
13.3098    277.717    76.9846    R_MP3
8.9324     285.251    74.9837    R_PMI
85.0464    293.2166   64.6217    L_PG
71.4909    309.7807   62.7886    L_ZTI
49.6756    292.7253   74.4337    L_M3D
39.5359    300.7986   77.0886    L_M12
24.2138    303.6098   76.8512    L_MP3
16.673     302.8981   72.3545    L_PMI
59.9708    293.2721   24.7292    O1
90.8888    283.6923   27.6008    O2
44.4393    260.7899   23.5878    O3
72.4303    242.309    25.9062    O4




















































































































































































24.9599    259.5775   69.1847    RZYGINF
25.4045    257.0792   68.0114
25.8205    254.3941   67.7687
26.996     251.3631   67.4992
29.3865    249.7199   66.6735
30.921     245.7931   66.2201
32.7171    243.6536   65.0255
34.0409    241.6927   63.7388
35.799     240.6028   63.0204
37.0049    240.0153   62.5167
37.915     238.7175   61.7782





























































































































































































46.4366    307.4995   69.0201    LZYGINF
49.0999    309.9361   68.0903
53.1999    310.8626   67.5928
56.3753    311.2749   67.3458
59.8901    311.7113   67.2224
63.6532    311.9581   66.1014
66.6916    311.9496   65.1031
69.1886    311.1895   64.2499
70.7781    310.7154   63.3396
71.5867    310.1913   62.5555






























































































































































































37.9562    267.0926   74.8335    R-ALV
35.0961    265.8282   74.9627
31.2888    265.7761   76.217
27.6016    267.5555   77.2287
24.29      268.7024   77.2708
23.0186    270.6987   77.5461
19.5394    272.6641   77.1696
17.308     275.1391   77.7344
14.2057    276.9604   77.3039
12.1448    278.7761   76.943






























































































































































































49.5526    291.9528   74.2822    L-ALV
47.8094    295.9027   74.584
44.9466    298.0901   75.4173
41.825     299.9019   76.5892
38.0166    301.7895   77.2718
34.2018    302.7179   77.1527
32.4364    302.0179   76.0808
28.7566    302.4521   77.0462
25.4409    303.0991   77.091
24.1398    303.2065   76.6599
