#          54645      Psjo07kns
81.553     306.2224   42.3422    IN                        Dorsal
54.9699    319.4784   67.2322    BR
17.6367    335.3387   44.9021    GL
17.4419    335.5156   42.9239    NA
14.4295    337.718    35.021     RH
8.0004     341.2427   20.446     NS
6.2334     342.2092   17.62      PR
8.7138     345.9623   17.8755    R_PR2
17.9427    338.024    39.0465    R_PMS
36.4463    353.0641   20.9349    R_ZMI
28.087     348.2216   28.7337    R_ZMU
25.036     335.6579   37.5995    R_DA
28.8986    346.0297   47.7555    R_MTI
28.6708    346.6191   50.8511    R_MTS
35.0615    354.6505   40.9525    R_FMO
36.9986    354.2979   46.5861    R_FMT
73.309     340.8436   32.0882    R_PO
9999       9999       9999       R_ZTS
4.9692     338.0164   17.2614    L_PR2
17.2663    334.0148   39.7085    L_PMS
15.7989    310.7636   20.487     L_ZMI
15.0188    320.9858   27.2761    L_ZMU
23.2436    330.4838   38.0063    L_DA
15.7379    319.3345   47.3005    L_MTI
16.1225    318.7451   49.7343    L_MTS
14.1955    310.5228   39.4098    L_FMO
16.4333    306.9489   43.1943    L_FMT
50.75      290.5202   29.7346    L_PO
18.8242    302.361    23.1185    L_ZTS
31.8426    304.6938   52.7791    O1
53.9351    290.9868   49.8443    O2
51.5908    341.9659   55.2969    O3
74.6873    331.1519   55.6884    O4







































































































































































17.6965    335.1036   44.9599    GLRH
17.3809    335.3226   43.0353
17.187     335.5916   40.4055
16.7601    335.9946   38.42
15.9602    336.7859   36.6051
15.1325    337.2061   35.451
14.4401    337.0835   34.7108

































































































































































































14.7234    337.4365   33.5807    NOSE
16.2308    339.015    32.9795
16.713     339.9829   31.2935
16.5998    340.8695   26.9176
14.7383    340.6703   23.633
12.1712    340.8541   22.33
9.9309     341.0289   20.8546
9.9338     340.9062   20.8471
8.3199     340.7844   20.0678
8.806      339.0558   21.9398
10.0044    336.9562   23.0774
11.8186    335.3088   24.3944
12.8187    334.326    25.89
13.1509    333.983    27.9678
13.3021    334.0513   30.8149
13.7425    334.0948   32.3748
14.2729    336.3568   33.2253























































































































































































9.105      340.8923   20.2218    NASP-PR
7.8533     341.0554   20.0127
7.151      341.3533   19.7305
6.7135     341.9743   19.2569
6.1363     342.3072   18.7111



































































































































































































17.803     337.1534   39.3274    R-PM/MAX
18.2175    338.003    37.6521
18.0993    339.6134   35.8891
18.199     340.6152   33.6869
17.944     341.0443   32.1874
17.8674    342.2444   29.6959
17.7187    343.2039   27.8939
17.3083    344.3282   26.4044
15.9779    344.4951   24.6014
14.501     345.9741   22.321
13.1032    347.0899   20.0796
12.6618    347.7358   18.5695
12.9193    347.9821   17.7071



























































































































































































17.237     333.8657   40.6275    L-PM/MAX
17.0987    333.1821   38.6356
16.3477    332.8713   36.724
15.4108    332.505    34.6788
13.9414    332.6806   32.2137
13.2791    332.2528   29.9878
11.9737    332.3571   26.8877
10.3358    332.2371   24.3888
7.2663     332.6067   20.5896
6.0653     332.7165   19.1163
5.5839     332.7722   17.9018





























































































































































































23.8997    349.0125   15.0848    ROSTRUM
23.351     348.9095   19.1022
23.3499    346.4883   22.0291
22.8342    344.9189   24.8839
21.2551    342.7944   29.2702
19.7938    340.9963   31.9445
18.7561    339.1388   36.025
17.359     337.5552   38.209
15.6429    334.2971   38.2201
16.6705    332.7062   37.6886
15.6802    329.7081   29.9893
14.9904    328.4646   28.4059
14.3537    327.4558   25.6753
13.6663    326.5139   22.9416
12.7552    326.14     21.2347
11.7601    325.8058   19.3263
10.8454    325.9988   17.8817
11.2865    325.7183   16.4679






















































































































































































37.8176    354.6002   45.6188    SUPORB
36.0359    354.4666   47.1191
33.9618    352.8085   48.3822
32.4054    349.6815   50.9114
29.3793    347.4859   51.379
27.0242    345.2568   51.2881
25.1192    342.7537   50.7297
22.777     339.6953   50.1429
20.5503    337.2565   49.0075
19.1041    335.5635   48.2199
18.0533    333.7852   48.1979
17.516     330.6235   49.1513
16.9781    327.137    49.6391
17.2163    322.8714   49.8847
16.1152    318.4375   49.9648
16.4289    314.3154   48.8278
15.6297    312.2672   47.8174
17.3055    311.1125   46.3799
15.5958    310.297    45.2357
15.2167    309.2111   43.9232




















































































































































































28.7386    348.7271   28.9935    RORBIT
31.8735    351.5905   29.8383
34.1119    353.2825   33.6145
35.0126    353.7863   37.2769
35.2842    353.0779   41.4726
34.3026    350.7061   44.982
32.2317    348.5543   46.8796
29.6055    346.1101   47.6841
26.5855    343.6434   47.7851
23.8632    341.3461   46.8675
21.0567    338.5311   45.1156
23.3383    336.4398   42.9361
23.8484    335.7492   38.9194
24.9735    335.4854   36.4871


























































































































































































15.656     320.4177   27.1288    LORBIT
15.7609    317.837    27.8395
15.7288    313.2814   30.1323
15.1236    310.7258   34.828
15.0231    311.1292   41.4245
15.8924    316.0069   45.7687
16.595     322.4969   46.8373
17.1235    326.851    46.0152
18.6765    329.0188   44.3749
20.9189    329.5846   42.5132
21.3061    330.544    39.1282
22.0408    330.1575   37.8932
22.6818    329.9138   37.1148



























































































































































































38.9523    356.3734   41.6034    RTEMFOS
38.5794    357.3314   37.5835
37.7547    358.6099   33.9608
38.137     358.608    30.089
38.6153    358.5889   27.1582
39.1946    357.4599   24.9963
39.9609    357.3398   23.0084
40.5746    357.5426   22.3435
9999       9999       9999
9999       9999       9999






























































































































































































15.5705    306.5523   42.2564    LTEMFOS
15.3872    305.8831   40.6652
15.3925    305.644    37.9808
14.8704    306.0372   35.0937
14.1781    306.6821   32.3199
14.3387    306.4759   29.7193
14.3934    306.1905   27.4333
15.1507    305.6983   25.8278
16.0367    304.6448   23.9871
17.5071    303.0173   22.7707
18.4553    302.0213   22.5005





























































































































































































92.9482    264.7316   53.1419    OP                        Ventral
79.0956    271.9228   58.7878    BA
53.5061    286.8866   58.3443    ST
34.8219    297.7281   60.4319    IV
64.9556    251.95     56.2567    R_PG
9999       9999       9999       R_ZTI
51.0962    273.9941   61.5038    R_M3D
40.0257    277.4281   63.9508    R_M12
28.4114    287.7661   63.8797    R_MP3
26.8851    293.5478   62.2794    R_PMI
89.9062    295.0905   55.5702    L_PG
76.6379    313.5609   55.1684    L_ZTI
62.8788    295.6412   61.1224    L_M3D
53.8826    303.7935   65.1591    L_M12
39.1327    306.7671   64.6049    L_MP3
33.5203    307.2777   61.4748    L_PMI
71.0892    301.4107   22.4095    O1
94.7368    292.7522   26.4249    O2
52.0102    262.4268   22.3191    O3
73.5575    250.2415   21.7233    O4




















































































































































































9999       9999       9999       RZYGINF
9999       9999       9999






































































































































































































58.3971    312.044    58.8881    LZYGINF
60.9301    314.4536   59.1754
63.7442    314.3642   58.9434
66.1952    314.3346   58.3802
68.0827    313.8444   58.3034
71.7678    314.2136   57.9819
73.6489    313.8147   57.0774
75.9889    313.0521   55.9476
76.3942    313.0739   55.6644































































































































































































52.5105    274.4988   61.2468    R-ALV
49.1591    273.6298   61.9808
46.385     274.3342   62.0795
43.4736    274.1698   63.1934
39.7993    276.1687   63.3434
36.8924    278.1209   62.8842
33.7648    281.2499   62.238
31.0704    283.6633   61.8764
29.3211    285.4184   61.9705
28.089     287.0746   62.9733
27.7881    287.7987   63.161





























































































































































































62.7299    294.5515   61.6773    L-ALV
61.7123    298.5818   62.4794
59.9722    301.4617   63.5978
56.8921    303.9608   64.2961
53.0522    305.981    64.1194
49.2099    307.2315   64.6613
45.6446    307.5887   64.0392
43.8417    308.1706   63.7173
41.2236    308.9174   62.8982
37.7284    308.9676   63.452
