#          102890     Psmf037kns
216.3364   117.6589   50.8631    IN                        Dorsal
207.073    154.5547   74.0727    BR
198.1366   190.2967   51.2045    GL
196.766    193.4472   45.8779    NA
197.1281   194.1121   34.26      RH
197.4221   195.7742   20.9129    NS
196.7584   196.4767   17.8403    PR
201.0626   197.6465   18.2088    R_PR2
199.8055   192.9583   41.387     R_PMS
224.1613   187.8642   19.9953    R_ZMI
217.1532   191.9458   28.1405    R_ZMU
201.9944   186.0495   42.273     R_DA
214.479    188.1187   51.5077    R_MTI
214.5135   188.1144   54.0412    R_MTS
225.4332   190.354    42.0878    R_FMO
227.8862   187.919    44.1294    R_FMT
235.9842   150.0605   33.595     R_PO
234.5974   181.1884   25.7971    R_ZTS
192.8423   194.7183   17.7743    L_PR2
195.6809   191.5205   42.0065    L_PMS
175.0837   175.4842   19.9612    L_ZMI
180.6435   182.4604   28.884     L_ZMU
196.7221   184.5706   41.3286    L_DA
184.4049   181.3685   51.9744    L_MTI
183.8163   181.2178   53.3628    L_MTS
174.2127   177.8553   42.601     L_FMO
173.8494   173.8428   46.456     L_FMT
185.5071   134.8921   32.8329    L_PO
171.1706   165.6614   25.7774    L_ZTS
181.8133   156.8165   53.0089    O1
194.4245   122.4872   51.743     O2
232.16     159.885    56.6891    O3
233.7799   134.1192   56.6348    O4







































































































































































198.163    190.5792   51.2193    GLRH
198.1473   190.8059   50.4985
197.9929   191.1448   49.9805
197.8806   191.5668   49.3319
197.7146   191.8671   48.7821
197.8364   192.5677   47.8781
197.7253   193.046    47.2663
197.5875   193.691    46.11
197.5671   193.8995   45.5983
197.2781   194.1724   43.5655
197.1691   194.3028   41.3442
197.2153   194.2028   40.395
197.356    194.1746   39.3956
197.2862   194.0371   38.1221
197.131    193.9683   37.3023
197.0268   194.1906   36.3124
197.0719   194.4137   35.4245
197.0719   194.4137   35.4245
197.1137   194.5166   34.6451





















































































































































































197.1259   194.046    33.668     NOSE
198.2931   194.6082   34.0408
199.2059   194.4773   34.264
199.9608   193.9209   33.6989
200.5781   193.4718   33.5933
200.7635   192.8102   32.6628
201.2984   193.1343   31.2172
201.5625   193.2135   29.797
201.5845   193.0556   27.6934
201.5385   193.0333   26.6414
201.1355   193.2414   25.7021
200.5987   193.1777   24.3824
199.8603   193.3815   23.6
199.2681   193.6674   22.7649
198.6052   194.1907   22.3163
198.1861   194.6302   21.7752
197.9505   195.1255   21.4674
197.8349   196.007    21.3832
197.0264   195.0695   21.4895
196.595    194.4641   22.3006
195.8943   193.7006   23.4703
195.0886   193.1508   24.2023
194.1027   192.2465   25.1987
193.9148   191.7076   26.5929
193.501    191.4066   27.9918
193.8965   191.3554   29.6549
193.8769   191.4731   30.7825
194.0126   191.7487   32.4862
194.3302   191.8498   33.4165
194.2382   191.8237   33.817
194.322    192.1496   33.9506
194.0604   192.1122   33.9148
195.1311   193.1148   33.8769
195.5129   193.3935   33.7486
196.4136   193.9083   33.8399
196.9901   194.2238   34.197




































































































































































197.4307   195.5147   21.1364    NASP-PR
197.2927   196.0016   20.8861
197.1784   196.337    20.3753
197.3106   196.6869   19.7034
197.1757   196.7915   18.9521
197.3012   196.755    18.1905


































































































































































































199.4953   193.5436   41.6378    R-PM/MAX
200.0267   193.2047   40.8632
200.4135   192.9235   39.1045
201.0206   193.1634   37.5947
201.354    193.0471   36.3581
201.8035   193.2317   34.8145
202.5522   193.1447   32.372
203.0061   192.948    30.9387
203.2943   192.899    29.9496
203.5723   193.2761   28.7201
203.4882   193.6057   27.6089
203.7875   194.537    25.8605
204.082    194.8797   24.6398
204.3895   195.3595   23.6595
204.652    196.0298   22.1107
204.3248   196.2652   21.4366
205.0138   196.9689   19.8666
205.113    197.2593   19.2258
204.8989   196.8597   17.7432





















































































































































































195.712    191.7335   41.453     L-PM/MAX
194.9024   191.2035   38.988
194.5605   191.0168   37.7315
194.1242   190.7812   36.1341
193.4527   190.5443   34.6401
193.3839   190.7419   33.5075
192.8361   190.5521   31.5708
192.7712   190.402    30.4103
192.5368   190.2708   29.1238
192.1726   190.4745   27.4391
191.6999   190.1338   26.9249
191.4811   191.6526   24.7131
191.3398   191.97     23.7562
190.8387   192.186    22.6374
190.5504   192.8652   21.022
190.3304   193.0374   19.9688
189.9024   193.093    18.9686
190.2351   193.3471   18.2967






















































































































































































212.3969   190.9555   16.36      ROSTRUM
212.6026   191.5596   18.6301
212.2476   191.8103   20.3359
211.1744   191.6013   21.9645
210.1105   191.7038   23.3403
209.2194   191.7298   24.6711
208.314    191.8167   25.5203
207.6473   191.9203   26.5138
206.6328   192.034    27.554
204.5237   192.2755   29.5723
204.0588   192.1144   30.5623
203.3221   192.5309   31.9842
202.4306   192.8689   33.6396
201.8399   193.0313   35.1665
201.3235   193.3494   35.9708
200.7219   193.9735   37.2051
199.7991   194.5831   38.0522
199.2178   194.6123   38.4746
198.1348   194.6205   38.5174
195.5209   193.8026   39.1074
195.8719   195.1536   40.9595
195.4859   192.3416   40.8778
194.8318   191.4345   40.1075
194.1785   190.4255   38.6209
193.3492   189.6792   36.8479
192.8269   189.0551   35.2408
192.149    188.4827   32.3503
190.8784   188.0804   29.4576
189.9476   187.272    27.6977
188.3728   186.4724   25.8518
187.3435   185.6819   25.1934
186.524    185.4643   23.7698
185.6145   184.8636   19.4219
185.2308   184.6653   18.4058
185.3571   184.6195   17.297
185.6853   184.3032   16.6913
185.5913   184.384    16.3875



































































































































































228.6173   186.6592   44.5294    SUPORB
228.4014   187.8903   45.739
227.4173   187.934    46.1647
226.6829   188.2419   46.6756
226.1046   188.2911   47.1503
225.2941   188.5724   48.0551
224.329    188.8332   49.2253
223.4398   189.0366   49.7563
221.8243   188.9293   50.9196
220.3893   188.84     51.6945
219.7292   188.8881   52.2048
217.9774   188.6862   52.9632
216.6814   188.9222   53.3968
215.6393   188.8547   53.8456
213.9006   188.8019   54.1677
212.6386   189.206    54.665
211.4382   188.9847   54.6851
209.3293   189.4181   54.743
207.4418   189.6157   55.1888
206.1652   190.4594   55.7294
204.7131   189.9263   53.3698
203.8041   189.8762   52.9935
201.3986   189.9209   52.8656
198.7976   189.5532   53.2033
197.1787   189.2155   53.2066
194.8437   188.0569   53.3249
191.452    185.6086   54.5323
188.3844   183.5466   54.7112
185.7284   181.8098   54.2631
183.0317   180.6288   53.3715
179.6532   179.1674   51.7891
177.7764   178.6792   50.4935
176.3707   178.3508   49.2111
175.2238   177.8899   48.0667
174.7193   178.0452   47.0136
174.1851   176.7432   47.4165
172.651    175.4425   45.9458
171.9417   175.0484   44.7905
171.8992   174.5516   44.3594

































































































































































217.2442   190.874    28.942     RORBIT
221.2422   190.5662   30.5911
222.8008   190.1945   32.4921
224.2869   189.2205   36.612
224.7017   189.0625   38.2912
225.385    189.5939   40.065
224.1175   189.1326   43.4306
222.9928   188.902    45.125
221.5523   188.6658   47.372
220.6396   187.7323   48.4231
219.1694   188.1563   49.4738
217.6411   187.7915   50.2615
216.2797   187.7853   50.777
213.3947   188.2299   51.645
211.2685   187.9991   51.5284
209.4277   188.6061   51.6935
207.7606   188.4967   51.568
206.6037   188.8269   50.85
204.7178   187.6664   48.2173
203.9213   185.875    46.1196
202.8591   187.0468   46.0603
202.4752   186.8532   44.5628
202.4293   186.2327   43.7288
202.015    185.5867   42.0475
















































































































































































180.0554   182.7661   29.0069    LORBIT
179.3042   181.8229   29.7028
176.9817   180.4974   31.8751
176.1706   179.1867   33.8312
175.372    178.1848   36.7708
175.138    177.3776   39.2437
174.6225   177.5594   41.3284
175.0074   177.4702   43.4733
177.1621   178.0077   46.5604
178.6805   178.4768   48.6576
183.506    180.6027   51.3427
184.9534   181.3043   51.8052
186.0077   181.9158   52.1359
187.1926   182.9622   52.1848
188.5974   183.7884   52.2763
190.0404   184.7548   51.7387
191.3075   185.08     51.0253
192.8726   186.1063   50.0263
194.5177   187.321    49.397
194.166    187.4718   50.036
196.3192   184.1707   45.7283
195.9885   183.9581   44.6518
196.1681   184.14     43.7241
196.512    184.3031   42.723
196.6098   183.9132   42.2763
196.5044   184.0207   41.5444














































































































































































229.3041   187.1667   44.461     RTEMFOS
229.4379   188.3169   43.4829
229.2726   188.4719   40.3381
229.0772   189.2529   38.063
229.665    189.7084   36.2196
228.7604   189.6494   33.4981
229.2351   189.2455   31.2557
229.9096   188.5695   29.0064
229.9633   187.8758   28.2563
230.6978   186.8809   26.8365
231.3982   185.4582   25.941
231.3056   182.9812   25.3266
231.4025   183.0195   25.1559
231.9963   182.0646   25.4458
234.3107   181.8113   25.4532
234.4123   180.8098   26.0643
235.3651   180.5275   25.6716























































































































































































175.1236   173.6844   47.4998    LTEMFOS
173.7017   174.3085   45.9825
173.2741   174.8235   45.1377
172.4882   174.9969   43.4442
171.9433   175.7135   42.5786
171.3556   175.8949   40.9418
171.3093   176.5829   39.5295
171.543    176.3213   37.3798
171.5984   176.6465   36.4867
171.2804   177.3312   35.5328
171.5243   176.609    33.3295
171.7012   176.3202   31.1651
172.0028   175.017    28.8101
171.8037   173.6612   27.5984
171.9613   171.7714   26.2045
171.5774   170.2791   25.3283
172.1787   168.9737   25.5142
171.4769   167.2411   25.6192
171.8643   166.7316   25.7379
171.6642   165.2749   26.314




















































































































































































202.5287   144.5174   62.2266    OP                        Ventral
200.12     158.1642   63.1491    BA
193.252    188.9881   56.5579    ST
189.6959   206.5279   55.212     IV
173.8051   157.1872   60.2334    R_PG
161.5664   176.6659   58.0158    R_ZTI
183.4764   183.2262   58.8793    R_M3D
178.0027   192.7856   61.4039    R_M12
178.8035   206.1929   58.4647    R_MP3
181.271    210.2892   55.5713    R_PMI
224.7411   167.5666   59.0559    L_PG
228.7439   190.4459   55.0307    L_ZTI
206.74     188.6765   58.6387    L_M3D
206.5878   198.9945   61.2339    L_M12
200.8963   210.9371   58.2297    L_MP3
196.1993   213.8425   55.0784    L_PMI
221.6251   177.6414   28.3182    O1
225.723    141.8414   39.3781    O2
174.0513   156.5855   27.6981    O3
183.8623   132.4553   34.2312    O4




















































































































































































167.6013   192.6786   57.4576    RZYGINF
166.9271   191.4625   57.9045
166.2315   190.21     58.0311
165.743    189.1168   58.351
164.8597   187.7508   58.5315
164.2979   186.0441   58.7275
164.3553   185.5155   58.8904
163.2775   183.3388   58.8483
162.9998   182.5317   58.6384
162.8599   181.5457   58.8259
162.8519   180.9426   58.7292
162.448    178.8656   58.2577
162.4788   178.5178   58.2661
161.9753   175.9464   57.9944
162.0081   176.0433   57.7897

























































































































































































217.7082   202.4268   56.8123    LZYGINF
218.7043   201.4172   57.6017
219.9552   200.7026   57.428
220.6281   200.4594   57.6736
221.5865   200.0816   57.7646
221.8488   198.7926   57.8567
222.9543   197.4285   57.7086
223.7089   195.285    56.9423
224.6117   193.9668   56.4876
225.6095   192.6132   55.9835
226.4171   191.6118   55.6379
227.0238   191.0708   55.5373
228.7189   190.7685   55.4878
228.7518   190.1348   55.2039


























































































































































































183.7173   183.4577   59.193     R-ALV
182.8161   183.7924   59.0381
181.6373   185.0824   59.9357
180.8967   185.9797   59.4678
179.8861   186.5205   59.772
178.889    188.4431   60.2815
178.4904   189.5984   60.7691
178.2356   190.427    60.9891
177.541    192.1924   61.4494
177.5128   193.2366   61.2127
176.753    194.4689   61.4441
177.0593   195.8396   61.3007
176.9683   197.2585   61.0655
177.1082   198.3034   61.0377
177.2874   199.2352   60.5467
177.1878   200.3378   60.2378
176.8417   201.8119   59.6371
177.1571   203.0314   59.3533
177.201    203.9736   58.6922
177.4022   205.3707   58.1395
177.3932   206.2532   57.8713



















































































































































































206.6338   188.2124   58.7008    L-ALV
207.6349   189.9981   59.6102
207.6379   191.8137   60.0872
208.3516   194.1318   60.9489
207.9862   195.7697   61.0317
208.1754   198.5863   61.7858
207.4304   201.0856   62.0228
206.4577   202.3688   61.7937
205.9805   204.3495   61.1435
205.2962   205.6411   60.4909
204.9353   207.2328   59.7644
203.5252   208.5742   59.0244
202.9384   210.306    59.1155
201.8274   211.2789   58.4454
