#          54970      Psob01kns3
228.3049   173.9091   53.2417    IN                        Dorsal
220.4437   208.8241   76.1329    BR
212.884    251.0444   53.1364    GL
212.4567   252.3729   50.7228    NA
211.9717   256.1903   40.4868    RH
210.8978   259.6442   22.6682    NS
209.386    266.1578   17.372     PR
214.9248   266.6774   16.9404    R_PR2
215.8631   252.2837   43.9998    R_PMS
238.0868   245.6323   25.28      R_ZMI
228.4908   251.9633   33.3601    R_ZMU
218.5816   244.4554   45.567     R_DA
230.4555   246.5505   56.3479    R_MTI
231.007    245.1523   60.3517    R_MTS
239.9543   247.521    49.9228    R_FMO
241.9427   244.5484   54.586     R_FMT
252.5981   205.4899   37.3015    R_PO
252.0286   241.0581   33.15      R_ZTS
204.5576   263.9962   16.6552    L_PR2
209.6191   250.4625   44.3041    L_PMS
188.4252   233.9639   25.2237    L_ZMI
197.7507   244.7117   33.1426    L_ZMU
209.7383   243.8884   45.9126    L_DA
198.8351   239.6591   55.5761    L_MTI
198.1062   239.7549   59.4286    L_MTS
189.7352   236.8388   49.2982    L_FMO
188.5152   233.6022   54.6145    L_FMT
193.9938   192.4573   36.1456    L_PO
180.3771   224.7596   33.2715    L_ZTS
197.0771   217.5353   61.0379    O1
199.1868   185.6708   59.1434    O2
242.8995   218.4615   65.0637    O3
243.6385   184.9531   59.5327    O4







































































































































































9999       9999       9999       GLRH
9999       9999       9999






































































































































































































9999       9999       9999       NOSE
9999       9999       9999






































































































































































































9999       9999       9999       NASP-PR
9999       9999       9999






































































































































































































9999       9999       9999       R-PM/MAX
9999       9999       9999






































































































































































































9999       9999       9999       L-PM/MAX
9999       9999       9999






































































































































































































9999       9999       9999       ROSTRUM
9999       9999       9999






































































































































































































9999       9999       9999       SUPORB
9999       9999       9999






































































































































































































9999       9999       9999       RORBIT
9999       9999       9999






































































































































































































9999       9999       9999       LORBIT
9999       9999       9999






































































































































































































9999       9999       9999       RTEMFOS
9999       9999       9999






































































































































































































9999       9999       9999       LTEMFOS
9999       9999       9999






































































































































































































222.277    161.6467   52.9473    OP                        Ventral
219.9655   174.4073   60.5018    BA
212.8269   209.8454   64.59      ST
208.3868   229.9791   69.8546    IV
191.0524   176.1068   60.9772    R_PG
175.1413   197.3667   61.945     R_ZTI
199.6092   204.8193   70.4015    R_M3D
194.5996   215.2956   74.1087    R_M12
194.6372   229.8299   75.2534    R_MP3
196.4949   236.6485   73.3774    R_PMI
246.6513   186.8718   61.5437    L_PG
250.8428   212.7678   63.0914    L_ZTI
227.0479   210.0647   71.1663    L_M3D
227.4105   221.6442   74.7262    L_M12
221.8681   235.0244   75.398     L_MP3
217.1975   240.5311   73.6069    L_PMI
235.1842   206.1986   28.479     O1
245.4152   175.6891   28.971     O2
193.2096   188.1537   24.1702    O3
205.9142   157.1634   27.9731    O4




















































































































































































9999       9999       9999       RZYGINF
9999       9999       9999






































































































































































































9999       9999       9999       LZYGINF
9999       9999       9999






































































































































































































9999       9999       9999       R-ALV
9999       9999       9999






































































































































































































9999       9999       9999       L-ALV
9999       9999       9999
