#          113724     Pspi08kns
245.8525   -65.5762   48.5203    IN                        Dorsal
255.0997   -33.6817   73.84      BR
268.2997   13.6426    49.0456    GL
268.7871   15.0327    45.9313    NA
269.8372   18.5505    38.7039    RH
9999       9999       9999       NS
9999       9999       9999       PR
9999       9999       9999       R_PR2
271.5462   14.3127    43.4154    R_PMS
291.0036   -2.0724    21.0267    R_ZMI
290.3293   3.978      29.6787    R_ZMU
270.6256   4.5548     43.3966    R_DA
284.819    1.064      55.2502    R_MTI
285.0107   0.4898     57.1697    R_MTS
295.9719   -2.1976    44.202     R_FMO
295.1288   -7.1152    50.9817    R_FMT
283.2728   -45.2626   31.8541    R_PO
298.0895   -15.6447   28.1146    R_ZTS
9999       9999       9999       L_PR2
266.7117   15.3387    45.0729    L_PMS
241.7401   11.2027    20.7051    L_ZMI
245.9819   16.3206    29.8323    L_ZMU
262.5448   7.5025     42.9074    L_DA
248.7876   11.209     55.0861    L_MTI
249.3014   10.8598    57.8517    L_MTS
237.6012   13.57      44.7877    L_FMO
234.9234   10.307     50.6265    L_FMT
225.5638   -29.3302   32.2798    L_PO
230.413    5.4987     28.5177    L_ZTS
236.4827   -10.7859   58.3318    O1
226.5911   -38.1202   58.5441    O2
282.0479   -26.0067   58.9442    O3
266.3179   -58.4391   61.9557    O4







































































































































































269.5234   13.4797    48.399     GLRH
268.9763   14.195     47.3548
269.9189   14.7217    45.7763
270.2773   15.6987    43.6287
270.7448   16.8981    41.147
270.8736   18.1305    38.6545


































































































































































































269.8412   18.7289    38.2346    NOSE
272.1347   18.1939    38.0858
273.4396   17.0033    36.1787
274.1893   15.9903    32.6996
274.333    16.9364    28.7391
274.1179   18.4218    25.7863
272.5083   20.122     23.2324
271.1182   21.1362    20.6109
268.9114   21.6164    20.9789
267.1977   22.3216    25.1098
265.7537   20.1466    26.9219
265.5558   18.9027    30.2849
265.9455   18.2859    34.3503
266.7317   18.0626    36.3481
268.1985   18.2232    37.3325
268.7383   18.007     37.6625
269.6877   18.18      37.5915























































































































































































9999       9999       9999       NASP-PR
9999       9999       9999






































































































































































































271.5654   14.4672    42.9149    R-PM/MAX
272.196    14.5934    41.9364
273.453    14.7571    39.189
274.3749   14.6747    36.3642
274.6767   15.0367    33.9279
275.3992   15.5556    30.3647
277.0844   16.9073    26.7609
279.3887   18.8594    23.1197
280.4582   19.7657    20.7407
281.3717   19.8994    18.4631






























































































































































































266.8791   15.6771    44.6628    L-PM/MAX
266.1228   16.4095    41.8532
265.2312   17.1639    39.749
264.3666   18.2929    35.3278
264.3792   19.3453    31.9028
264.2415   20.1875    29.6054
262.8178   21.1084    27.8077
263.061    23.1342    24.8257
261.9887   24.734     22.3977
262.1557   25.9905    19.7787
262.7763   25.8447    17.3957





























































































































































































283.9192   9.9177     15.1731    ROSTRUM
284.0274   10.6407    18.7031
281.9324   11.2853    23.1571
280.0613   11.9092    27.9806
277.0456   12.6132    31.9749
273.6153   13.5757    38.6467
271.0864   15.1944    43.7889
269.6228   15.5747    45.0876
268.8368   15.2981    45.1387
266.0603   15.9714    43.148
263.1239   16.4788    38.4372
260.372    17.6796    33.059
257.9647   18.5538    28.4854
256.5597   19.0133    23.9559
254.5105   19.5871    19.2898
254.6186   18.6307    16.4528
























































































































































































294.5      -7.8654    50.0834    SUPORB
292.4906   -6.3994    53.4631
290.2999   -3.8164    55.447
287.5787   -2.0402    56.7729
283.3293   1.0706     57.6798
280.1236   3.7105     57.3833
276.2267   7.5334     56.0857
271.0623   10.4439    53.9706
265.1909   11.7748    54.2885
260.8708   11.7567    55.8263
256.4509   12.2113    58.2519
252.7904   10.9566    57.4554
248.7323   10.7727    57.6453
242.7957   10.0486    56.4694
238.5909   10.0974    54.198
235.4732   10.0276    51.0647
234.2546   9.6388     49.7661
234.7083   10.5209    48.8024






















































































































































































289.3733   4.0958     29.4032    RORBIT
291.3899   1.8256     30.7904
292.9914   -0.2985    33.3408
294.4229   -1.314     36.256
295.0509   -2.294     40.4138
294.8741   -2.8008    44.0289
294.3532   -2.7259    47.2621
292.2447   -2.7676    50.3636
289.3579   -2.0543    54.7761
288.7838   -1.7046    53.7433
286.1558   0.0649     54.7295
282.101    1.9901     54.2539
279.3782   4.4178     53.4667
278.393    5.6632     53.3834
275.3719   4.7797     50.1882
274.5765   4.1516     50.8735
271.1403   5.4158     45.6089
270.6472   4.8565     41.8089






















































































































































































245.8885   16.8888    29.493     LORBIT
241.566    15.4243    32.0082
239.3441   14.6047    35.5305
238.3759   13.7595    38.8147
237.9546   13.1292    42.0081
238.2309   12.2362    45.9155
239.1728   11.5274    49.1179
241.3932   11.0092    51.9871
243.9444   9.7501     53.2053
247.8645   9.3004     54.2244
253.1603   10.2457    54.8307
256.2806   6.4548     51.7136
259.1433   5.7345     50.6811
260.7101   5.2928     48.494
261.8345   5.8139     46.2894
262.8828   5.6504     42.0763
























































































































































































295.5631   -7.1999    50.5209    RTEMFOS
297.8908   -6.601     46.6405
298.8602   -5.8384    43.9487
299.4034   -4.7205    40.7758
299.6689   -3.5836    36.3793
299.4754   -4.6064    31.2796
298.5521   -5.9145    28.8167
298.2664   -7.8624    27.6157
297.9132   -9.9576    27.2816
298.0703   -11.9777   27.5624
298.2339   -14.2516   27.9345
297.8716   -15.5554   28.5204




























































































































































































234.8621   10.1421    50.0892    LTEMFOS
232.897    10.8164    47.6361
233.0643   13.3476    43.3257
233.2997   13.6792    37.3422
233.9537   14.2216    33.5919
232.4952   12.227     30.3255
232.1484   8.7554     27.4059
230.6327   6.4078     28.4188
229.7482   4.609      28.556































































































































































































241.9804   -64.5359   56.9619    OP                        Ventral
246.7417   -48.5942   63.47      BA
255.8449   -16.5094   66.0875    ST
261.9328   5.5539     72.2458    IV
221.1501   -36.6269   61.197     R_PG
217.5905   -14.1764   62.6913    R_ZTI
240.9592   -15.6023   71.2238    R_M3D
241.1981   -2.7162    74.882     R_M12
249.7673   10.2195    75.7826    R_MP3
254.9704   13.5028    74.2277    R_PMI
275.424    -52.4638   61.5265    L_PG
289.5337   -35.0448   64.8249    L_ZTI
269.0531   -23.5862   71.1427    L_M3D
274.801    -13.1997   75.4484    L_M12
275.7011   2.4763     77.1719    L_MP3
272.7892   10.3104    75.5529    L_PMI
278.011    -31.0003   29.5781    O1
273.0435   -59.9062   26.627     O2
230.9987   -19.9146   25.4625    O3
226.9884   -56.1768   20.7602    O4




















































































































































































233.6103   1.224      68.628     RZYGINF
231.03     -0.0809    67.4974
229.1948   -1.6098    66.4296
226.6965   -3.1642    66.7577
224.9578   -5.53      67.3742
223.268    -7.7973    66.0878
221.2747   -9.5918    65.6011
220.8687   -11.3106   65.6467
219.0752   -12.5558   64.7307
218.3269   -14.3177   63.0691
217.4337   -15.0216   62.1635





























































































































































































284.178    -13.1465   69.8277    LZYGINF
286.4951   -15.7951   68.9078
288.0533   -18.9044   68.3269
288.0703   -22.735    68.0245
288.2536   -25.5645   67.6894
288.6446   -29.06     67.2959
289.7477   -31.4246   66.4304
288.9662   -34.0805   65.3688
289.4753   -35.0558   64.5463































































































































































































242.3072   -16.463    71.3095    R-ALV
240.5978   -14.0712   71.847
239.487    -10.7914   73.0302
239.9991   -7.2669    73.6737
240.7375   -5.4703    74.0817
241.0907   -2.8642    74.9325
241.652    -1.1202    75.4059
242.5487   0.183      75.7476
242.6643   2.5208     75.4886
244.2773   4.2383     75.9998
246.9907   6.1773     76.1753
249.0115   9.0184     76.1262
250.1448   10.4932    75.5592



























































































































































































267.45     -24.4639   70.3831    L-ALV
270.2194   -23.2437   71.1467
272.9082   -19.9429   72.9668
274.0074   -17.0922   74.0034
274.8163   -14.7961   74.8297
275.7588   -12.0457   75.9173
276.1253   -9.0406    77.1121
276.0135   -6.6248    74.9878
276.0344   -4.7068    75.4227
275.9897   -0.6934    75.7206
276.387    2.9319     76.1619
275.1609   2.9345     76.4971
