#          103388     Pspo10kns
10.4548    -274.047   52.4131    IN                        Dorsal
38.9784    -277.5891  68.9699    BR
79.7871    -282.1985  45.0264    GL
80.5711    -282.3148  41.4175    NA
82.0463    -283.0059  34.0868    RH
87.3054    -283.5475  18.8322    NS
88.7043    -283.9419  16.2253    PR
87.7413    -288.3809  16.3915    R_PR2
79.186     -284.1135  41.5021    R_PMS
66.2928    -304.8264  21.4639    R_ZMI
71.0676    -299.9084  27.7223    R_ZMU
70.274     -284.3078  39.2281    R_DA
73.1331    -296.3096  49.529     R_MTI
73.1978    -296.5473  52.6193    R_MTS
69.0654    -306.5727  40.1867    R_FMO
66.2436    -308.5714  45.0457    R_FMT
24.4659    -302.1674  36.1839    R_PO
54.5839    -316.1354  25.8993    R_ZTS
88.3188    -279.5845  16.7451    L_PR2
80.1254    -281.2614  42.2217    L_PMS
73.2705    -257.4644  22.6631    L_ZMI
75.7588    -261.7556  28.8347    L_ZMU
71.4569    -278.3318  42.534     L_DA
76.2345    -265.6786  49.9403    L_MTI
76.3153    -264.5938  53.368     L_MTS
75.4049    -256.2787  40.9075    L_FMO
72.2326    -253.7232  46.4512    L_FMT
30.4937    -249.9131  36.3451    L_PO
64.9679    -244.6639  27.2021    L_ZTS
47.2525    -257.4698  58.025     O1
26.6969    -255.948   58.0904    O2
45.8743    -298.5749  55.3327    O3
19.2808    -296.0446  53.0503    O4







































































































































































79.3999    -282.7336  45.2966    GLRH
79.8662    -282.2491  43.8928
80.2195    -282.9117  42.0071
80.7475    -282.4838  40.1106
80.8518    -282.6488  38.5251
81.3321    -282.675   37.0754
81.5537    -282.6771  35.807
81.9087    -283.0168  34.0821
81.4945    -282.4659  33.4003































































































































































































81.3591    -282.6834  33.023     NOSE
81.3376    -284.7433  33.0367
80.8778    -285.8575  31.5263
81.4073    -287.0974  28.787
81.6514    -287.2587  25.7626
82.3239    -286.6993  23.8176
83.4241    -285.3658  22.2637
85.4118    -284.4438  19.7121
86.3942    -283.1925  19.2938
84.7986    -281.7299  21.9168
82.8366    -280.251   23.9466
82.9424    -278.9762  26.9066
82.3294    -279.2578  32.1018
81.578     -279.9734  31.5783
81.3545    -281.1233  32.9674
81.7746    -283.4475  33.2578
























































































































































































85.2808    -283.7311  19.1409    NASP-PR
86.1198    -283.5272  19.0746
87.8878    -283.6557  18.5549
89.0142    -283.9604  17.0918
89.1396    -284.3246  16.8961



































































































































































































79.9247    -283.8662  41.5818    R-PM/MAX
79.4671    -284.503   38.7587
79.6037    -285.7652  35.7704
79.7213    -286.9731  33.3161
80.1163    -289.2883  29.2071
81.2186    -290.2369  27.0864
82.8897    -291.2263  24.1151
83.9657    -291.9632  21.0266
84.3741    -292.6047  20.3557
85.1876    -293.4753  16.214






























































































































































































79.9596    -280.4518  41.6229    L-PM/MAX
80.1207    -280.3409  39.8304
80.3784    -279.5554  37.1434
80.6336    -279.1559  35.1959
80.5904    -278.2115  33.5522
81.8922    -277.5396  31.0475
82.4136    -276.4354  28.2128
83.7121    -275.8321  25.996
85.0548    -275.1186  22.8127
86.4044    -275.04    19.8484
87.3643    -274.5391  18.1312
87.4667    -274.8902  16.8513




























































































































































































74.8986    -296.8136  13.4443    ROSTRUM
75.8197    -298.0419  16.3879
76.92      -295.1483  21.8249
77.3425    -291.7263  28.2788
78.131     -287.4593  33.0604
79.3399    -284.6242  38.2465
81.0006    -282.537   41.547
80.5691    -282.1993  41.2805
79.1541    -278.9715  37.9044
78.9797    -276.4179  32.145
79.934     -274.0182  28.4765
80.0516    -270.8908  23.3663
80.4649    -268.1304  19.7053
80.2801    -267.0376  16.5893
79.3192    -266.979   15.0379

























































































































































































65.9184    -309.3954  44.8908    SUPORB
66.8009    -307.2365  47.0446
67.9312    -304.9895  49.3962
68.7557    -301.8602  51.6357
71.6199    -298.1657  52.7914
72.8194    -294.1976  53.8924
74.1285    -289.7817  53.9262
75.7474    -284.9842  52.9474
77.0251    -280.4039  52.767
76.5446    -274.1035  54.451
74.4807    -268.5049  54.886
73.9052    -263.7239  53.7925
73.3406    -259.2216  51.3312
72.4382    -255.9801  49.018
73.1092    -255.3628  48.2753

























































































































































































70.4357    -299.452   28.0948    RORBIT
68.2029    -302.3564  29.6272
67.4279    -304.7181  34.4079
68.1281    -305.6887  40.6702
68.1438    -303.7902  43.4289
68.8425    -301.0546  46.0406
70.134     -297.1877  47.552
71.7455    -295.2945  47.6972
73.0976    -292.0779  46.6333
73.3224    -288.3864  45.7302
74.7281    -286.6806  45.7379
73.3292    -284.7261  43.7439
72.6081    -284.7665  40.6033
71.6393    -284.5621  38.2137


























































































































































































75.404     -261.7313  29.0887    LORBIT
75.2244    -258.838   32.1104
74.8969    -256.379   37.8709
74.6264    -257.535   42.4885
74.2565    -261.2467  46.5935
74.2999    -264.7663  48.3287
76.0828    -269.8764  49.5998
75.5959    -277.0773  45.835
75.1143    -277.5731  45.444
74.5573    -278.3618  44.0678
73.5586    -278.2492  42.373
72.2445    -278.074   40.7034




























































































































































































65.7854    -310.3409  43.2479    RTEMFOS
65.7676    -311.8333  39.5515
66.3094    -312.2539  36.9534
65.8441    -312.1327  33.3338
65.033     -312.1897  29.7409
63.3081    -312.2706  26.732
60.7279    -313.1459  25.4282
58.9671    -314.2884  25.6146
57.0276    -315.047   25.6513































































































































































































71.5004    -252.9567  43.8884    LTEMFOS
71.526     -251.6835  40.4354
71.5987    -251.0907  35.4769
71.7746    -251.0361  31.0133
70.2046    -249.0546  27.1303
69.1186    -247.6977  26.6962
66.8323    -246.4787  27.0321
64.2102    -244.9879  28.6042
































































































































































































-0.9868    -263.197   46.0922    OP                        Ventral
10.5492    -264.6031  54.459     BA
41.9693    -267.2664  62.4673    ST
61.4372    -269.2072  71.2252    IV
16.7782    -241.0924  55.1377    R_PG
40.875     -231.5687  60.3239    R_ZTI
40.0542    -254.8775  66.61      R_M3D
50.2747    -252.5385  71.6831    R_M12
65.0102    -256.1859  73.7671    R_MP3
69.41      -261.976   73.3012    R_PMI
12.5215    -288.5565  53.6378    L_PG
33.4771    -303.2768  58.7491    L_ZTI
38.0338    -279.5316  65.9591    L_M3D
47.392     -284.2046  71.2683    L_M12
63.7346    -282.1558  73.2373    L_MP3
67.6177    -278.2724  73.5661    L_PMI
30.2977    -287.5356  26.4804    O1
9.9713     -285.2436  24.704     O2
36.5985    -245.6514  29.5326    O3
10.6461    -242.4314  28.5411    O4




















































































































































































54.1782    -243.5812  66.5408    RZYGINF
53.2308    -241.4711  67.7619
50.9566    -240.4729  66.8484
49.0646    -238.4376  67.6432
46.9992    -237.7022  67.0344
45.0805    -236.097   65.9022
42.7602    -235.3145  64.5964
41.6593    -234.4444  63.7964
41.5531    -233.719   62.3881
40.7687    -232.7165  60.5027
40.3282    -232.964   59.4828
40.0964    -231.9028  59.9674




























































































































































































49.0904    -294.4398  66.0436    LZYGINF
46.8295    -297.2506  66.605
44.1442    -298.6799  66.6558
41.5315    -299.5554  66.7575
39.047     -299.9928  65.6138
36.9692    -301.2501  64.0112
35.0366    -302.0526  62.2141
33.8814    -303.0251  60.3458
33.4414    -303.0564  58.6746































































































































































































39.5253    -256.4655  66.9973    R-ALV
41.0717    -253.5173  67.7185
45.2075    -253.0116  69.3969
48.0236    -252.0883  70.9035
51.8136    -251.8867  72.3855
57.0244    -252.2684  73.5301
60.4243    -253.0694  74.5112
61.6348    -253.7754  74.4131
65.4963    -256.2029  73.4829































































































































































































37.5021    -278.6222  66.1927    L-ALV
39.0103    -280.4471  66.4832
41.3482    -281.8297  67.751
43.5937    -283.3221  69.5617
47.0449    -284.6302  70.4732
49.9539    -285.1886  71.8632
53.2492    -285.4247  72.5019
56.186     -285.2802  73.0536
58.4141    -284.769   73.5314
59.3395    -283.8226  73.5008
61.1371    -283.811   72.2245
62.2154    -282.7572  73.4052
62.8248    -282.5212  73.9848
