#          103382     Pspo08kns
-6.5658    -273.1664  52.4899    IN                        dorsal
23.0366    -276.2445  66.5721    BR
66.7171    -283.4511  48.4032    GL
67.9615    -284.0099  45.7025    NA
71.6147    -284.1599  38.091     RH
77.3681    -285.2979  21.5662    NS
80.4414    -285.9707  17.2169    PR
79.6397    -291.451   17.8854    R_PR2
67.4257    -285.1787  45.2645    R_PMS
52.9702    -306.6769  23.5675    R_ZMI
58.3822    -303.306   32.203     R_ZMU
57.4659    -285.7141  43.6062    R_DA
58.2239    -297.4976  52.6689    R_MTI
57.2813    -297.4525  56.5006    R_MTS
54.5899    -307.9497  44.0279    R_FMO
51.8972    -310.2175  47.6556    R_FMT
11.1163    -302.5154  34.176     R_PO
44.2724    -315.0338  27.8616    R_ZTS
81.5253    -282.2117  17.2155    L_PR2
68.0971    -283.6818  44.2911    L_PMS
61.4477    -257.0408  23.2047    L_ZMI
64.6056    -262.3344  32.366     L_ZMU
58.8129    -279.5916  42.8517    L_DA
63.0952    -267.0479  53.1634    L_MTI
62.4917    -266.931   55.8483    L_MTS
62.358     -256.4826  43.4305    L_FMO
59.4778    -253.5201  46.9158    L_FMT
18.9538    -248.1172  33.0932    L_PO
54.0712    -247.7859  27.4976    L_ZTS
40.2575    -261.1972  55.6147    O1
14.9461    -254.2457  53.3704    O2
2.6057     -291.3743  54.3726    O3
21.9645    -299.1217  54.2338    O4







































































































































































67.1966    -283.7975  47.5452    GLRH
67.7739    -283.8681  46.0432
68.4755    -283.9247  44.2096
69.0664    -283.4547  42.8379
69.7133    -283.7914  41.4729
70.8265    -284.2914  40.0178
71.227     -284.495   39.3429
71.6711    -284.7357  38.0022
































































































































































































71.4093    -284.0715  37.3447    NOSE
70.1751    -286.4471  37.793
69.7163    -287.589   35.9571
69.9713    -289.2768  31.6263
70.7519    -289.7324  28.1642
72.6138    -289.1419  25.0622
73.9191    -288.1274  23.3015
75.3895    -286.4169  21.9914
76.92      -285.337   21.6457
77.0631    -282.6833  23.1263
75.584     -279.9437  26.1741
73.3257    -279.4098  29.2545
72.0784    -279.6956  31.6192
71.5099    -279.9508  33.2614
70.9295    -280.3882  35.0598
70.5626    -281.2346  36.7243
71.0153    -282.3909  37.2862
71.4245    -284.3665  37.6571
71.6268    -284.3898  37.7271





















































































































































































76.1157    -285.5727  21.693     NASP-PR
77.5952    -285.477   21.4066
78.818     -285.7834  20.6847
79.5965    -286.0614  20.0923
80.3101    -286.2408  19.4403
80.9337    -286.1865  17.8074


































































































































































































67.6781    -285.3564  45.0768    R-PM/MAX
67.6419    -285.9024  42.9057
68.1215    -286.6969  40.7453
68.7355    -287.7818  39.1813
68.3026    -289.589   36.4322
68.5729    -291.5608  33.4281
69.3298    -291.9747  31.3644
71.7102    -292.838   27.6053
73.8519    -293.8383  23.8788
75.5904    -296.11    20.2991
77.6885    -296.718   19.8068





























































































































































































68.0499    -282.8513  43.7676    L-PM/MAX
68.2948    -282.4955  42.3711
68.652     -281.8788  41.0994
69.0628    -280.4864  38.7034
70.1058    -278.5789  35.3356
70.9645    -277.6516  33.1234
71.6648    -276.739   30.7948
74.108     -276.7752  27.2903
76.2585    -276.4562  24.7233
77.7368    -276.1402  22.7451
78.6646    -275.1759  20.6154
79.5972    -275.3709  17.5918




























































































































































































64.9406    -300.0583  17.0798    ROSTRUM
64.7496    -299.854   18.8844
64.9379    -297.5848  24.5032
65.1645    -294.9916  28.965
65.9117    -292.5534  32.171
66.4747    -290.1756  36.4923
67.6742    -288.0311  40.0999
68.1166    -286.0834  42.5061
68.5777    -284.3188  44.1161
67.9439    -284.2518  44.5738
68.0484    -282.1539  42.4386
68.05      -280.2454  40.2427
68.0768    -278.2575  36.9723
68.1605    -276.6475  34.3976
68.4575    -274.7453  30.9346
68.4377    -273.1231  29.0846
68.9341    -271.3762  26.1281
69.3543    -269.6052  22.9204
70.3392    -268.6891  20.0872
70.3071    -268.2636  18.0152
70.668     -268.6642  15.6022



















































































































































































52.0606    -310.3372  47.2851    SUPORB
52.9405    -307.4842  50.5785
52.8009    -303.908   53.754
55.6255    -299.4647  55.8629
58.1641    -294.8276  57.1006
60.5617    -289.4641  56.9846
62.4321    -284.5918  56.2128
63.3863    -279.1501  55.9111
61.9435    -273.2167  56.9793
60.8132    -266.0696  56.3316
59.8765    -261.6432  54.8143
59.309     -258.4517  52.7473
58.5588    -255.6517  49.039
59.1785    -253.7883  45.2137


























































































































































































57.3464    -302.8899  32.5231    RORBIT
55.3249    -305.4037  35.3206
54.2098    -306.7894  39.6301
53.9151    -307.3737  43.2172
53.2598    -304.982   46.7982
54.0136    -301.767   49.7231
55.4742    -299.7289  51.4417
56.9889    -296.6751  51.6056
58.44      -293.5338  50.9341
59.7266    -288.7969  49.7039
57.4394    -285.2393  46.1044
57.5963    -285.7862  42.5692




























































































































































































64.5411    -261.7655  32.8627    LORBIT
63.2051    -258.5474  36.3691
61.8112    -257.2463  41.3771
61.4072    -257.7342  44.8221
60.7868    -260.1916  48.1185
60.0544    -266.201   50.1482
60.8698    -269.7377  51.0038
61.9791    -273.6324  49.8314
61.5918    -277.5364  48.9358
59.6272    -279.6567  46.9955
59.3437    -279.2076  45.0034
59.1072    -278.8427  41.8166




























































































































































































52.0393    -310.6221  47.448     RTEMFOS
51.9366    -312.4374  43.5783
51.8909    -312.9872  38.6285
52.4882    -313.2003  35.0071
51.7838    -313.2401  30.8448
48.3683    -313.6082  27.2555
44.7411    -314.312   27.9498
43.6968    -315.4634  28.2179
































































































































































































59.16      -254.1155  46.9855    LTEMFOS
58.9884    -252.9617  42.7406
59.3463    -252.6305  38.0008
59.4827    -252.6234  32.329
58.4857    -251.6587  27.9417
55.776     -250.2916  26.8289
54.0347    -248.0737  27.999

































































































































































































-4.1964    -275.7592  44.4531    OP                        ventral
5.992      -277.9887  53.8753    BA
40.2576    -282.9796  63.163     ST
61.6823    -286.8935  72.5462    IV
15.4324    -254.0499  52.325     R_PG
38.3423    -246.4191  57.2691    R_ZTI
38.0587    -271.2266  65.3082    R_M3D
49.164     -268.6399  71.5334    R_M12
63.8337    -272.9243  75.9726    R_MP3
68.2137    -277.6496  75.7743    R_PMI
6.7665     -303.1736  52.2628    L_PG
27.6742    -317.7322  56.4612    L_ZTI
32.7994    -294.4468  64.8       L_M3D
43.831     -300.3145  71.7258    L_M12
59.7112    -301.4756  74.7907    L_MP3
66.3977    -298.1819  75.3931    L_PMI
35.1982    -301.7979  29.4907    O1
9.2123     -300.237   23.6113    O2
9.7284     -259.9362  21.0785    O3
29.1998    -258.4441  26.0225    O4




















































































































































































51.3726    -259.4973  65.8222    RZYGINF
49.4625    -257.1182  65.5379
47.4692    -254.8727  64.8521
44.5165    -253.0809  63.6094
41.7332    -251.1255  62.2771
39.6209    -249.2096  60.9044
39.0803    -248.6548  58.4335
36.926     -246.6683  56.8188
37.28      -246.4399  56.5899































































































































































































42.6217    -309.6564  65.3107    LZYGINF
38.8666    -312.7112  64.1989
34.8247    -314.2413  63.7337
31.1977    -314.9304  62.4783
28.6758    -316.2497  58.9458
27.1084    -317.0206  56.9914
27.5347    -317.6419  57.1832

































































































































































































36.5782    -271.2685  64.7549    R-ALV
39.5694    -268.8578  65.1014
44.4774    -268.2904  69.15
48.5783    -268.2008  70.9809
53.1845    -268.5785  73.4017
56.751     -269.5091  74.5929
59.6925    -270.3966  75.8985
64.2414    -272.2557  76.5436
64.482     -272.8062  75.4227































































































































































































32.657     -294.1492  64.7965    L-ALV
37.4437    -297.6972  67.2396
40.2636    -299.3557  69.0121
44.5738    -300.9777  72.299
48.4082    -301.7015  74.0156
52.1366    -302.211   74.9249
56.3073    -302.6941  76.5454
57.8398    -302.5573  76.7311
59.744     -301.3262  74.6561
