AMNH       99.1/2286  See2stv
-0.5216    13.901     8.608      IN
-0.5045    10.0441    10.8453    BR
-0.0408    4.836      8.3768     GL
-0.0781    4.8011     8.2948     NA
0.0148     4.1521     7.0692     RH
-0.0604    3.4223     4.782      NS
-0.1088    3.1474     4.2357     PR
-0.5929    3.1993     4.2359     R_PR2
-0.4432    4.7287     7.6064     R_PMS
-1.8834    5.7156     6.243      R_ZMI
-3.0199    6.3728     5.0755     R_ZMU
-0.7092    5.4178     7.8105     R_DA
-1.9628    5.1434     8.6395     R_MTI
-1.9657    5.3011     9.053      R_MTS
-3.3536    6.003      7.8009     R_FMO
-3.7241    6.5951     8.225      R_FMT
-3.8497    11.135     6.4832     R_PO
-4.6527    7.3174     5.8895     R_ZTS
0.4007     3.2709     4.2109     L_PR2
0.364      4.8401     7.5712     L_PMS
1.9389     6.0419     6.1467     L_ZMI
2.9777     6.6544     5.0462     L_ZMU
0.5182     5.4878     7.5676     L_DA
1.8545     5.4446     8.5282     L_MTI
1.8158     5.5472     9.0105     L_MTS
3.0099     6.3701     7.6307     L_FMO
3.4154     6.9442     8.1208     L_FMT
2.8678     11.5128    6.4262     L_PO
4.1141     7.799      5.7185     L_ZTS
-1.8282    3.4293     3.9096     O1
-3.3287    6.6057     8.6107     O2
4.2853     9.5952     6.0669     O3
-1.9364    13.5512    8.329      O4







































































































































































-0.0311    4.8544     8.4583     GLRH
-0.0424    4.8215     8.352
-0.0723    4.7668     8.2678
-0.0516    4.7192     8.0785
-0.0348    4.6543     7.9552
-0.0316    4.567      7.7914
-0.024     4.4591     7.6595
0.0119     4.3635     7.536
0.0008     4.2306     7.3407
0          4.1499     7.2111
0.0204     4.1389     7.0994





























































































































































































-0.0083    4.1329     7.0876     NOSE
-0.2546    4.143      7.0396
-0.3662    4.1923     6.9003
-0.4152    4.2346     6.7748
-0.4258    4.263      6.6362
-0.4372    4.2652     6.4855
-0.4625    4.2489     6.3521
-0.494     4.2276     6.2357
-0.4923    4.2218     6.0197
-0.4993    4.1452     5.7974
-0.4806    4.0844     5.6365
-0.4535    3.9713     5.4779
-0.3875    3.84       5.2963
-0.3179    3.783      5.1781
-0.268     3.6721     5.0666
-0.1919    3.5308     4.9151
-0.1514    3.4814     4.8326
-0.0569    3.4437     4.764
0.0334     3.5339     4.8509
0.134      3.7019     5.0643
0.214      3.7976     5.2029
0.2795     3.9198     5.3383
0.3524     4.053      5.4897
0.3924     4.1309     5.5773
0.4004     4.213      5.7326
0.4113     4.2799     5.8949
0.4306     4.3363     6.0914
0.4516     4.3207     6.2689
0.3865     4.3575     6.4548
0.3516     4.3813     6.5806
0.3959     4.3149     6.7477
0.3565     4.2463     6.9071
0.2741     4.227      7.0384
0.1367     4.1275     7.0821
0.0381     4.1337     7.0893





































































































































































-0.0209    3.3597     4.7554     NASP-PR
-0.0459    3.2389     4.6505
-0.0429    3.1714     4.4888
-0.0781    3.1411     4.3383
-0.112     3.1673     4.1873



































































































































































































-0.4704    4.7643     7.6112     R-PM/MAX
-0.4891    4.7235     7.3724
-0.5245    4.688      7.1656
-0.5763    4.6425     6.9282
-0.5769    4.6175     6.7465
-0.6152    4.625      6.5497
-0.6484    4.5888     6.3357
-0.7108    4.5173     6.1256
-0.7972    4.3996     5.8695
-0.8906    4.2929     5.698
-0.9525    4.171      5.5412
-1.0274    4.0356     5.3745
-1.0302    3.9318     5.2828
-1.0611    3.8454     5.1332
-1.1122    3.7566     4.9582
-1.0997    3.6344     4.8026
-1.1202    3.5308     4.6732
-1.1424    3.5        4.5079






















































































































































































0.3354     4.8077     7.556      L-PM/MAX
0.3777     4.7751     7.3793
0.4026     4.7652     7.1827
0.4257     4.7412     6.9126
0.4466     4.7092     6.6657
0.472      4.656      6.4267
0.4853     4.6068     6.2419
0.5403     4.5362     5.9884
0.6444     4.4773     5.8129
0.677      4.3755     5.6598
0.756      4.2673     5.5134
0.8161     4.1547     5.3783
0.8759     3.9868     5.1784
0.908      3.8738     4.9845
0.9556     3.7751     4.7747
0.9801     3.6935     4.6572
0.9905     3.6095     4.4989
0.9452     3.7059     4.3089






















































































































































































-2.0483    5.2979     4.5077     ROSTRUM
-1.9493    5.2869     4.7401
-1.8174    5.235      5.0018
-1.658     5.212      5.2207
-1.4707    5.1926     5.4814
-1.3047    5.1732     5.8199
-1.1855    5.1363     6.0055
-0.9673    5.0708     6.23
-0.8111    5.0463     6.4173
-0.6622    4.9648     6.7562
-0.5931    4.9325     7.0452
-0.5222    4.8416     7.3416
-0.4808    4.811      7.6214
-0.3936    4.7574     7.9003
-0.1445    4.6883     8.074
0.1434     4.7404     7.9748
0.3612     4.8304     7.6554
0.4144     4.8896     7.3692
0.4218     4.9359     6.9797
0.4824     5.0099     6.728
0.5808     5.106      6.3975
0.7085     5.1175     6.1453
0.8206     5.1581     5.955
1.0259     5.2116     5.7528
1.1235     5.25       5.5051
1.2401     5.3038     5.3042
1.3944     5.3496     5.0813
1.4953     5.4133     4.9621
1.5719     5.4482     4.8377
1.6731     5.4731     4.5835
1.7148     5.5153     4.4235
1.713      5.5433     4.2773








































































































































































-3.7445    6.5906     8.1733     SUPORB
-3.7035    6.4905     8.3846
-3.4811    6.3287     8.567
-3.2347    6.1356     8.7086
-3.0663    6.0022     8.8027
-2.915     5.8986     8.8603
-2.7609    5.7379     8.9232
-2.5471    5.5386     8.9789
-2.337     5.419      9.0261
-2.0343    5.3417     9.0722
-1.8166    5.2046     9.0518
-1.4679    5.1577     9.0477
-1.0473    5.1333     9.0174
-0.8119    5.1164     9.0344
-0.472     5.0506     8.9557
-0.3044    4.9982     8.8726
-0.1399    5.0205     8.8174
0.003      5.0649     8.8598
0.1781     5.0327     8.8623
0.3702     5.0648     8.947
0.6104     5.158      8.9982
0.8347     5.2068     9.0449
1.3876     5.3502     9.0309
1.6497     5.4464     9.0054
1.911      5.5534     9.0008
2.2769     5.7965     8.876
2.5327     6.0505     8.7798
2.7045     6.2025     8.724
2.8852     6.4464     8.5826
3.0297     6.6719     8.4805
3.165      6.7607     8.3624
3.3177     6.8428     8.2186
3.4083     6.9907     8.0945
3.4788     6.9829     7.916






































































































































































-2.1426    5.7982     6.2391     RORBIT
-2.3645    5.8307     6.2506
-2.6054    5.8748     6.2657
-2.8169    5.9752     6.4238
-3.0409    6.0263     6.615
-3.1777    6.0734     6.8775
-3.2735    6.0733     7.1747
-3.3032    6.0738     7.4103
-3.343     6.1042     7.5668
-3.3393    6.0233     7.8064
-3.2159    5.8978     7.9752
-3.0848    5.7904     8.1764
-2.935     5.7159     8.3088
-2.753     5.5714     8.4433
-2.5749    5.416      8.5501
-2.4288    5.2973     8.6417
-2.2024    5.1982     8.6568
-1.9498    5.1125     8.644
-1.7384    5.0391     8.6364
-1.5126    5.0082     8.5675
-1.2142    5.0466     8.4839
-1.011     5.0308     8.4435
-0.8914    5.0677     8.3999
-0.7684    5.1353     8.2355
-0.7503    5.4021     7.9795
-0.7231    5.4375     7.8489














































































































































































1.7149     6.0357     6.1942     LORBIT
1.9787     6.093      6.1583
2.2872     6.175      6.1881
2.487      6.2664     6.3066
2.6228     6.3264     6.4579
2.7814     6.3822     6.6702
2.8845     6.4265     6.9254
2.9345     6.4214     7.1061
2.9759     6.4499     7.3212
3.0791     6.4387     7.4743
3.0032     6.355      7.6847
2.9203     6.2249     7.923
2.8113     6.1075     8.09
2.6571     5.9943     8.2528
2.5206     5.8605     8.3503
2.2741     5.6538     8.5048
1.9957     5.4776     8.5651
1.7456     5.3558     8.5648
1.4302     5.2568     8.525
0.9911     5.0732     8.5059
0.6231     5.0917     8.3105
0.5686     5.1398     8.1459
0.5083     5.3143     7.8748
0.4948     5.463      7.7184
0.4827     5.5572     7.6713















































































































































































-3.6831    6.6354     8.1677     RTEMFOS
-3.8064    6.5957     7.9771
-3.8558    6.6027     7.6593
-3.8775    6.5323     7.4421
-3.918     6.3993     7.1844
-3.9       6.4133     6.8943
-3.8608    6.3736     6.4917
-3.9325    6.477      6.1203
-4.0215    6.532      5.9423
-4.3448    6.7581     5.7474
-4.4624    6.9714     5.7831
-4.5743    7.141      5.8417
-4.6833    7.2846     5.8662



























































































































































































3.3515     6.9532     8.1238     LTEMFOS
3.4281     6.9843     7.8863
3.5013     6.9394     7.7185
3.5111     6.8824     7.5312
3.5205     6.8925     7.2225
3.5247     6.8626     6.9644
3.5162     6.8168     6.6833
3.4836     6.7993     6.4629
3.4933     6.7909     6.1549
3.5494     6.8738     5.9703
3.6575     6.9637     5.7566
3.7732     7.1358     5.6036
3.8786     7.3315     5.5945
3.9834     7.4971     5.6079
4.023      7.6038     5.6384
4.0689     7.6802     5.6916
4.121      7.8348     5.6977























































































































































































0.4855     3.9175     8.9417     OP
0.3681     5.7215     9.3891     BA
0.075      9.4217     8.5705     ST
-0.2       12.5279    8.5856     IV
-3.1354    5.7648     9.2153     R_PG
-4.44      7.6645     8.5993     R_ZTI
-1.6394    9.3601     9.4336     R_M3D
-2.0457    10.7798    9.2962     R_M12
-1.9401    12.5683    9.0132     R_MP3
-1.2228    13.2754    8.8295     R_PMI
3.7143     6.3369     8.8126     L_PG
4.6177     8.4242     8.0059     L_ZTI
1.6772     9.5491     9.2315     L_M3D
1.9499     11.1108    9.0824     L_M12
1.5468     12.8108    8.9004     L_MP3
0.8064     13.431     8.6936     L_PMI
-1.9407    13.4605    9.2773     O1
-3.3661    9.3548     5.3472     O2
4.7676     7.8667     7.6921     O3
-1.0343    2.7915     6.7964     O4




















































































































































































-3.0972    10.2745    8.8245     RZYGINF
-3.2685    10.2728    8.7888
-3.4758    10.162     8.8452
-3.7147    10.0008    8.9273
-3.8656    9.7989     8.9531
-3.965     9.6048     8.9972
-4.0426    9.4193     9.04
-4.0694    9.2139     9.1106
-4.1146    8.9288     9.1006
-4.1278    8.6796     9.0578
-4.2358    8.4937     8.9385
-4.3025    8.3392     8.876
-4.3472    8.1788     8.8111
-4.401     8.011      8.754
-4.4168    7.8909     8.7356
-4.4858    7.7185     8.5964
























































































































































































2.8247     10.666     8.3892     LZYGINF
2.9893     10.6831    8.3386
3.1686     10.7397    8.2554
3.4405     10.6987    8.2777
3.6778     10.5856    8.3032
3.8534     10.438     8.3459
4.0113     10.2771    8.4225
4.1499     10.1241    8.4057
4.173      9.9463     8.4709
4.2347     9.7951     8.4888
4.2419     9.6159     8.5161
4.2783     9.3606     8.5051
4.3266     9.1698     8.4054
4.3906     9.0288     8.3009
4.4558     8.8664     8.2197
4.5109     8.753      8.1612
4.5693     8.6152     8.1122
4.6224     8.39       8.0134






















































































































































































-1.5976    9.3617     9.5213     R-ALV
-1.7398    9.6783     9.4951
-1.8856    9.9302     9.4626
-2.0091    10.2924    9.4127
-2.0564    10.6257    9.371
-2.0726    10.9768    9.3246
-2.0327    11.2497    9.2459
-2.0098    11.4286    9.2147
-1.9623    11.5755    9.1708
-1.9717    11.7578    9.133
-1.9713    12.0699    9.103
-1.9731    12.2765    9.0577
-1.9743    12.4191    9.0386
-1.9537    12.5196    9.0193


























































































































































































1.6962     9.5465     9.2612     L-ALV
1.7827     9.7348     9.2163
1.859      9.9135     9.1849
1.8979     10.0702    9.1138
1.9451     10.2883    9.0057
1.9957     10.4873    9.0451
1.9803     10.7746    9.0419
1.9625     11.019     9.025
1.9278     11.2001    9.0006
1.8508     11.4195    9.0312
1.8235     11.4608    9.084
1.7379     11.8185    8.9842
1.6856     12.0334    8.9493
1.6729     12.2583    8.9044
1.669      12.4198    8.8727
1.66       12.5754    8.844
1.6209     12.7299    8.8158
