AMNH       99.1/2286  see2bjw
1.2902     23.0754    10.1927    IN
1.1418     19.2314    12.3905    BR
0.8585     14.058     9.9706     GL
0.7763     14.0155    9.7697     NA
0.696      13.3909    8.5473     RH
0.4396     12.6561    6.1641     NS
0.3995     12.5437    5.6216     PR
-0.0295    12.6542    5.639      R_PR2
0.3205     14.0368    9.0563     R_PMS
-1.1883    14.8566    5.8326     R_ZMI
-0.9257    15.2005    7.7931     R_ZMU
0.1231     14.7189    9.2846     R_DA
-1.3614    14.6882    10.1407    R_MTI
-1.3046    14.7869    10.5311    R_MTS
-2.4052    15.6192    9.3431     R_FMO
-2.7255    16.1416    9.7669     R_FMT
-2.1804    20.8304    8.1904     R_PO
-3.5891    17.1218    7.427      R_ZTS
0.9335     12.5026    5.6706     L_PR2
1.0969     13.9903    9.0727     L_PMS
2.5243     14.9569    5.6955     L_ZMI
2.7708     15.0587    7.6424     L_ZMU
1.3625     14.6905    9.184      L_DA
2.8439     14.427     10.0296    L_MTI
2.9203     14.5632    10.4147    L_MTS
3.9177     15.221     9.1366     L_FMO
4.344      15.7578    9.6298     L_FMT
4.2279     20.347     7.9576     L_PO
5.1154     16.3352    7.1194     L_ZTS
0.6961     12.3416    5.5254     O1
3.6366     16.4911    9.6626     O2
-1.7981    16.7509    10.143     O3
1.1265     23.0096    9.5051     O4







































































































































































0.7479     14.065     10.0233    GLRH
0.7555     14.0507    9.9128
0.7332     14.0101    9.7751
0.71       13.9393    9.6217
0.711      13.8346    9.3904
0.6993     13.742     9.2147
0.6845     13.6632    9.1172
0.6757     13.5611    8.9885
0.668      13.4961    8.8625
0.6716     13.4232    8.7357
0.6649     13.3721    8.5495





























































































































































































0.6621     13.3931    8.5452     NOSE
0.4713     13.4246    8.5509
0.341      13.4509    8.4094
0.3034     13.5326    8.2928
0.247      13.5757    8.1068
0.2589     13.5887    7.913
0.1989     13.5603    7.758
0.1912     13.5515    7.4996
0.1532     13.4918    7.3212
0.121      13.3268    6.9821
0.1166     13.1682    6.8218
0.1589     13.0092    6.6805
0.2094     12.8826    6.5897
0.3039     12.7561    6.3936
0.3855     12.7089    6.2493
0.7168     12.7299    6.4547
0.8202     12.9113    6.6296
0.8799     13.0575    6.67
0.9131     13.1779    6.7913
0.9483     13.2448    6.8565
1.0321     13.3264    6.9706
1.0293     13.3933    7.1031
1.0805     13.4719    7.3266
1.0926     13.5434    7.5716
1.1007     13.5511    7.7511
1.0514     13.5695    7.9542
1.0999     13.5399    8.2075
0.9633     13.4664    8.3028
0.8753     13.3823    8.5333
0.6648     13.3785    8.5426










































































































































































0.4693     12.6287    6.1644     NASP-PR
0.4776     12.5742    6.0838
0.4826     12.5252    5.9498
0.4526     12.4936    5.8159
0.4112     12.5372    5.5809



































































































































































































0.3069     14.0541    9.0593     R-PM/MAX
0.2984     14.0626    8.9024
0.2636     14.0591    8.7194
0.2263     14.0159    8.4943
0.2051     14.0146    8.3477
0.1834     13.9742    8.1799
0.1378     13.9629    7.9892
0.1098     13.9215    7.8678
0.0875     13.9172    7.7686
-0.0392    13.8473    7.4286
-0.1462    13.727     7.2129
-0.2626    13.5289    6.9668
-0.3768    13.3919    6.7586
-0.3336    13.2799    6.5938
-0.2118    13.1053    6.4302
-0.236     12.9255    6.289
-0.2773    12.8375    6.1238
-0.4447    12.8946    5.9041






















































































































































































1.0089     14.0035    9.0817     L-PM/MAX
1.0494     13.9617    8.7982
1.0848     13.9451    8.5651
1.0871     13.9211    8.3183
1.104      13.8672    8.1623
1.1577     13.8367    7.9094
1.1717     13.8142    7.6888
1.1627     13.6677    7.4224
1.3012     13.4637    6.9918
1.306      13.3161    6.8361
1.369      13.1501    6.6328
1.384      13.0001    6.3923
1.4084     12.9286    6.2382
1.4348     12.8548    6.1055
1.4        12.7874    5.8902

























































































































































































-1.3149    14.8053    5.9381     ROSTRUM
-1.2552    14.7921    6.0915
-1.175     14.7723    6.2605
-1.0691    14.7474    6.4974
-0.935     14.6933    6.6949
-0.7946    14.6712    6.8854
-0.6845    14.6656    7.0375
-0.5859    14.6269    7.2028
-0.4811    14.5998    7.4451
-0.3107    14.539     7.6351
-0.1607    14.488     7.8494
-0.0537    14.4462    8.0217
0.023      14.3876    8.2258
0.0752     14.3044    8.3656
0.1094     14.2548    8.5333
0.1661     14.1814    8.7503
0.1843     14.0644    8.9625
0.2922     13.946     9.2436
0.5699     13.8524    9.3634
0.8716     13.8535    9.2451
0.9952     13.931     9.0803
1.0593     14.0407    8.8291
1.0784     14.0836    8.5817
1.1747     14.225     8.3521
1.2225     14.2848    8.0957
1.2933     14.3599    7.9149
1.3924     14.4008    7.7121
1.4926     14.4527    7.5951
1.5754     14.4417    7.4171
1.6773     14.4576    7.3092
1.7883     14.4951    7.1152
1.8572     14.5115    6.9561
1.9369     14.5109    6.8011
2.058      14.5505    6.6533
2.1423     14.557     6.5007
2.2314     14.5497    6.3514
2.329      14.576     6.1757
2.3704     14.5934    6.0391
2.384      14.6328    5.7155

































































































































































-2.8494    16.1919    9.6522     SUPORB
-2.724     15.993     9.8607
-2.6111    15.7704    9.9512
-2.4112    15.6131    10.1358
-2.0961    15.2564    10.2925
-1.8612    15.0764    10.391
-1.6325    14.9398    10.4472
-1.4189    14.8304    10.4818
-1.2118    14.6889    10.4792
-1.0114    14.556     10.4523
-0.778     14.5024    10.4497
-0.4992    14.4258    10.4373
-0.2636    14.4237    10.4312
0.0444     14.4014    10.4247
0.3602     14.1891    10.2323
0.607      14.2165    10.2516
0.8781     14.1888    10.2746
1.1837     14.1546    10.3321
1.4883     14.24      10.429
1.7597     14.3074    10.3523
2.0862     14.3548    10.4441
2.331      14.4372    10.4296
2.5338     14.4994    10.4099
2.767      14.6195    10.3705
2.9541     14.6964    10.3327
3.1721     14.7926    10.2801
3.387      14.8878    10.2325
3.597      15.0638    10.1342
3.7489     15.16      10.0134
3.9197     15.2965    9.9128
4.068      15.4933    9.807
4.2183     15.6918    9.6532








































































































































































-1.0795    15.2906    7.7522     RORBIT
-1.2193    15.3382    7.7251
-1.3348    15.3487    7.712
-1.4773    15.3961    7.7267
-1.6509    15.4565    7.7714
-1.7802    15.5472    7.82
-1.9444    15.6209    7.9456
-2.0481    15.6516    8.044
-2.1516    15.7036    8.1582
-2.2489    15.6969    8.1988
-2.3396    15.7003    8.361
-2.3875    15.7249    8.5142
-2.398     15.7213    8.7074
-2.4547    15.7327    8.8852
-2.4717    15.7399    9.0378
-2.441     15.6944    9.2501
-2.2981    15.5664    9.4857
-2.1876    15.4355    9.6619
-2.0308    15.2868    9.8234
-1.8505    15.1       9.9466
-1.7032    14.9447    10.0266
-1.4857    14.8054    10.0467
-1.3217    14.6961    10.0767
-1.1682    14.6093    10.0584
-1.0266    14.5484    10.0297
-0.8582    14.4565    10.0134
-0.6544    14.4283    9.9809
-0.4798    14.4749    9.9388
-0.3822    14.4934    9.8985
-0.1396    14.5138    9.8108
-0.064     14.5985    9.6158
0.0951     14.6753    9.2167








































































































































































2.7511     15.057     7.6215     LORBIT
2.9334     15.0887    7.6301
3.1385     15.1422    7.6939
3.3425     15.2088    7.8278
3.5408     15.24      8.0186
3.6545     15.2657    8.2391
3.7505     15.2402    8.4526
3.8087     15.2442    8.6911
3.8486     15.2592    8.9244
3.7806     15.1323    9.2161
3.6692     15.0246    9.4013
3.4827     14.9322    9.5898
3.362      14.8496    9.7232
3.1174     14.756     9.8321
2.8524     14.6516    9.9358
2.6223     14.5652    9.9607
2.3808     14.3981    9.9999
2.1844     14.297     9.9642
1.9462     14.1882    9.9526
1.6738     14.2596    9.8563
1.4393     14.306     9.765
1.2758     14.3218    9.4563
1.3111     14.4331    9.3575
1.2785     14.5809    9.0589
















































































































































































-2.8054    16.2435    9.7018     RTEMFOS
-2.9482    16.1993    9.3943
-2.9955    16.2164    9.092
-2.9979    16.192     8.886
-2.9977    16.1506    8.6493
-2.9822    16.135     8.4303
-2.9633    16.1554    8.2088
-2.9533    16.1543    7.9791
-2.9774    16.1374    7.8178
-3.0449    16.1952    7.5756
-3.164     16.3154    7.3716
-3.3138    16.562     7.2745
-3.412     16.6864    7.2814
-3.5254    16.8912    7.2953
-3.6181    17.2135    7.4196

























































































































































































4.2602     15.6793    9.6378     LTEMFOS
4.3343     15.7173    9.4748
4.3788     15.667     9.3085
4.4248     15.6156    9.1742
4.3885     15.6299    8.9566
4.4118     15.603     8.8292
4.4312     15.5587    8.6604
4.4049     15.5825    8.4603
4.408      15.581     8.2791
4.355      15.5599    8.0605
4.3388     15.5135    7.8195
4.3902     15.5731    7.6353
4.4284     15.5847    7.4999
4.4947     15.6493    7.3445
4.5526     15.7244    7.188
4.7181     15.8949    7.0867
4.8156     16.0286    7.082
4.9375     16.2222    7.1354
5.083      16.4656    7.1996





















































































































































































0.4379     12.3927    10.2927    OP
0.5922     14.1073    10.875     BA
0.7522     17.9634    10.4738    ST
0.9892     20.8123    10.6274    IV
-2.8437    14.8321    10.762     R_PG
-3.8805    16.9222    10.3066    R_ZTI
-0.7751    17.9708    11.3098    R_M3D
-0.9984    19.493     11.3508    R_M12
-0.7075    21.1598    11.0971    R_MP3
0.1763     21.7686    10.9827    R_PMI
4.0129     14.3218    10.3749    L_PG
5.2347     16.3404    9.7451     L_ZTI
2.5018     17.7628    11.0126    L_M3D
2.9412     19.1789    11.0761    L_M12
2.7879     20.9642    10.9007    L_MP3
1.9221     21.672     10.9451    L_PMI
1.3482     22.627     11.1153    O1
3.3475     17.46      7.2474     O2
-2.0739    17.9878    7.3539     O3
0.1794     11.5449    8.511      O4




















































































































































































-1.7327    19.0714    10.7555    RZYGINF
-1.9829    19.0334    10.7634
-2.3233    18.892     10.7149
-2.514     18.7981    10.7226
-2.6709    18.655     10.762
-2.7807    18.5721    10.7797
-2.8607    18.4002    10.8006
-2.9541    18.2874    10.8464
-2.9974    18.1534    10.8357
-3.1122    17.9884    10.8429
-3.2249    17.8666    10.8328
-3.3344    17.7218    10.7782
-3.5137    17.5727    10.7332
-3.6501    17.3305    10.6176
-3.718     17.1671    10.5147
-3.777     17.0258    10.4807
-3.8791    16.8041    10.3668























































































































































































3.8668     18.7349    10.3615    LZYGINF
3.9518     18.5462    10.3488
4.0736     18.4696    10.3115
4.2138     18.4016    10.2793
4.4049     18.2326    10.2828
4.4659     18.0442    10.3232
4.5576     17.8955    10.3279
4.6579     17.7325    10.3477
4.6898     17.6038    10.3449
4.783      17.4385    10.2998
4.9292     17.1607    10.2173
5.0555     17.0181    10.1108
5.0985     16.8696    10.0273
5.1422     16.7397    9.9352
5.1428     16.6122    9.9049
5.2069     16.4006    9.7291
























































































































































































-0.8116    17.978     11.3473    R-ALV
-0.9278    18.188     11.2831
-0.9627    18.3245    11.327
-1.0521    18.5106    11.2724
-1.0645    18.6219    11.3002
-1.089     18.7534    11.282
-1.1148    18.8669    11.309
-1.0857    19.1041    11.2855
-1.0824    19.2685    11.3083
-1.0688    19.5028    11.3026
-1.0324    19.7468    11.3211
-0.9598    19.9413    11.2919
-0.8935    20.1997    11.1564
-0.8093    20.4222    11.1375
-0.81      20.6485    11.1156
-0.8211    20.7639    11.113
-0.7991    20.872     11.1138
-0.8037    20.9846    11.0102
-0.7546    21.1911    11.0208





















































































































































































2.4366     17.7124    11.0881    L-ALV
2.5593     17.8316    11.072
2.6895     18.1242    11.0595
2.776      18.3336    11.0253
2.8581     18.5158    11.0725
2.8859     18.7116    11.0826
2.9088     18.9155    11.0866
2.9059     19.1345    11.0882
2.8882     19.3268    11.0937
2.8786     19.6176    11.0602
2.8414     19.8684    10.9542
2.8038     20.042     11.019
2.8265     20.2392    10.9805
2.8392     20.3691    10.932
2.8712     20.6174    10.8905
2.8667     20.808     10.8886
2.7896     21.0054    10.8842
