NMNH       290065     See6stv
9999       9999       9999       IN
9999       9999       9999       BR
-0.4866    10.0376    7.7268     GL
-0.5018    10.0463    7.7341     NA
-0.695     8.5536     6.2511     RH
-0.878     6.6475     3.6327     NS
-0.8912    5.843      2.8717     PR
-1.5661    5.9495     2.8586     R_PR2
-1.1499    9.1347     6.479      R_PMS
-4.0714    10.8404    3.942      R_ZMI
-2.5164    10.3082    5.3169     R_ZMU
-1.3058    10.4384    6.8721     R_DA
-2.4469    10.879     8.0616     R_MTI
-2.3395    11.0717    8.429      R_MTS
-3.8767    11.4654    7.059      R_FMO
-4.4566    12.0852    7.267      R_FMT
-4.3395    17.1009    5.0801     R_PO
-5.3746    12.07      4.5964     R_ZTS
-0.2795    5.8992     2.8845     L_PR2
-0.2731    9.4493     6.9089     L_PMS
3.0384     10.5946    3.9749     L_ZMI
1.195      10.1796    5.3644     L_ZMU
0.2258     10.4742    6.661      L_DA
1.158      10.6777    7.9025     L_MTI
1.0048     10.8735    8.4155     L_MTS
2.9002     11.4318    6.8489     L_FMO
3.433      11.824     7.072      L_FMT
9999       9999       9999       L_PO
9999       9999       9999       L_ZTS
-0.4365    5.593      2.761      O1
1.5848     9.3651     3.3236     O2
3.0613     12.0552    7.6292     O3
-5.7022    13.0856    4.0598     O4







































































































































































-0.561     10.0029    7.7164     GLRH
-0.5559    9.8976     7.6124
-0.5221    9.8024     7.4567
-0.5776    9.6979     7.3508
-0.6266    9.5706     7.1765
-0.6414    9.4518     7.08
-0.6182    9.2995     6.961
-0.6573    9.1589     6.8173
-0.6589    8.981      6.6846
-0.6836    8.8181     6.5716
-0.6699    8.7053     6.4678
-0.7019    8.5713     6.3297
-0.7124    8.5325     6.2268



























































































































































































-0.7395    8.5436     6.2142     NOSE
-1.0315    8.6102     6.2131
-1.1682    8.5694     6.0471
-1.2329    8.4977     5.8454
-1.2843    8.4464     5.6989
-1.3077    8.4149     5.5815
-1.3383    8.3625     5.4704
-1.4086    8.2912     5.3398
-1.3898    8.2162     5.196
-1.4556    8.1741     5.0325
-1.4753    8.0747     4.8913
-1.5073    8.022      4.7319
-1.482     7.8581     4.5072
-1.4116    7.6438     4.2951
-1.3702    7.4114     4.1379
-1.306     7.269      4.0144
-1.2243    7.0685     3.8989
-1.1607    6.9161     3.7911
-1.031     6.7718     3.7126
-0.8445    6.6225     3.6658
-0.6942    6.711      3.6958
-0.5968    6.8632     3.8124
-0.4932    6.9949     3.9364
-0.3683    7.1306     4.0336
-0.2384    7.2908     4.1646
-0.1596    7.4847     4.2916
-0.1363    7.6614     4.4267
-0.0858    7.7977     4.5699
-0.0553    7.9526     4.7592
-0.0691    8.0831     4.9855
-0.1027    8.1347     5.1768
-0.1504    8.211      5.384
-0.172     8.349      5.5992
-0.2024    8.4338     5.8006
-0.243     8.5003     5.9125
-0.2631    8.5343     6.1204
-0.374     8.5422     6.14
-0.4992    8.526      6.1448
-0.7324    8.5689     6.2187

































































































































































-0.8467    6.7511     3.645      NASP-PR
-0.9141    6.4887     3.6464
-0.89      6.3045     3.5417
-0.8828    6.1228     3.3927
-0.8974    5.9773     3.2209
-0.878     5.9119     3.1088
-0.8694    5.8754     3.0572
-0.8494    5.8266     2.9167
































































































































































































-1.1812    9.1582     6.4469     R-PM/MAX
-1.2524    9.0417     6.2754
-1.3057    8.9414     6.102
-1.392     8.8317     5.8805
-1.4757    8.7015     5.5921
-1.5487    8.5426     5.3282
-1.6055    8.4459     5.1079
-1.7777    8.1827     4.7464
-1.8216    7.965      4.5781
-1.8875    7.7418     4.4084
-1.9217    7.5361     4.2036
-1.9555    7.3536     4.0543
-2.015     7.1285     3.8998
-2.0893    6.9217     3.697
-2.0984    6.7296     3.5827
-2.1066    6.4891     3.4115
-2.1393    6.3826     3.1687
-2.1833    6.413      2.8963
-2.1774    6.4294     2.8374





















































































































































































-0.2845    9.4579     6.8938     L-PM/MAX
-0.1883    9.2631     6.6198
-0.0857    9.0949     6.3174
-0.0371    8.9145     6.0468
0.0089     8.7668     5.7503
0.0982     8.611      5.4306
0.1409     8.4006     5.1415
0.148      8.1955     4.9351
0.2825     7.9435     4.6923
0.2585     7.4154     4.3204
0.2722     7.233      4.1777
0.2612     7.0068     4.0093
0.2661     6.7794     3.8316
0.3025     6.5929     3.6385
0.2977     6.4353     3.491
0.3773     6.2699     3.3334
0.3987     6.2076     3.0984
0.4595     6.2982     2.8957






















































































































































































-3.0187    9.6365     2.7812     ROSTRUM
-3.015     9.6203     3.0282
-2.9165    9.6053     3.3337
-2.7777    9.6044     3.5235
-2.6605    9.5882     3.709
-2.5753    9.5701     3.8903
-2.5031    9.5963     4.0878
-2.4447    9.5703     4.3129
-2.3895    9.5858     4.479
-2.2879    9.5641     4.6539
-2.1762    9.5165     4.8442
-2.0925    9.5177     5.0997
-1.9127    9.5044     5.3655
-1.7591    9.4352     5.5084
-1.6339    9.4017     5.6996
-1.5344    9.4129     5.8834
-1.3998    9.402      6.1248
-1.2665    9.3757     6.3607
-1.1889    9.424      6.6428
-1.0375    9.3946     6.8245
-0.8366    9.3829     6.9739
-0.7351    9.356      7.0094
-0.5141    9.3476     6.9777
-0.2523    9.304      6.8012
-0.1123    9.3394     6.6278
0.019      9.3683     6.2838
0.1528     9.3307     6.0149
0.3141     9.3144     5.766
0.4629     9.3362     5.555
0.6345     9.29       5.3069
0.7477     9.3142     5.1878
0.9267     9.2168     4.6352
0.9827     9.2182     4.4255
1.0427     9.2423     4.192
1.1291     9.2581     3.9913
1.2684     9.3259     3.7723
1.4094     9.2964     3.5451
1.5514     9.3214     3.416
1.7239     9.3757     2.9385
1.7271     9.3734     2.8035
1.7201     9.3466     2.6228































































































































































-4.4592    12.0757    7.2611     SUPORB
-4.3326    12.0882    7.4714
-4.2255    12.0637    7.6266
-4.0464    12.0681    7.8107
-3.8162    11.9503    7.9132
-3.5229    11.7689    8.082
-3.2935    11.6225    8.1958
-3.0349    11.461     8.3001
-2.7038    11.2741    8.4038
-2.4546    11.1311    8.4253
-2.1592    11.0278    8.4584
-1.9565    10.9447    8.4434
-1.7044    10.8554    8.4507
-1.4609    10.763     8.4461
-1.241     10.6671    8.4044
-1.0089    10.6083    8.3698
-0.7564    10.4485    8.2867
-0.5771    10.4356    8.2183
-0.423     10.4489    8.2236
-0.2246    10.4821    8.291
0.0813     10.6421    8.3641
0.3474     10.6807    8.392
0.6032     10.8688    8.4171
0.852      10.934     8.4176
1.0591     11.0008    8.4359
1.2458     11.0884    8.4141
1.5135     11.1967    8.3638
1.7146     11.2329    8.306
1.9452     11.3882    8.2396
2.1481     11.4912    8.1494
2.3471     11.5732    8.0566
2.546      11.7155    7.9364
2.7591     11.8434    7.8274
2.8814     11.9284    7.7671
3.0343     11.9914    7.7313
3.1712     12.0587    7.5974
3.4457     12.0265    7.178



































































































































































-2.4829    10.3336    5.3435     RORBIT
-2.6918    10.393     5.2699
-2.8042    10.4467    5.2438
-2.9677    10.5363    5.2388
-3.17      10.6016    5.2655
-3.312     10.7019    5.3103
-3.4085    10.741     5.3393
-3.5517    10.8451    5.4232
-3.7045    10.9882    5.5898
-3.76      11.0902    5.7186
-3.8731    11.2462    6.0266
-3.9016    11.3454    6.2495
-3.9005    11.4207    6.4678
-3.8974    11.5179    6.6843
-3.8974    11.5474    6.9126
-3.7787    11.4935    7.0875
-3.6351    11.4422    7.3069
-3.5248    11.4055    7.5443
-3.2199    11.4079    7.6669
-2.946     11.2653    7.8714
-2.6149    11.0812    7.9453
-2.3347    10.9206    7.944
-1.9827    10.7542    7.933
-1.7807    10.6843    7.932
-1.5478    10.6464    7.8334
-1.3685    10.5674    7.6881
-1.27      10.537     7.487
-1.2559    10.4098    7.1419
-1.3062    10.434     6.8502











































































































































































1.2181     10.1818    5.3572     LORBIT
1.4664     10.2154    5.2636
1.7066     10.3038    5.2135
1.8721     10.3914    5.2108
2.071      10.4781    5.2224
2.2741     10.5695    5.2692
2.4349     10.7056    5.3706
2.6015     10.8487    5.5242
2.7075     10.9946    5.6988
2.8638     11.1522    6.0352
2.9087     11.2764    6.3207
2.9571     11.3632    6.5503
2.9223     11.4521    6.7809
2.7593     11.4001    7.0294
2.6346     11.352     7.2414
2.481      11.3258    7.495
2.2804     11.2992    7.6145
2.1282     11.2325    7.728
1.889      11.0867    7.8143
1.6677     10.9604    7.8457
1.4589     10.8692    7.8717
1.1747     10.7265    7.8926
0.9685     10.6364    7.8969
0.6637     10.5845    7.8586
0.4034     10.5111    7.7347
0.2425     10.4391    7.5685
0.2001     10.4673    7.2436
0.2219     10.4879    7.0078
0.2515     10.5313    6.8245











































































































































































-4.4873    12.0842    7.1987     RTEMFOS
-4.5417    11.9991    6.9357
-4.5928    11.8863    6.6932
-4.5895    11.8194    6.5266
-4.6365    11.7118    6.3777
-4.6515    11.6304    6.2364
-4.6823    11.5947    6.0422
-4.6879    11.5602    5.9168
-4.7447    11.4839    5.6002
-4.7686    11.428     5.451
-4.7943    11.41      5.2322
-4.8663    11.3713    5.0486
-4.9628    11.454     4.8482
-5.0403    11.5481    4.7535
-5.1225    11.6503    4.6954
-5.2148    11.7798    4.6485
-5.2574    11.9075    4.6454
-5.2809    11.9936    4.6276






















































































































































































9999       9999       9999       LTEMFOS







































































































































































































9999       9999       9999       OP
9999       9999       9999       BA
2.1196     8.2782     5.8991     ST
2.2761     12.4518    5.7239     IV
-1.9605    4.2814     6.45       R_PG
-3.2261    7.0658     5.6896     R_ZTI
0.1681     9.0211     6.7088     R_M3D
-0.2115    10.8719    6.5488     R_M12
0.0725     12.9175    6.3025     R_MP3
0.9846     14.0719    5.9278     R_PMI
9999       9999       9999       L_PG
9999       9999       9999       L_ZTI
3.9734     8.9026     6.7837     L_M3D
4.5235     10.9132    6.3837     L_M12
4.2618     12.9508    6.2102     L_MP3
3.3712     13.9365    5.8179     L_PMI
2.6356     14.7643    5.8074     O1
4.3767     10.863     5.7286     O2
5.6781     7.5446     1.7963     O3
-3.1327    7.6367     5.4987     O4




















































































































































































-1.4055    9.7708     5.3003     RZYGINF
-1.5069    9.5566     5.3656
-1.6676    9.3818     5.3516
-1.839     9.3089     5.3444
-2.0842    9.2078     5.367
-2.2603    9.0712     5.4574
-2.3687    8.9336     5.5168
-2.4678    8.7523     5.6038
-2.575     8.5876     5.6811
-2.6593    8.4322     5.7481
-2.7419    8.2649     5.8054
-2.8388    8.0986     5.8632
-2.9729    7.8465     5.8689
-3.0175    7.7066     5.831
-3.044     7.48       5.7974
-3.1416    7.2878     5.7812
-3.2036    7.058      5.7017























































































































































































9999       9999       9999       LZYGINF







































































































































































































0.1451     9.0655     6.7085     R-ALV
0.0135     9.363      6.7676
-0.0813    9.5997     6.7073
-0.1402    9.7552     6.6838
-0.1865    9.9642     6.6719
-0.243     10.2009    6.6172
-0.2684    10.5245    6.5673
-0.2235    10.8888    6.4403
-0.1703    11.1529    6.4236
-0.1597    11.3699    6.3888
-0.1166    11.5725    6.366
0.037      11.7635    6.4504
0.0726     11.9745    6.4244
0.0489     12.1763    6.3792
0.0624     12.3915    6.3739
0.0678     12.6154    6.3525
0.0576     12.8329    6.3183
0.0649     12.9788    6.2146






















































































































































































4.0341     8.9529     6.747      L-ALV
4.1807     9.1039     6.7443
4.3262     9.3938     6.6706
4.4126     9.5708     6.6625
4.4835     9.8355     6.5832
4.5642     10.0905    6.497
4.5967     10.3952    6.4897
4.6045     10.6396    6.4861
4.535      10.9185    6.3854
4.4749     11.1886    6.3088
4.467      11.4288    6.2296
4.2617     11.8403    6.2041
4.264      12.0851    6.2208
4.2783     12.2503    6.1748
4.2968     12.4824    6.1542
4.3046     12.7672    6.146
4.2519     13.0515    6.1706
