NME        L345-287   Tb2sf
17.1699    18.4176    -13.6927   IN
13.6773    14.4289    -15.5946   BR
9999       9999       9999       GL
9999       9999       9999       NA
6.0886     5.4075     -7.5842    RH
4.7727     4.008      -3.93      NS
4.5882     3.7662     -2.3077    PR
5.4985     3.2145     -2.2674    R_PR2
7.1354     6.0401     -8.3465    R_PMS
12.4894    5.8694     -8.3835    R_ZMI
10.9223    8.362      -11.506    R_ZMU
10.2494    9.0151     -12.5298   R_DA
11.4982    8.1928     -14.4467   R_MTI
11.74      8.6038     -15.4657   R_MTS
13.3477    8.1603     -13.5329   R_FMO
14.4194    8.552      -13.2755   R_FMT
18.025     12.6805    -11.5585   R_PO
15.0534    6.8963     -10.2279   R_ZTS
4.0139     4.4761     -2.3226    L_PR2
6.4522     6.6431     -8.2773    L_PMS
5.6892     11.9079    -7.9319    L_ZMI
8.3967     10.6887    -11.3001   L_ZMU
9.1777     9.9287     -12.6002   L_DA
7.9805     11.1885    -14.5022   L_MTI
8.4504     11.6719    -15.5301   L_MTS
7.7565     13.0799    -13.5032   L_FMO
9999       9999       9999       L_FMT
11.276     18.4747    -11.6891   L_PO
6.2207     14.485     -10.1215   L_ZTS
5.0417     3.048      -3.1592    O1
3.4228     14.1612    -8.2167    O2
13.2549    9.5796     -14.8227   O3
16.0351    19.5542    -13.2169   O4







































































































































































9.2001     9.2082     -12.2094   GLRH
9.1522     9.1358     -12.0283
9.1283     9.0855     -11.8935
9.0312     9.0159     -11.7805
9.0225     8.9195     -11.6292
8.9347     8.7958     -11.4311
8.8733     8.7437     -11.3006
8.7631     8.6876     -11.1744
8.6875     8.6282     -11.0466
8.6386     8.53       -10.8502
8.57       8.4188     -10.7034
8.4793     8.3154     -10.5257
8.3661     8.2197     -10.351
8.2697     8.1196     -10.1947
8.1857     8.0194     -10.0173
8.0866     7.9218     -9.8558
7.9803     7.7522     -9.6419
7.8857     7.6292     -9.4876
7.7708     7.4575     -9.3027
7.6511     7.3057     -9.1313
7.5508     7.1841     -9.0169
7.3881     7.0868     -8.9035
7.292      6.9562     -8.7902
7.185      6.8066     -8.6956
6.9964     6.6297     -8.6101
6.8789     6.4476     -8.547
6.6971     6.2883     -8.4286
6.6416     6.2716     -8.3656
6.5076     6.0215     -8.2612
6.4232     5.8744     -8.1503
6.3287     5.7553     -8.0451
6.2515     5.6139     -7.9414
6.1408     5.4815     -7.7935
6.091      5.3532     -7.607






































































































































































6.1491     5.329      -7.622     NOSE
6.4334     5.2556     -7.693
6.5247     5.021      -7.58
6.4336     4.7816     -7.4118
6.4132     4.5447     -7.2938
6.2762     4.4435     -7.1563
6.2576     4.2811     -6.9889
6.197      4.1568     -6.8915
6.1051     3.986      -6.7716
6.0565     3.8019     -6.6359
5.9506     3.7022     -6.4541
5.802      3.6794     -6.2452
5.7399     3.6225     -6.066
5.649      3.6066     -5.9341
5.5818     3.591      -5.8468
5.5619     3.5423     -5.6664
5.524      3.4857     -5.4254
5.4923     3.4201     -5.2334
5.417      3.4291     -5.0712
5.3723     3.4577     -4.9228
5.2895     3.4735     -4.7605
5.2576     3.4878     -4.5665
5.1653     3.5388     -4.4076
5.0549     3.5998     -4.3229
4.9585     3.6582     -4.2583
4.8856     3.6486     -4.1174
4.8205     3.7223     -4.0202
4.7545     3.9101     -3.8751
4.6678     3.9267     -3.8798
4.5748     3.931      -4.0807
4.5133     4.0408     -4.248
4.4224     4.1468     -4.3665
4.4455     4.2573     -4.5446
4.3413     4.3424     -4.7017
4.3784     4.3581     -4.7642
4.32       4.3821     -4.8762
4.3134     4.3904     -4.986
4.278      4.425      -5.2021
4.3512     4.4906     -5.4004
4.3149     4.5729     -5.573
4.2956     4.6193     -5.6702
4.3522     4.6631     -5.8673
4.371      4.7469     -6.0585
4.4103     4.8024     -6.3368
4.3684     4.9074     -6.5094
4.4004     5.0045     -6.6477
4.6057     5.0508     -6.775
4.681      5.2259     -6.9358
4.7947     5.3347     -7.021
4.9342     5.4366     -7.0389
5.1002     5.5253     -7.2054
5.2318     5.5169     -7.3197
5.3668     5.5281     -7.3596
5.4568     5.5686     -7.4185
5.5578     5.6177     -7.4941
5.6983     5.6525     -7.5445
5.8254     5.6728     -7.5919
5.9436     5.628      -7.6095
6.0396     5.5409     -7.6216
6.1101     5.3763     -7.6185












































































































































4.7087     3.9091     -3.8797    NASP-PR
4.7026     3.857      -3.6705
4.6245     3.7688     -3.5406
4.6011     3.7412     -3.4007
4.5489     3.7131     -3.2216
4.5489     3.7272     -3.0409
4.5428     3.6868     -2.8405
4.544      3.7035     -2.6858
4.559      3.7174     -2.5227
4.5812     3.7191     -2.3881
4.6108     3.7562     -2.2622





























































































































































































7.154      6.0959     -8.3907    R-PM/MAX
7.1257     5.9603     -8.3442
7.1154     5.8779     -8.271
7.0692     5.7925     -8.2123
7.006      5.6844     -8.0954
6.9348     5.5231     -8.0224
6.9122     5.39       -7.9757
6.8782     5.3066     -7.9077
6.8712     5.1736     -7.8212
6.7971     5.0709     -7.7198
6.7226     4.9688     -7.6407
6.6227     4.8271     -7.5096
6.6086     4.7015     -7.4573
6.5632     4.578      -7.3937
6.544      4.4371     -7.3208
6.4768     4.321      -7.2524
6.5642     4.174      -7.2042
6.6489     4.0707     -7.1124
6.7393     4.0183     -7.0049
6.7175     3.9702     -6.8901
6.7303     3.9435     -6.7942
6.6965     3.8794     -6.648
6.6324     3.7895     -6.4591
6.5439     3.6535     -6.2269
6.5314     3.5879     -6.0843
6.4996     3.4882     -5.9005
6.498      3.4029     -5.7463
6.4493     3.305      -5.5871
6.4363     3.2397     -5.4321
6.4555     3.1851     -5.2875
6.4587     3.1271     -5.1318
6.4759     3.0787     -5.036
6.5129     2.9467     -4.7717
6.5686     2.8547     -4.561
6.6307     2.7541     -4.4006
6.7226     2.602      -4.043
6.8134     2.5219     -3.8992
6.8107     2.4885     -3.7354
6.7665     2.4658     -3.5733
6.7698     2.5045     -3.3934
6.7671     2.5662     -3.2076
6.6859     2.7115     -2.979
6.5608     2.8354     -2.8174
6.4824     2.9469     -2.7101




























































































































































6.4383     6.6259     -8.2592    L-PM/MAX
6.3144     6.5731     -8.2392
6.212      6.5034     -8.142
6.1142     6.4144     -8.0673
6.0012     6.3283     -8.0033
5.8854     6.2206     -7.9179
5.7554     6.1294     -7.8516
5.64       6.0618     -7.7453
5.5131     6.0204     -7.689
5.4363     5.9128     -7.6208
5.3195     5.9013     -7.5318
5.1849     5.821      -7.4943
5.1107     5.7325     -7.4182
4.9528     5.7199     -7.3849
4.8625     5.7062     -7.3946
4.6669     5.675      -7.2357
4.5591     5.6655     -7.0799
4.4672     5.7437     -6.9827
4.4541     5.7903     -6.8393
4.4085     5.7728     -6.7129
4.3915     5.776      -6.5624
4.3499     5.7939     -6.4653
4.3158     5.7325     -6.3764
4.26       5.6888     -6.278
4.2146     5.6504     -6.167
4.1403     5.6144     -6.048
4.1314     5.6118     -6.0005
4.0675     5.5423     -5.8493
4.0129     5.5421     -5.7097
3.9531     5.5147     -5.5985
3.8999     5.5055     -5.5075
3.8359     5.5252     -5.3952
3.7669     5.4892     -5.1918
3.738      5.5253     -5.0946
3.6496     5.5099     -4.956
3.5816     5.5111     -4.8491
3.54       5.548      -4.7351
3.4316     5.6012     -4.5804
3.3045     5.7233     -4.4432
3.2384     5.6703     -4.3209
3.1337     5.7026     -4.0326
3.0889     5.7057     -3.858
3.0879     5.6938     -3.7451
3.0822     5.6801     -3.5746
3.0891     5.6659     -3.415
3.1241     5.6741     -3.3221
3.2061     5.6595     -3.1718
3.2993     5.6491     -3.0941
























































































































































10.5078    5.7256     -4.4919    ROSTRUM
10.4456    5.6497     -4.6099
10.3905    5.6754     -4.7386
10.3532    5.6824     -4.8637
10.3259    5.6808     -4.9747
10.2509    5.6748     -5.0793
10.1819    5.6686     -5.165
10.0957    5.7213     -5.2779
9.9722     5.768      -5.3274
9.8686     5.8424     -5.39
9.7224     5.9286     -5.4941
9.5909     5.9992     -5.5487
9.5063     6.0217     -5.6537
9.3614     6.0934     -5.8012
9.3235     6.1136     -5.894
9.2036     6.0926     -6.1312
9.1506     6.0474     -6.3368
9.0943     6.027      -6.4775
9.032      6.0258     -6.6284
8.94       6.0337     -6.7852
8.8912     6.026      -6.8981
8.8109     6.0594     -7.0144
8.6734     6.0758     -7.2295
8.5876     6.0902     -7.3346
8.5057     6.0928     -7.4585
8.4899     6.1362     -7.5213
8.471      6.0346     -7.6673
8.4361     6.0312     -7.7476
8.4097     5.9176     -7.9458
8.5086     5.7874     -8.1229
8.5498     5.6414     -8.2955
8.5729     5.5656     -8.469
8.4677     5.5697     -8.6817
8.2301     5.6764     -8.7704
8.0975     5.7974     -8.7972
7.9585     5.9387     -8.739
7.8563     6.0623     -8.6721
7.7309     6.1936     -8.6262
7.627      6.2602     -8.5983
7.5422     6.3245     -8.6129
7.3624     6.4726     -8.6206
7.2251     6.6222     -8.6161
7.0616     6.6999     -8.6366
6.9292     6.8398     -8.5524
6.8536     6.956      -8.5087
6.6966     7.1107     -8.4966
6.5984     7.1385     -8.5933
6.4653     7.1822     -8.6507
6.3623     7.2267     -8.6664
6.2209     7.345      -8.6824
6.1012     7.4174     -8.7205
5.947      7.4603     -8.7381
5.8397     7.6138     -8.6785
5.8024     7.7408     -8.5476
5.7923     7.8097     -8.4236
5.9591     7.9021     -8.2069
6.0927     7.936      -8.0351
6.1998     7.932      -7.8389
6.2909     7.9787     -7.739
6.4141     7.9407     -7.6002
6.4816     8.0086     -7.4572
6.4526     8.117      -7.2664
6.4274     8.2413     -7.1089
6.3771     8.2872     -6.9379
6.3457     8.3845     -6.7476
6.3157     8.4625     -6.5895
6.3249     8.5428     -6.4401
6.3255     8.5864     -6.3093
6.3326     8.6531     -6.1846
6.3603     8.7285     -6.0465
6.3252     8.7759     -5.8718
6.2572     8.8987     -5.7005
6.1893     8.9967     -5.5814
6.0758     9.1358     -5.4294
5.9848     9.3403     -5.2628
5.9154     9.3874     -5.1615
5.8856     9.5072     -5.0541
5.8275     9.5532     -4.8762
5.8471     9.6676     -4.7316
5.8125     9.675      -4.6179
5.8385     9.7222     -4.4692























































































































14.3054    8.5933     -13.6389   SUPORB
14.2602    8.5431     -13.8204
14.1837    8.5219     -14.0576
13.9955    8.4279     -14.2696
13.8059    8.3843     -14.5039
13.5612    8.2362     -14.6943
13.4164    8.2943     -14.836
13.1277    8.2535     -14.9744
12.9976    8.3144     -15.0649
12.8368    8.3256     -15.1385
12.4914    8.3273     -15.2412
12.1633    8.3969     -15.3852
11.9641    8.478      -15.4259
11.7797    8.5228     -15.4657
11.6699    8.6021     -15.4744
11.5422    8.6405     -15.4739
11.4221    8.7311     -15.4659
11.2257    8.7803     -15.4231
11.0163    8.8365     -15.3533
10.8457    8.8936     -15.2957
10.6954    8.9365     -15.2224
10.5372    9.0361     -15.156
10.4116    9.0957     -15.0737
10.299     9.1389     -15.0288
10.1698    9.2112     -14.9862
10.0336    9.3091     -14.926
9.9373     9.4052     -14.8854
9.8413     9.4305     -14.8518
9.6935     9.5074     -14.7932
8.708      10.8683    -15.2248
8.5828     11.0362    -15.3494
8.5132     11.2516    -15.4715
8.4384     11.4522    -15.5282
8.3827     11.4673    -15.4995
8.2473     11.6506    -15.498
8.2147     11.8682    -15.4868
8.1086     11.9955    -15.4644
8.0501     12.1778    -15.4272
8.0347     12.2871    -15.423
7.9454     12.4847    -15.3319
7.9011     12.589     -15.2627
7.8537     12.7329    -15.1989
7.7943     12.8848    -15.0612
7.7949     12.9428    -15.0264
7.7706     13.1432    -14.8912
7.8483     13.3429    -14.7596
7.8579     13.456     -14.6407
7.8938     13.6011    -14.5186
7.8045     13.6698    -14.4619
7.8542     13.8383    -14.2792
7.8464     13.8839    -14.1318
7.7975     13.9752    -13.9966
7.769      14.0109    -13.8162



















































































































































11.0786    8.1463     -11.5696   RORBIT
11.283     8.0127     -11.5686
11.4693    7.918      -11.618
11.6421    7.8694     -11.6475
11.7618    7.847      -11.6756
12.0152    7.7931     -11.831
12.2481    7.8122     -11.9602
12.4439    7.9445     -12.1235
12.6235    7.9155     -12.2594
12.7887    7.9334     -12.402
12.8334    7.9729     -12.521
12.9357    7.9923     -12.6351
12.9713    8.0462     -12.7634
13.0405    8.0421     -12.8439
13.1112    8.082      -12.9544
13.2119    8.102      -13.0813
13.2988    8.1153     -13.1939
13.3976    8.1915     -13.3194
13.3337    8.2553     -13.5604
13.2628    8.2312     -13.652
13.1966    8.2307     -13.7533
13.0636    8.1845     -13.9269
12.9377    8.1959     -13.9946
12.7136    8.106      -14.2062
12.4685    8.0907     -14.2892
12.2595    8.147      -14.3294
12.162     8.1887     -14.3461
12.0233    8.2135     -14.4129
11.7438    8.1496     -14.4508
11.5338    8.1987     -14.4442
11.2646    8.2675     -14.4236
11.0871    8.384      -14.3649
10.7771    8.7582     -14.6347
10.6111    8.7652     -14.5518






































































































































































8.2504     10.7773    -11.3312   LORBIT
8.0806     10.8172    -11.3118
8.0071     10.8694    -11.3718
7.795      10.9345    -11.3616
7.7964     11.1392    -11.403
7.7199     11.2917    -11.4514
7.6205     11.4454    -11.4732
7.615      11.598     -11.5701
7.5824     11.7401    -11.6298
7.5481     11.8044    -11.6781
7.6048     11.9401    -11.763
7.5485     12.077     -11.8313
7.5552     12.1914    -11.9134
7.5767     12.3222    -12.0403
7.5494     12.4475    -12.1299
7.5674     12.5456    -12.2583
7.5759     12.6761    -12.4148
7.5936     12.7706    -12.5448
7.5885     12.8386    -12.6315
7.6002     12.8944    -12.7271
7.6039     12.9585    -12.818
7.6857     13.0193    -12.9322
7.6863     13.1078    -13.093
7.7164     13.1446    -13.3362
7.5149     13.0199    -13.7895
7.5665     12.8929    -13.9798
7.5549     12.7186    -14.1587
7.656      12.5649    -14.2729
7.6576     12.4584    -14.3393
7.6993     12.3095    -14.4213
7.7428     12.2043    -14.4723
7.7582     12.0527    -14.4838
7.7939     11.8823    -14.535
7.8572     11.7744    -14.5252
7.879      11.6381    -14.5314
7.9712     11.5263    -14.4985
7.9822     11.391     -14.5082
8.0038     11.2958    -14.474
8.0581     11.1379    -14.4568
8.1236     10.9848    -14.3912
8.1642     10.8707    -14.3611
8.3455     10.7143    -14.381






























































































































































14.4102    8.5616     -13.3934   RTEMFOS
14.4432    8.4765     -13.251
14.4917    8.4157     -13.0854
14.5036    8.4065     -12.9568
14.4913    8.2892     -12.8733
14.5243    8.2373     -12.8012
14.5437    8.1724     -12.6584
14.5414    8.1093     -12.5192
14.5291    8.0305     -12.3992
14.5332    8.0108     -12.2576
14.4737    7.898      -12.0817
14.4645    7.883      -11.9922
14.3993    7.7909     -11.9283
14.353     7.7378     -11.8173
14.3233    7.7086     -11.7497
14.2969    7.6423     -11.6557
14.2628    7.5565     -11.5706
14.2209    7.4924     -11.3581
14.1847    7.3859     -11.3241
14.1803    7.3086     -11.2361
14.1601    7.2658     -11.1953
14.1486    7.1809     -11.0585
14.1373    7.1878     -11.0088
14.1371    7.1061     -10.9717
14.1823    7.0248     -10.8786
14.203     6.9461     -10.8256
14.2327    6.8849     -10.7652
14.2603    6.8538     -10.6794
14.2861    6.7786     -10.6256
14.3414    6.7354     -10.5077
14.3652    6.7455     -10.4696
14.4838    6.6315     -10.3589
14.5846    6.7175     -10.2901
14.7444    6.7005     -10.2553
14.8427    6.7768     -10.233
14.8966    6.8664     -10.213




































































































































































7.7358     13.8187    -13.4023   LTEMFOS
7.7086     13.8405    -13.1059
7.6893     13.8085    -12.7782
7.564      13.863     -12.6275
7.4996     13.8772    -12.5069
7.4458     13.8815    -12.3694
7.3982     13.8739    -12.2563
7.3332     13.8148    -12.118
7.3427     13.8492    -11.9227
7.2427     13.8645    -11.8135
7.2625     13.8696    -11.6851
7.1559     13.8065    -11.574
7.0856     13.7368    -11.431
6.9518     13.6171    -11.3118
6.8762     13.5739    -11.246
6.7271     13.4969    -11.0785
6.5933     13.4398    -10.9759
6.4988     13.4421    -10.8374
6.3977     13.4181    -10.7732
6.325      13.4589    -10.602
6.2317     13.4797    -10.4865
6.1352     13.5386    -10.3762
5.9775     13.5465    -10.329
5.9014     13.6012    -10.2435
5.9733     13.8098    -10.1013
6.0703     13.9634    -10.1051
6.15       14.0901    -10.1279
6.1829     14.2064    -10.1431
6.253      14.3705    -10.1216











































































































































































5.9595     5.2909     -10.0369   OP
7.1387     6.6691     -10.1541   BA
11.3592    11.3817    -11.0586   ST
16.0594    16.4471    -13.3365   IV
11.0802    4.0889     -10.085    R_PG
14.6891    4.9533     -9.4876    R_ZTI
14.2394    10.366     -13.0722   R_M3D
16.8657    12.7409    -13.6525   R_M12
18.4125    15.2175    -14.459    R_MP3
19.519     16.8683    -14.2948   R_PMI
4.2161     10.3802    -10.4716   L_PG
4.7198     14.0715    -9.6834    L_ZTI
10.1993    14.0158    -13.2221   L_M3D
12.3077    16.768     -13.6557   L_M12
14.6011    18.6952    -14.5259   L_MP3
16.1351    19.7429    -14.3672   L_PMI
19.053     18.4034    -14.1289   O1
7.0361     18.2256    -10.3671   O2
12.2016    8.3579     -4.2097    O3
2.9194     4.7027     -7.0523    O4




















































































































































































16.6113    10.0728    -9.917     RZYGINF
16.6184    9.8953     -9.9108
16.497     9.5848     -10.0233
16.5502    9.4378     -9.9216
16.6151    9.2764     -9.8473
16.7276    9.1319     -9.7501
16.8404    8.9161     -9.7344
17.0709    8.753      -9.6651
17.2593    8.6645     -9.6546
17.4082    8.5157     -9.6238
17.5478    8.3837     -9.7153
17.8027    8.2464     -9.9141
17.9504    8.1835     -9.955
18.1533    8.0389     -10.1395
18.3518    8.0249     -10.4203
18.4469    8.1705     -10.6915
18.5679    8.3208     -10.9789
18.6291    8.2069     -11.2576
18.7098    8.0896     -11.2257
18.7003    7.9707     -11.3022
18.6542    7.8338     -11.4448
18.7726    7.7034     -11.5284
18.5784    7.7268     -11.4612
18.4145    7.7397     -11.351
18.2399    7.7442     -11.3315
18.0937    7.7241     -11.3933
17.8793    7.6543     -11.427
17.7051    7.5871     -11.3922
17.586     7.415      -11.3579
17.3204    7.2781     -11.3657
17.0182    7.0943     -11.2552
16.9058    7.0094     -11.1994
16.6399    6.8464     -11.0863
16.5114    6.7361     -10.996
16.3025    6.5954     -10.9548
16.1632    6.5021     -10.9309
15.9642    6.3422     -10.8107
15.8189    6.1948     -10.6237
15.7272    6.1137     -10.4639
15.6236    6.0211     -10.3875
15.474     5.9194     -10.2981
15.3274    5.7188     -10.1298
15.3197    5.5892     -9.9499
15.1426    5.4299     -9.8398
14.9704    5.319      -9.7321
14.9302    5.1806     -9.658
14.7794    5.0979     -9.5643
14.6729    4.9957     -9.4733
























































































































































9.5655     16.0617    -10.4987   LZYGINF
9.3578     16.1288    -10.4019
9.2215     16.1728    -10.2432
9.0175     16.2293    -10.0896
8.7655     16.4427    -9.9406
8.7088     16.5496    -9.901
8.5892     16.6662    -9.8445
8.3868     16.7985    -9.8369
8.3086     16.8601    -9.8428
8.0649     17.0517    -9.8035
7.865      17.2197    -9.8431
7.5407     17.4186    -10.0721
7.5277     17.6126    -10.1189
7.4674     17.8007    -10.2185
7.4561     17.9025    -10.2892
7.4799     17.9579    -10.6537
7.5004     18.0876    -10.7757
7.4408     18.3639    -10.7478
7.3055     18.4991    -10.7555
6.9833     18.2293    -11.0652
6.8459     18.012     -11.1858
6.7997     17.8168    -11.2958
6.73       17.672     -11.3887
6.7105     17.5427    -11.4236
6.6465     17.3358    -11.4973
6.639      17.2261    -11.4722
6.5653     17.0655    -11.4808
6.528      16.8919    -11.4669
6.4512     16.7403    -11.4465
6.4087     16.5362    -11.4003
6.3815     16.3343    -11.3021
6.28       16.2429    -11.2636
6.1954     16.0619    -11.1571
6.1751     15.8753    -11.0771
6.087      15.7666    -11.0335
6.0517     15.4944    -10.975
6.0532     15.3356    -10.8869
6.0478     15.1871    -10.7785
6.0171     15.0089    -10.6696
5.7344     14.9515    -10.622
5.5796     14.7849    -10.5084
5.4894     14.7196    -10.4308
5.3127     14.5573    -10.2727
5.2205     14.5022    -10.1959
5.0916     14.4204    -10.1144
4.9943     14.3034    -9.958
4.8961     14.2344    -9.897
4.8096     14.1284    -9.8101
4.7289     14.083     -9.7741
4.6668     13.9345    -9.6286






















































































































































14.129     10.3796    -13.0755   R-ALV
14.2901    10.4296    -13.1096
14.4946    10.4708    -13.1491
14.651     10.5056    -13.1536
14.7816    10.6028    -13.1808
14.9098    10.713     -13.1908
15.0705    10.7976    -13.1923
15.2163    10.8591    -13.2173
15.3939    10.9888    -13.2436
15.4808    11.0993    -13.2536
15.64      11.3136    -13.2297
15.7457    11.4332    -13.2369
15.921     11.5727    -13.2779
16.0876    11.7398    -13.3416
16.1897    11.8429    -13.3695
16.2846    12.0149    -13.4317
16.4398    12.131     -13.493
16.5623    12.2515    -13.5172
16.686     12.3826    -13.5397
16.7518    12.5002    -13.5486
16.8283    12.667     -13.5931
16.9       12.738     -13.6293
17.0356    12.8702    -13.6607
17.119     12.9681    -13.7011
17.2459    13.1259    -13.7315
17.3996    13.3194    -13.8347
17.5047    13.5094    -13.8995
17.5648    13.7827    -13.9144
17.646     13.9663    -13.9373
17.665     14.0604    -13.9984
17.8683    14.3437    -14.0863
18.0125    14.5454    -14.1681
18.195     14.7157    -14.2636
18.2916    14.8677    -14.3642
18.4178    15.0321    -14.3903
18.381     15.2308    -14.5103
18.3403    15.3652    -14.5169



































































































































































10.2525    13.9736    -13.2274   L-ALV
10.2484    14.1872    -13.2626
10.3396    14.4172    -13.3029
10.4386    14.6149    -13.2925
10.531     14.7428    -13.2886
10.5782    14.9401    -13.2544
10.6679    15.1248    -13.2806
10.9384    15.3182    -13.3703
11.0415    15.4544    -13.3518
11.1662    15.5785    -13.3887
11.257     15.7549    -13.4209
11.3737    15.8908    -13.456
11.5335    16.0597    -13.4682
11.6108    16.1744    -13.4435
11.683     16.2707    -13.4729
11.7513    16.3945    -13.4885
11.9094    16.514     -13.6034
12.0429    16.5543    -13.6276
12.3211    16.813     -13.6635
12.4587    16.934     -13.6977
12.5527    17.026     -13.805
12.6691    17.1917    -13.8127
12.886     17.3736    -13.9311
13.0372    17.4869    -13.9576
13.38      17.6154    -14.0172
13.5624    17.784     -14.0597
13.6985    17.9177    -14.1052
13.8482    18.0328    -14.1626
13.998     18.1418    -14.2344
14.089     18.2931    -14.2467
14.2019    18.4328    -14.2223
14.4341    18.6876    -14.3792
14.7049    18.641     -14.5381
