NME        L345-3     Tb6stv
9999       9999       9999       IN
11.2998    10.8633    12.8961    BR
6.2527     6.9639     10.9122    GL
6.2334     6.8146     10.3035    NA
3.6204     4.2571     6.5335     RH
9999       9999       9999       NS
9999       9999       9999       PR
9999       9999       9999       R_PR2
3.6053     5.1367     6.6637     R_PMS
2.9262     9.459      4.6376     R_ZMI
5.0639     8.5953     8.4139     R_ZMU
6.2245     7.3987     9.9253     R_DA
5.3944     9.4929     10.548     R_MTI
5.6065     9.4237     11.5093    R_MTS
5.3804     10.4546    10.0754    R_FMO
6.0828     11.7591    10.2865    R_FMT
9999       9999       9999       R_PO
9999       9999       9999       R_ZTS
9999       9999       9999       L_PR2
4.1911     4.0823     6.9076     L_PMS
8.0464     1.9909     6.8777     L_ZMI
7.5106     4.6472     9.5026     L_ZMU
6.9853     6.3298     9.9839     L_DA
8.0047     5.1159     12.0506    L_MTI
8.0485     5.5571     12.7851    L_MTS
9.4853     4.3196     11.0655    L_FMO
10.6327    4.8448     11.4491    L_FMT
9999       9999       9999       L_PO
10.7429    2.4939     9.2805     L_ZTS
1.3376     5.1819     3.4755     O1
7.5089     3.3593     4.5288     O2
1.5555     10.883     5.0551     O3
13.9177    6.4133     9.6282     O4







































































































































































6.2354     6.9752     10.8852    GLRH
6.2378     6.8504     10.6611
6.1601     6.8076     10.3944
6.2317     6.7694     9.83
6.1905     6.6489     9.5899
6.1234     6.5036     9.3653
6.0286     6.3572     9.1484
5.9358     6.2385     8.9794
5.8568     6.1097     8.8118
5.7999     5.9793     8.6786
5.6302     5.8987     8.4075
5.4958     5.7663     8.2211
5.3147     5.5985     7.9811
5.0949     5.4229     7.7397
4.9549     5.2862     7.5403
4.7871     5.1766     7.3799
4.5587     4.9303     7.2282
4.3208     4.7243     7.076
4.1212     4.6389     6.9572
3.91       4.4449     6.812
3.7665     4.3449     6.7422
3.6702     4.2761     6.6814
3.6029     4.2267     6.563

















































































































































































9999       9999       9999       NOSE







































































































































































































9999       9999       9999       NASP-PR







































































































































































































9999       9999       9999       R-PM/MAX







































































































































































































9999       9999       9999       L-PM/MAX







































































































































































































2.0395     6.5522     3.1183     ROSTRUM
2.0854     6.4619     3.4723
2.2231     6.3193     3.7356
2.3193     6.2371     3.9271
2.4427     6.1667     4.0748
2.5596     6.0251     4.1949
2.6683     5.8503     4.3502
2.6557     5.613      4.5267
2.4774     5.6883     5.2641
2.3419     5.8713     5.4436
2.2453     5.9131     5.5861
2.1838     5.8827     5.8447
2.2622     5.7694     6.1242
2.4488     5.5135     6.2383
2.6378     5.3084     6.2152
2.8158     5.0735     6.2403
2.9754     4.9555     6.2958
3.1294     4.764      6.3329
3.249      4.661      6.3562
3.3838     4.4875     6.3928
3.5021     4.4501     6.4789
3.616      4.2923     6.6565
9999       9999       9999

















































































































































































6.1303     11.7714    10.4633    SUPORB
5.9877     11.6482    10.5595
5.9723     11.525     10.5523
5.7678     11.3929    10.6179
5.6419     11.3717    10.7651
5.4614     11.2783    10.7749
5.3632     10.9743    10.9727
5.3659     10.803     11.0784
5.338      10.6056    11.1403
5.4154     10.4826    11.2511
5.4255     10.3126    11.3077
5.4038     10.1223    11.3589
5.4669     10.0088    11.4038
5.5341     9.7936     11.4534
5.6153     9.5969     11.503
5.6318     9.3941     11.5302
5.7672     9.1933     11.5596
5.8253     9.0216     11.5601
5.8641     8.8346     11.5705
5.9119     8.6238     11.5708
6.0949     8.5253     11.5748
6.1771     8.3408     11.5783
6.2174     8.1823     11.5741
6.3422     8.0335     11.558
6.4169     7.8559     11.5597
6.4074     7.7143     11.5455
6.5043     7.5267     11.5898
6.5705     7.3897     11.619
6.7263     7.2533     11.7146
6.9185     7.0451     11.8803
7.0471     6.9014     12.0031
7.1539     6.7467     12.1398
7.2615     6.6716     12.2092
7.469      6.5722     12.3264
7.5449     6.4552     12.4199
7.6455     6.312      12.4682
7.7627     6.1861     12.5373
7.9056     5.9141     12.7162
7.9495     5.6946     12.7684
8.3549     5.4239     12.7725
8.6152     5.1954     12.7544
8.8959     5.1076     12.6588
9.0994     4.9785     12.6038
9.2672     4.9459     12.5187
9.5018     4.8973     12.4185
9.6863     4.8652     12.3288
9.9257     4.8177     12.1933
10.1116    4.8019     12.1003
10.3264    4.8494     12.0227
10.4444    4.6844     11.846
10.5896    4.6431     11.5879
10.5933    4.649      11.3331




















































































































































5.2771     8.4712     8.5048     RORBIT
5.0575     8.691      8.414
4.9382     8.9336     8.3078
4.9498     9.1452     8.2661
5.0119     9.3433     8.3283
4.9818     9.5814     8.3015
5.0742     9.8261     8.4032
5.1398     10.0591    8.4774
5.2398     10.2728    8.6467
5.2585     10.5275    8.8233
5.3        10.637     8.9774
5.3168     10.753     9.0318
5.3395     10.8162    9.3069
5.2833     10.7529    9.5124
5.2768     10.6507    9.6987
5.2364     10.6187    9.8349
5.2746     10.5178    10.1024
5.1169     10.3388    10.283
5.239      10.0697    10.4183
5.1672     9.8891     10.5068
5.2434     9.6937     10.5488
5.4157     9.4359     10.535
5.5714     9.2839     10.5442
5.5271     9.0159     10.8354
5.6633     8.6598     10.9864
5.7878     8.4081     10.9603
5.8754     8.2391     10.9334
5.9623     7.9133     10.7953
6.0084     7.831      10.5979
6.0072     7.724      10.4193
6.2729     7.6847     10.0391









































































































































































7.5706     4.7506     9.5237     LORBIT
7.7155     4.6245     9.6457
7.9477     4.4712     9.7017
8.2543     4.3635     9.7976
8.5025     4.3033     9.9466
8.6655     4.2607     10.0898
8.8507     4.2157     10.2068
9.0833     4.2077     10.4463
9.2246     4.2488     10.6148
9.3432     4.2896     10.8356
9.4849     4.3239     11.0379
9.5327     4.2971     11.1205
9.3695     4.3193     11.3867
9.287      4.4237     11.576
9.075      4.5455     11.7458
8.9278     4.595      11.8843
8.7912     4.7269     11.9469
8.6601     4.8503     11.97
8.5266     4.8787     12.0089
8.2662     4.9758     12.0822
8.1241     5.0872     12.0483
7.8626     5.2263     12.0411
7.5209     5.8021     11.9437
7.4028     6.036      11.9242
7.2547     6.226      11.8132
7.1542     6.2888     11.769
7.064      6.4375     11.5542
6.9966     6.5337     11.3119
6.9994     6.5043     11.0818
6.9349     6.4453     10.8649
6.8642     6.5501     10.4521









































































































































































9999       9999       9999       RTEMFOS







































































































































































































10.586     4.698      11.4198    LTEMFOS
10.5071    4.397      11.1136
10.2814    4.1051     10.7936
10.1036    4.0415     10.5857
9.8898     3.9494     10.4721
9.7569     3.9254     10.3448
9.6788     3.8932     10.1662
9.5673     3.8789     10.0563
9.2551     3.4382     9.6017
8.9665     2.9146     9.455
8.9393     2.7492     9.4052
8.9302     2.5624     9.361
9.0825     2.3461     9.2368
9.1017     2.1629     9.2253
9.3257     2.0648     9.209
9.5812     1.9635     9.2091
9.8124     1.9609     9.246
10.0877    1.9514     9.2944
10.3883    2.0882     9.3324
10.5212    2.2123     9.3276
10.687     2.3152     9.3536
10.7302    2.4784     9.3059


















































































































































































9999       9999       9999       OP
9999       9999       9999       BA
9999       9999       9999       ST
9999       9999       9999       IV
9999       9999       9999       R_PG
9999       9999       9999       R_ZTI
5.0867     9.8724     12.5667    R_M3D
7.3837     11.7222    12.5341    R_M12
9999       9999       9999       R_MP3
9999       9999       9999       R_PMI
9999       9999       9999       L_PG
8.6209     0.3981     8.2301     L_ZTI
8.8474     5.5289     12.9846    L_M3D
11.0325    7.3289     13.3361    L_M12
9999       9999       9999       L_MP3
9999       9999       9999       L_PMI
8.5176     12.0083    12.154     O1
9.2615     5.5302     12.0378    O2
3.4202     12.6717    9.4424     O3
5.902      -0.7093    6.8764     O4




















































































































































































9999       9999       9999       RZYGINF







































































































































































































10.753     4.5996     10.1725    LZYGINF
10.8142    4.3472     9.8333
10.9576    3.9604     9.5738
10.9358    3.2745     9.4439
10.8355    2.9131     9.3112
10.7888    2.5969     9.2176
10.9844    2.3949     9.177
10.9721    1.8453     8.9659
10.927     1.5872     8.9931
10.7958    1.3068     8.9784
10.2612    1.1577     8.933
9.9095     1.0959     8.8517
9.622      0.8247     8.7818
9.2018     0.5361     8.4818
9.0457     0.4612     8.3906
8.9719     0.4361     8.3445
8.7615     0.4021     8.2983























































































































































































9999       9999       9999       R-ALV







































































































































































































9999       9999       9999       L-ALV
