KNM        WT 16828   Tb7stv
20.1788    22.4242    6.5128     IN
17.8208    18.7739    10.4048    BR
11.2766    13.1038    11.2735    GL
11.1203    13.0189    10.6536    NA
6.5162     7.9307     6.1019     RH
9999       9999       9999       NS
9999       9999       9999       PR
9999       9999       9999       R_PR2
7.3016     9.3797     6.5028     R_PMS
9999       9999       9999       R_ZMI
9.2962     14.2744    7.9972     R_ZMU
10.489     13.2358    9.3647     R_DA 
9.8586     15.3359    11.045     R_MTI
10.3732    15.6487    12.0581    R_MTS
9.3943     16.8529    9.6817     R_FMO
9.8572     18.1955    9.5692     R_FMT
12.3972    21.1974    5.7064     R_PO
9999       9999       9999       R_ZTS
9999       9999       9999       L_PR2
8.4196     9.3691     6.7859     L_PMS
13.2682    7.9769     3.6237     L_ZMI
12.9659    10.8868    8.2731     L_ZMU
11.7348    12.1611    9.3212     L_DA 
13.7112    11.8717    11.4443    L_MTI
14.0818    12.5247    12.3381    L_MTS
15.2351    11.576     10.0854    L_FMO
16.5558    12.0771    9.6425     L_FMT
20.1422    15.3628    5.3858     L_PO 
16.7436    9.3123     6.0029     L_ZTS
3.7994     7.0874     5.4826     O1   
16.5115    6.2807     4.9228     O2   
10.8768    17.8518    10.1262    O3   
21.4184    19.9652    5.5047     O4   
                                      
                                      
                                      
                                      
                                      
                                      
                                      
                                      
                                      
                                      
                                      
                                      
                                      
                                      
                                                                                                  17.4203  7.8205  8.1734
                                      
                                      
                                      
                                      
                                      
                                      
                                      
                                      
                                     














































































































































11.2173    13.1303    11.2096    GLRH
11.1751    13.0732    10.9903
11.1626    13.0342    10.7782
11.148     12.8984    10.5643
11.1242    12.8368    10.3541
11.0408    12.78      10.1616
10.9867    12.6962    9.9713
10.8981    12.5995    9.7475
10.8329    12.5149    9.6047
10.7303    12.3956    9.4112
10.6636    12.271     9.2448
10.588     12.1836    9.1202
10.3196    11.9502    8.7493
10.2172    11.8425    8.6051
10.1043    11.7341    8.4977
10.0178    11.6046    8.3601
9.8566     11.4599    8.2004
9.675      11.2842    8.0113
9.4869     11.0719    7.825
9.3721     10.9593    7.7554
9.2621     10.8383    7.6227
9.0935     10.6454    7.486
8.8994     10.4396    7.3457
8.7651     10.311     7.2647
8.6217     10.1545    7.2093
8.4815     10.0146    7.1293
8.2959     9.7735     7.056
8.1299     9.622      7.0113
7.948      9.4186     6.9553
7.7943     9.2469     6.9007
7.6492     9.0496     6.8269
7.4379     8.9205     6.7523
7.2859     8.7752     6.6759
7.181      8.5711     6.6121
7.0679     8.4077     6.5367
6.8609     8.1813     6.3976
6.6868     7.9986     6.2418
6.5663     7.8938     6.2037


































































































































































9999       9999       9999       NOSE







































































































































































































9999       9999       9999       NASP-PR







































































































































































































9999       9999       9999       R-PM/MAX







































































































































































































9999       9999       9999       L-PM/MAX







































































































































































































9999       9999       9999       ROSTRUM







































































































































































































9.7469     18.1796    9.3682     SUPORB
9.6418     18.0293    9.6837
9.6143     17.8779    9.9771
9.5645     17.7556    10.1509
9.5651     17.6425    10.3626
9.5783     17.5662    10.5065
9.5869     17.4487    10.6687
9.615      17.3781    10.7695
9.659      17.2829    10.9566
9.7272     17.1681    11.1096
9.7612     17.0159    11.2555
9.8283     16.7683    11.5115
9.8444     16.6003    11.6313
9.9455     16.4392    11.7512
10.0438    16.2155    11.9174
10.1836    16.026     12.0036
10.3061    15.8009    12.0587
10.4514    15.5585    12.0763
10.6646    15.3258    12.1115
10.764     15.1443    12.0748
10.897     14.952     12.0464
11.0195    14.6504    11.9986
11.1731    14.4574    11.95
11.2974    14.2476    11.8731
11.3793    14.0764    11.8131
11.4649    13.9051    11.7656
11.5347    13.777     11.7504
11.6446    13.6062    11.7447
11.82      13.4438    11.7541
12.0365    13.4398    11.7964
12.2442    13.3562    11.8657
12.5431    13.1858    11.9977
12.8254    13.063     12.1225
13.0242    12.9766    12.1906
13.2321    12.9374    12.2462
13.3586    12.8421    12.2954
13.5513    12.7188    12.3671
13.7527    12.5576    12.3879
13.9449    12.363     12.3761
14.2227    12.3019    12.2919
14.4372    12.1738    12.2455
14.5881    12.1263    12.1739
14.8036    12.0114    12.0495
14.9674    11.9956    11.9032
15.1111    11.9483    11.8149
15.2588    11.875     11.6946
15.39      11.7427    11.5559
15.52      11.7931    11.4456
15.669     11.778     11.3002
15.8821    11.7993    11.0865
15.9845    11.7413    10.9517
16.0597    11.6579    10.81
16.1624    11.659     10.6881
16.3074    11.7386    10.471
16.4097    11.7374    10.2849
16.4659    11.6968    10.0939
16.522     11.7185    9.6396
16.5694    11.7563    9.5206
16.6556    11.7635    9.353













































































































































9.2606     14.3074    8.0226     RORBIT
9.1745     14.5415    8.0118
9.0733     14.8584    7.9695
9.1084     15.088     7.9368
9.0683     15.3227    7.9766
9.0312     15.5756    8.0199
9.0274     15.8113    8.1026
9.0398     15.9994    8.1951
9.0255     16.2366    8.3563
9.1157     16.3911    8.4715
9.154      16.5699    8.6886
9.1762     16.6809    8.8384
9.2156     16.7619    8.9768
9.3104     16.7943    9.124
9.4148     16.8657    9.5956
9.3842     16.861     9.8452
9.4445     16.7767    10.1052
9.4463     16.7054    10.2921
9.4575     16.5686    10.4872
9.4692     16.4141    10.6631
9.6211     16.1798    10.7688
9.6252     15.9544    10.9333
9.6741     15.7527    11.0472
9.8085     15.5599    11.0841
9.8445     15.3391    11.1012
9.9191     15.2027    11.0588
10.3947    14.911     11.2827
10.5306    14.6919    11.3115
10.6217    14.417     11.2772
10.7376    14.133     11.1922
10.8228    14.0591    10.9886
10.8684    13.9896    10.8254
10.8502    13.785     10.4898
10.9037    13.3994    10.0191
10.8043    13.3777    9.8206
10.7241    13.3149    9.677
10.6447    13.2403    9.5441
10.5161    13.2049    9.3839


































































































































































12.6074    11.2632    8.3823     LORBIT
12.7837    11.0689    8.3382
12.9836    10.8866    8.2791
13.1901    10.8272    8.383
13.4306    10.8688    8.402
13.6277    10.8535    8.4263
13.876     10.8585    8.4701
14.0685    10.8885    8.5658
14.2266    10.9235    8.614
14.4466    10.9759    8.76
14.5851    11.1105    8.7875
14.7725    11.0609    8.9545
14.9858    11.1073    9.0893
15.1346    11.203     9.3242
15.1769    11.3031    9.5661
15.2257    11.407     9.7694
15.3313    11.4157    9.9724
15.2691    11.4584    10.2003
15.1788    11.4964    10.4498
15.0801    11.5475    10.6077
14.982     11.5729    10.7662
14.8367    11.5908    10.9636
14.6884    11.6294    11.0834
14.4978    11.7201    11.1629
14.2992    11.7821    11.257
14.1608    11.7819    11.3314
13.9768    11.8119    11.3618
13.7326    11.8363    11.4499
13.5542    11.9202    11.3373
13.0479    12.4471    11.4986
12.8413    12.5109    11.4542
12.5112    12.5565    11.3622
12.2749    12.6488    11.1995
12.2225    12.6454    10.9296
12.1478    12.657     10.6796
12.0447    12.6707    10.4636
11.9642    12.7032    10.365
11.9148    12.7257    10.1766
11.9028    12.7085    10.0176
11.9123    12.6051    9.9254
11.8331    12.5216    9.8093
11.7418    12.4354    9.7046






























































































































































9999       9999       9999       RTEMFOS







































































































































































































16.6078    11.946     9.3982     LTEMFOS
16.6135    11.6524    9.1474
16.5196    11.4779    8.9942
16.5061    11.3796    8.8638
16.468     11.2699    8.8234
16.4116    11.1751    8.6924
16.3012    11.0344    8.5575
16.2608    10.928     8.3197
16.1544    10.8253    8.2041
16.0791    10.7023    8.0748
16.0042    10.6055    7.9809
15.9665    10.5207    7.863
15.8798    10.4462    7.7989
15.8548    10.4491    7.6797
15.7653    10.2305    7.6203
15.7171    10.0688    7.4438
15.6609    9.6872     7.2682
15.6819    9.5397     7.1499
15.7067    9.3689     6.983
15.764     9.2078     6.8233
15.8051    9.0607     6.6134
15.9301    8.9449     6.4987
16.0639    8.8895     6.3605
16.1093    8.9414     6.2332
16.2256    9.0621     6.1725
16.3957    9.1455     6.1077
16.5649    9.2126     6.0589
16.7234    9.3266     6.0659












































































































































































9999       9999       9999       OP
9999       9999       9999       BA
13.6467    14.5202    8.5297     ST
9999       9999       9999       IV
9999       9999       9999       R_PG
9999       9999       9999       R_ZTI
9999       9999       9999       R_M3D
9999       9999       9999       R_M12
9999       9999       9999       R_MP3
9999       9999       9999       R_PMI
9999       9999       9999       L_PG
16.5338    6.4581     8.3396     L_ZTI
9999       9999       9999       L_M3D
9999       9999       9999       L_M12
9999       9999       9999       L_MP3
9999       9999       9999       L_PMI
17.2055    21.8619    3.4274     O1
20.0313    9.5839     5.4207     O2
6.5084     12.9148    3.8565     O3
7.7808     3.4156     10.3707    O4




















































































































































































9999       9999       9999       RZYGINF







































































































































































































18.1721    13.1132    7.0544     LZYGINF
18.0789    12.7175    7.0658
18.1653    12.4314    6.832
18.2023    12.2538    6.735
18.2619    11.9859    6.4661
18.0996    11.9482    6.0907
17.9101    11.911     5.9419
17.7922    11.749     5.8305
17.7314    11.3749    5.7653
17.7764    10.9567    5.7514
17.92      10.5864    5.7884
18.0182    10.3939    5.7778
18.26      10.0703    6.2842
18.4555    9.9062     6.4013
18.5736    9.8402     6.688
18.7034    9.8178     6.9908
18.8059    9.8212     7.2828
18.935     9.8533     7.5525
19.0539    9.6716     7.7051
18.8349    9.5078     7.8806
18.5809    9.3058     8.076
18.3525    9.1075     8.1327
18.0923    8.8845     8.1928
17.9188    8.6391     8.2268
17.8019    8.3874     8.3402
17.6185    8.0531     8.3881
17.513     7.8022     8.3026
17.3441    7.4949     8.2619
17.1795    7.2062     8.2004
17.0688    6.984      8.2092
16.9275    6.7426     8.2775
16.8136    6.5558     8.3584
16.6891    6.374      8.2588







































































































































































9999       9999       9999       R-ALV







































































































































































































9999       9999       9999       L-ALV
