KNM        BC 2a      Tbg1stv
9999       9999       9999       IN
15.8903    18.0509    14.0571    BR
11.162     13.8544    12.7411    GL
11.0589    13.6717    12.2369    NA
7.9441     10.2549    8.3841     RH
6.129      7.9651     5.4872     NS
5.9933     7.666      4.1115     PR
5.4069     8.2745     4.1733     R_PR2
8.2375     11.4933    8.7923     R_PMS
9.0934     16.6023    6.8192     R_ZMI
9.4169     15.3138    10.6428    R_ZMU
10.7715    14.2266    11.6215    R_DA
10.0786    15.5117    12.862     R_MTI
10.4041    15.874     13.6149    R_MTS
9.7514     16.8409    11.3924    R_FMO
10.0152    18.3591    11.7671    R_FMT
13.2034    21.5796    8.7602     R_PO
9.9453     19.3035    8.7995     R_ZTS
6.5326     7.0803     4.1561     L_PR2
9.2878     10.69      8.7472     L_PMS
14.5263    10.9032    7.2054     L_ZMI
12.5887    12.3943    10.5472    L_ZMU
11.6498    13.3421    11.5437    L_DA
12.9427    12.5886    13.0056    L_MTI
13.2844    12.7867    13.8025    L_MTS
14.3009    12.2881    12.0731    L_FMO
15.8228    12.6515    12.1969    L_FMT
19.8901    16.4186    9.1589     L_PO
17.1656    11.7225    9.1494     L_ZTS
6.2013     7.1394     4.1752     O1
15.2384    13.1197    13.1651    O2
11.9725    21.3389    7.9576     O3
20.0403    16.8673    9.1321     O4







































































































































































11.2496    13.8616    12.9203    GLRH
11.1716    13.8332    12.7518
11.1597    13.7627    12.6184
11.139     13.7201    12.4965
11.1285    13.6736    12.3398
11.0567    13.6429    12.1476
11.0028    13.5916    11.9426
10.9489    13.5578    11.8051
10.9079    13.5035    11.6639
10.8847    13.4245    11.4961
10.796     13.3349    11.2876
10.7214    13.2505    11.1473
10.655     13.1966    10.985
10.5396    13.0771    10.8201
10.4029    12.9602    10.5849
10.2982    12.8122    10.4332
10.1937    12.6999    10.2737
10.0964    12.5925    10.1613
9.9698     12.5039    10.018
9.8159     12.273     9.8615
9.7064     12.108     9.7556
9.5271     11.8524    9.6007
9.3537     11.6595    9.4473
9.1602     11.4641    9.3266
8.9405     11.2654    9.1903
8.7485     11.0778    9.0726
8.5242     10.8417    8.9132
8.3941     10.6519    8.7915
8.2731     10.5049    8.6776
8.1364     10.4108    8.5823
7.9978     10.2742    8.477
7.9187     10.2418    8.3159








































































































































































7.8929     10.2885    8.3106     NOSE
7.6882     10.3956    8.3255
7.4502     10.5066    8.2788
7.3109     10.6044    8.185
7.0063     10.4727    7.9834
6.8896     10.3762    7.7944
6.7438     10.2905    7.6496
6.5643     10.1942    7.4603
6.4419     10.0523    7.3501
6.2703     9.8667     7.235
6.161      9.6913     7.0327
6.0624     9.5509     6.8554
6.052      9.4219     6.7381
5.9588     9.3236     6.542
5.8935     9.1698     6.2937
5.7834     9.0505     6.1397
5.6697     8.8503     5.9593
5.7026     8.7167     5.8448
5.9242     8.5767     5.825
5.9609     8.3842     5.7073
6.0257     8.1823     5.5666
6.1508     8.081      5.5577
6.2813     7.9775     5.5956
6.4361     7.8446     5.6957
6.5746     7.7803     5.8013
6.7044     7.6988     5.8939
6.8928     7.6336     5.9881
7.0648     7.6151     6.1268
7.2292     7.649      6.3125
7.3068     7.7358     6.4344
7.4167     7.8388     6.5862
7.5161     7.9943     6.7212
7.6127     8.0552     6.8415
7.6967     8.2178     6.9363
7.7611     8.3551     7.0545
7.8294     8.5904     7.182
7.8846     8.7024     7.3826
7.963      8.8939     7.4944
8.0093     9.0099     7.6396
8.0402     9.1978     7.7808
8.1084     9.5        7.8739
8.1631     9.6185     7.8832
8.1218     9.8196     7.9396
8.0497     10.0261    8.1113
8.0294     10.076     8.2694
7.9944     10.2059    8.3011
7.9797     10.2253    8.2782

























































































































































6.0831     8.0103     5.4958     NASP-PR
6.0066     7.8722     5.32
5.8851     7.7644     5.1108
5.8277     7.7177     4.9182
5.7888     7.6006     4.7111
5.787      7.5942     4.5431
5.8086     7.6175     4.4003
5.8814     7.599      4.2923
5.9546     7.6134     4.1942































































































































































































8.2901     11.4537    8.8354     R-PM/MAX
8.0371     11.3169    8.7362
7.8524     11.2256    8.6655
7.6085     11.1034    8.5451
7.4036     11.0052    8.4246
7.2102     10.9047    8.2735
7.0475     10.7988    8.0967
6.8292     10.6517    7.9674
6.5521     10.5928    7.8015
6.4154     10.2934    7.564
6.2453     10.0975    7.4028
5.8291     10.2598    7.2097
5.5665     10.2484    6.9305
5.354      10.0885    6.562
5.2645     10.0433    6.4144
5.1045     9.907      6.1728
4.9775     9.8458     5.8796
4.9084     9.5468     5.6349
4.8439     9.413      5.3739
4.8763     9.3593     4.9817
4.947      9.3223     4.7199
5.0751     9.4399     4.4616
5.1623     9.4844     4.3348
5.1906     9.4664     4.1914
5.2811     9.4548     4.0779















































































































































































9.0443     10.2269    8.5111     L-PM/MAX
8.8936     9.9934     8.4044
8.7664     9.6584     8.2525
8.6882     9.3482     8.1252
8.5781     9.1473     8.0064
8.4391     8.8809     7.8502
8.3424     8.7309     7.7532
8.1579     8.5602     7.5784
8.1049     8.3557     7.4474
8.044      8.0969     7.3104
8.1042     7.8715     7.1884
8.1454     7.5975     7.0259
8.082      7.3499     6.7867
7.9578     7.1563     6.5775
7.8508     7.0362     6.3536
7.6213     6.9533     6.1233
7.619      6.8605     5.9034
7.6082     6.7795     5.7119
7.609      6.6828     5.4533
7.6613     6.6928     5.1144
7.7747     6.7328     4.8429
7.8578     6.904      4.5406


















































































































































































7.6866     13.1081    4.325      ROSTRUM
7.6162     13.1296    4.6092
7.5973     13.1488    4.7889
7.5725     13.1828    5.0135
7.5196     13.1073    5.3145
7.5632     13.0437    5.7223
7.5896     13.0476    5.9059
7.5909     13.0437    6.0764
7.5844     13.0506    6.3052
7.5389     13.0554    6.5164
7.4851     13.117     6.7939
7.4098     13.1496    6.9833
7.3189     13.1436    7.1324
7.2735     13.1658    7.3055
7.1837     13.1858    7.5414
7.1447     13.2378    7.7168
7.0926     13.2619    7.964
7.1311     13.3076    8.1751
7.139      13.2222    8.3867
7.2539     13.1793    8.5702
7.3888     13.0764    8.7101
7.5655     12.9345    8.8144
7.71       12.8424    8.8539
7.8981     12.6948    8.8646
8.0502     12.566     8.8377
8.1395     12.4971    8.861
8.1871     12.4164    8.8883
8.3089     12.3017    8.9691
8.4261     12.2036    8.9829
8.5251     12.0971    9.0185
8.6541     11.9864    9.0449
8.7372     11.9031    9.0686
8.8144     11.8109    9.1451
8.9208     11.6727    9.2274
9.0454     11.5411    9.2742
9.1154     11.4523    9.2805
9.2062     11.4038    9.247
9.3271     11.3032    9.1689
9.4658     11.2072    9.1407
9.5859     11.1277    9.0208
9.8294     10.9324    8.9084
9.9603     10.7886    8.8707
10.0646    10.6605    8.8589
10.1763    10.5275    8.8252
10.2875    10.4369    8.8683
10.3995    10.321     8.8946
10.5161    10.1816    8.9028
10.6091    10.0636    8.905
10.7491    9.9392     8.861
10.8514    9.8567     8.7429
10.9448    9.8224     8.5964
11.0184    9.7614     8.4433
11.0807    9.7267     8.2322
11.1132    9.7214     7.9863
11.0904    9.7716     7.7396
11.0919    9.784      7.5841
11.1303    9.7585     7.3734
11.175     9.751      7.2002
11.1912    9.7237     6.9543
11.2246    9.7182     6.7812
11.2593    9.7084     6.587
11.2849    9.6662     6.3556
11.3435    9.6399     6.1946
11.397     9.5991     6.035
11.4515    9.5694     5.8763
11.5122    9.4996     5.6683
11.5566    9.4744     5.5293
11.5969    9.455      5.2881
11.6248    9.419      5.0959
11.6513    9.4394     4.9407
11.6441    9.4195     4.7692
11.651     9.463      4.6342
































































































































10.1632    18.3403    12.003     SUPORB
10.1666    18.2492    12.2012
10.2227    18.193     12.4125
10.1752    18.1254    12.5948
10.2424    18.0148    12.8043
10.229     17.8204    12.9633
10.132     17.5582    13.0287
10.082     17.3192    13.1099
10.0361    17.149     13.1556
9.9963     16.9343    13.2261
10.0464    16.6971    13.3453
10.1056    16.428     13.4711
10.1848    16.1829    13.5455
10.2717    15.9401    13.6002
10.4695    15.6959    13.6234
10.5853    15.56      13.6506
10.8297    15.588     13.6667
11.0621    15.554     13.7004
11.2572    15.3956    13.7298
11.4365    15.1843    13.7502
11.4885    14.9373    13.7166
11.4382    14.6925    13.6813
11.4594    14.4583    13.5966
11.5906    14.2383    13.5467
11.6737    14.0998    13.5349
11.8802    14.0298    13.5912
12.0666    13.9972    13.6558
12.2126    14.0446    13.6935
12.4464    14.0498    13.7436
12.7159    14.039     13.7616
12.8257    13.7614    13.7823
12.8308    13.5656    13.7804
12.8517    13.3345    13.7997
12.9445    13.1764    13.794
13.011     12.9514    13.7948
13.1574    12.8336    13.8027
13.4262    12.7383    13.7812
13.7162    12.6661    13.7048
13.9498    12.6585    13.6485
14.1614    12.6764    13.5965
14.383     12.6848    13.5215
14.5925    12.6556    13.4586
14.6432    12.7266    13.4254
14.8178    12.617     13.3341
15.0372    12.5614    13.2166
15.277     12.5472    13.0786
15.4294    12.556     12.9598
15.4944    12.6002    12.8651
15.5725    12.6233    12.7877
15.648     12.6289    12.598
15.8106    12.6174    12.2429





















































































































































9.6639     15.0548    10.6393    RORBIT
9.5496     15.2257    10.6521
9.4424     15.3711    10.6501
9.3824     15.5482    10.6353
9.3587     15.7673    10.6534
9.3932     16.0287    10.7112
9.4389     16.1994    10.794
9.4769     16.4121    10.9063
9.5963     16.5727    11.068
9.6937     16.6626    11.1817
9.7929     16.7657    11.3411
9.8509     16.8598    11.4787
9.8848     16.8986    11.6279
9.8675     16.9099    11.7856
9.8493     16.9157    11.9652
9.8422     16.8976    12.1042
9.8686     16.7919    12.3042
9.8492     16.6479    12.4338
9.8854     16.5178    12.5297
9.9144     16.4072    12.5939
9.9565     16.3166    12.6351
10.051     16.1174    12.6919
10.0997    15.9322    12.7458
10.1368    15.7959    12.7568
10.218     15.6242    12.8056
10.2811    15.4103    12.8712
10.3878    15.2785    12.9251
10.5325    15.1357    13.068
10.6523    15.0419    13.0997
10.793     14.9384    13.1019
10.974     14.7397    13.0349
11.0661    14.6351    12.8825
11.0109    14.5246    12.5476
10.9643    14.363     12.3184
10.9606    14.352     12.08
10.9056    14.3016    11.9353
10.8346    14.1717    11.7382
10.7576    14.1468    11.6103
10.6479    14.1665    11.4306

































































































































































12.6082    12.3569    10.5627    LORBIT
12.6772    12.1656    10.6006
12.8292    12.052     10.6503
12.9757    11.9621    10.6647
13.135     11.8798    10.6756
13.267     11.8657    10.7227
13.3758    11.8562    10.7456
13.5335    11.8019    10.8034
13.7075    11.8611    10.9226
13.8891    11.8602    11.0532
14.0318    11.9823    11.1977
14.1267    12.0342    11.3023
14.1847    12.128     11.4185
14.2448    12.1992    11.5883
14.3282    12.1732    11.7273
14.3246    12.2455    11.9659
14.3117    12.2842    12.0855
14.2695    12.2512    12.2722
14.1623    12.279     12.3935
14.0751    12.2308    12.5869
13.9445    12.2574    12.729
13.8119    12.2565    12.7877
13.6539    12.2861    12.8853
13.4775    12.3364    12.9472
13.3428    12.4111    12.9338
13.1456    12.4684    12.974
12.8473    12.6837    13.0051
12.742     12.761     13.0438
12.613     12.9007    13.1239
12.4661    13.1274    13.2719
12.2553    13.3559    13.2436
11.9807    13.5518    13.0984
11.9176    13.5877    12.8878
11.958     13.6152    12.6973
11.9064    13.604     12.4341
11.8681    13.5576    12.2264
11.7873    13.5427    12.0592
11.7167    13.5074    11.8925
11.7421    13.4411    11.7408
11.7243    13.3804    11.5799
11.7461    13.2313    11.3282































































































































































10.1726    18.3665    11.9463    RTEMFOS
10.0769    18.3896    11.7422
9.9843     18.3916    11.5782
9.907      18.391     11.3969
9.8627     18.3896    11.2832
9.7376     18.3893    11.0887
9.6644     18.3848    10.9328
9.6111     18.3632    10.7931
9.5852     18.3452    10.6464
9.5213     18.2788    10.4483
9.4535     18.2834    10.3573
9.3854     18.2516    10.2487
9.335      18.2595    10.0697
9.2586     18.2349    9.9232
9.2319     18.2569    9.7707
9.1573     18.2255    9.4626
9.1109     18.2259    9.3138
9.1491     18.318     9.105
9.1875     18.3989    8.9825
9.2934     18.5517    8.9043
9.4063     18.7334    8.8387
9.5413     18.8538    8.8066
9.6293     18.9343    8.7973
9.7228     19.0547    8.8003
9.7533     19.0964    8.8057
9.8171     19.1129    8.8299
9.8595     19.1837    8.8271
9.9211     19.2556    8.8083












































































































































































15.6917    12.5965    12.4145    LTEMFOS
15.7864    12.5685    12.22
15.9011    12.5071    12.0813
15.9535    12.3726    11.9169
15.9808    12.3136    11.7685
16.012     12.2746    11.5353
15.968     12.0851    11.2156
15.9109    11.8591    11.0674
15.914     11.7834    10.9042
15.833     11.6859    10.7573
15.8112    11.5532    10.439
15.8168    11.4891    10.3197
15.8641    11.3827    10.1885
15.8414    11.2577    9.9644
15.8622    11.1696    9.7629
15.9522    11.1231    9.6243
16.0847    11.1363    9.5159
16.2106    11.1689    9.4095
16.3593    11.2253    9.3524
16.4586    11.2679    9.33
16.6568    11.3513    9.2786
16.7813    11.4267    9.2658
16.8991    11.575     9.2497
17.061     11.6566    9.2387
17.1412    11.7205    9.2617
17.2319    11.7811    9.257














































































































































































9999       9999       9999       OP
9999       9999       9999       BA
13.0231    15.368     10.6245    ST
17.4091    20.1166    10.4025    IV
5.6224     13.2236    10.8212    R_PG
9999       9999       9999       R_ZTI
11.9193    17.5968    11.6773    R_M3D
13.4756    19.8835    11.4437    R_M12
15.494     21.4736    10.8238    R_MP3
17.28      22.1491    10.8662    R_PMI
11.1262    7.9254     11.6905    L_PG
14.0248    8.3605     10.6529    L_ZTI
15.3061    14.6701    12.1686    L_M3D
17.4474    16.2787    11.7266    L_M12
19.0069    18.2508    11.0607    L_MP3
19.7561    19.9455    10.7073    L_PMI
19.6201    21.6785    10.539     O1
13.0591    10.5032    4.827      O2
5.1826     14.8224    9.6724     O3
9.8802     6.9043     10.2305    O4




















































































































































































9999       9999       9999       RZYGINF







































































































































































































15.8427    12.7465    10.1679    LZYGINF
15.6893    12.5694    10.1267
15.6718    12.392     10.0256
15.6848    12.057     9.9257
15.6379    11.7971    9.8805
15.6138    11.5496    9.8915
15.5309    11.3353    9.9317
15.4144    11.0741    10.0582
15.265     10.8187    10.1405
14.8971    10.2246    10.2956
14.8018    10.0438    10.3241
14.7051    9.8945     10.3747
14.6162    9.7914     10.3939
14.407     9.5559     10.4406
14.2542    9.3223     10.5062
14.1382    8.9793     10.6123
14.1101    8.7281     10.6612
14.0607    8.5898     10.6899
14.0487    8.319      10.6512





















































































































































































11.9051    17.4721    11.6513    R-ALV
11.9835    17.8461    11.613
12.0784    18.1649    11.6413
12.195     18.482     11.6468
12.3165    18.6465    11.6015
12.4989    18.8057    11.543
12.5817    18.9264    11.5338
12.6909    19.0685    11.4892
12.8286    19.2461    11.4486
12.9716    19.4144    11.4547
13.0784    19.5857    11.4441
13.2731    19.7654    11.4041
13.4988    19.8805    11.4581
13.6171    20.0087    11.4421
13.8204    20.1493    11.3591
14.04      20.3009    11.3016
14.1983    20.4187    11.2155
14.4174    20.5212    11.0691
14.6485    20.7033    11.0014
14.8506    20.8722    11.0422
14.9793    21.0283    11.0251
15.2531    21.2073    11.014
15.3105    21.3184    10.9129
15.4277    21.4267    10.8353
















































































































































































15.3033    14.6606    12.086     L-ALV
15.5873    14.7672    12.0289
15.7501    14.8552    12.013
15.9327    14.9282    11.9888
16.1577    15.0075    11.9436
16.3476    15.1537    11.8786
16.4905    15.312     11.7952
16.6786    15.4898    11.7693
16.8438    15.642     11.7322
17.0578    15.7794    11.6869
17.2154    15.9025    11.7003
17.4496    16.1399    11.6138
17.566     16.319     11.6313
17.7533    16.5584    11.635
17.9371    16.8253    11.5477
18.0549    17.0182    11.4802
18.1444    17.2072    11.3838
18.2714    17.3906    11.2768
18.3892    17.5724    11.2768
18.5452    17.7263    11.2078
18.6297    17.8426    11.2194
18.7343    17.9495    11.099
18.8564    18.0379    11.0624
19.015     18.1792    11.014
