BM(NH)     ZD.1924.8.7Tg23stv
14.0237    19.6531    12.6423    IN
14.4755    15.4706    14.7536    BR
15.1192    9.8562     12.4779    GL
15.0509    10.0344    12.1197    NA
15.2889    8.5016     8.6243     RH
15.6683    5.9787     6.8045     NS
15.7558    5.5817     5.0201     PR
15.1312    5.5907     5.0835     R_PR2
14.732     9.279      9.055      R_PMS
11.4186    11.0459    7.6858     R_ZMI
13.4632    10.3832    10.2501    R_ZMU
14.8599    10.3456    11.6471    R_DA
9999       9999       9999       R_MTI
9999       9999       9999       R_MTS
9999       9999       9999       R_FMO
9999       9999       9999       R_FMT
10.6782    17.0555    10.5404    R_PO
9.9637     12.2548    9.3457     R_ZTS
16.3789    5.7673     5.1358     L_PR2
15.7577    9.3608     8.7964     L_PMS
18.6733    11.4681    7.8771     L_ZMI
16.5436    10.6763    10.4034    L_ZMU
15.369     10.4258    11.396     L_DA
16.8412    10.1012    12.3792    L_MTI
16.6673    10.2568    12.8621    L_MTS
17.7185    11.3937    11.8696    L_FMO
18.0079    11.9416    12.2272    L_FMT
18.2804    17.6746    10.654     L_PO
19.8252    13.0474    9.5577     L_ZTS
15.5599    5.2875     4.9858     O1
17.514     11.7478    12.7748    O2
9.4281     14.4256    9.7282     O3
17.3842    18.9666    11.2819    O4







































































































































































15.1353    9.8773     12.4455    GLRH
15.1099    10.0318    12.2598
15.1563    10.0461    12.068
15.1353    10.1138    11.8293
15.1263    10.2143    11.6549
15.1155    10.2648    11.4253
15.0759    10.2659    11.2117
15.0877    10.2446    10.9483
15.098     10.204     10.6545
15.1158    10.1341    10.4979
15.1291    10.079     10.2776
15.1245    10.0031    10.1001
15.1349    9.9011     9.9463
15.135     9.7785     9.7874
15.1677    9.6337     9.6207
15.1816    9.4755     9.4569
15.2112    9.3559     9.3397
15.2119    9.2084     9.2072
15.2282    9.069      9.0741
15.2576    8.902      8.956
15.251     8.7243     8.8205
15.2668    8.6203     8.7154
15.2658    8.5512     8.6449
15.3294    8.5001     8.6035
















































































































































































15.3114    8.4916     8.6084     NOSE
15.1547    8.5093     8.6754
14.9612    8.4755     8.5869
14.8623    8.3787     8.4476
14.7367    8.3253     8.3123
14.7132    8.1896     8.1842
14.6489    7.9962     8.0247
14.63      7.8884     7.9623
14.6106    7.7305     7.8597
14.6245    7.5642     7.7586
14.6255    7.3994     7.6502
14.6195    7.1889     7.5069
14.6274    7.0414     7.4146
14.6118    6.8415     7.3106
14.6673    6.664      7.2073
14.7158    6.4423     7.1275
14.8285    6.3081     7.0693
14.9786    6.2143     7.0409
15.0506    6.1222     7.0071
15.1679    6.0498     6.9856
15.2919    6.0112     6.9603
15.4445    6.0015     6.9035
15.6071    6.0374     6.8327
15.7011    6.0725     6.8473
15.8268    6.1176     6.9752
15.979     6.1362     7.0198
16.1651    6.2102     7.0414
16.2912    6.3373     7.0795
16.3848    6.5235     7.1229
16.4343    6.7061     7.1963
16.4133    6.9073     7.252
16.4363    7.1267     7.4065
16.4103    7.298      7.494
16.3589    7.467      7.6328
16.2529    7.6841     7.7849
16.2137    7.8067     7.8475
16.1727    7.9775     7.9189
16.1166    8.1113     7.991
16.082     8.2222     8.0605
16.0284    8.3442     8.1695
15.9398    8.4342     8.2765
15.8509    8.4972     8.3897
15.8419    8.5289     8.4669
15.754     8.5579     8.5362
15.6883    8.5879     8.5853
15.596     8.5959     8.6501
15.4654    8.5916     8.6763
15.3113    8.5111     8.6253
























































































































































15.616     6.0126     6.8147     NASP-PR
15.6533    5.8357     6.6593
15.6785    5.7213     6.4996
15.7241    5.6049     6.3176
15.7268    5.5456     6.1243
15.7503    5.5125     5.9438
15.7484    5.4832     5.7485
15.7709    5.4905     5.4954
15.7659    5.5029     5.2846
15.8207    5.5231     5.1985
15.7581    5.596      5.0041





























































































































































































14.7161    9.1306     8.9287     R-PM/MAX
14.6539    8.9976     8.7317
14.6372    8.755      8.5149
14.6323    8.6811     8.4515
14.6004    8.4933     8.3177
14.6019    8.3454     8.2272
14.5667    8.2172     8.1158
14.5465    8.0522     8.0155
14.5193    7.8062     7.873
14.52      7.6286     7.7751
14.5092    7.431      7.6662
14.5116    7.2313     7.5186
14.4876    7.1297     7.4495
14.4136    7.1521     7.3591
14.3508    7.2323     7.2674
14.3292    7.1013     7.1077
14.2949    6.9017     6.8768
14.1776    6.7401     6.6461
14.0962    6.5049     6.5118
14.0212    6.4697     6.405
13.9625    6.4125     6.2658
13.9183    6.3704     6.1062
13.9555    6.2377     5.9768
14.0761    6.1684     5.8315
14.2949    6.1658     5.68
14.4277    6.1258     5.514
14.5068    6.1263     5.4525
14.5343    6.175      5.4132












































































































































































15.7477    9.3733     8.8263     L-PM/MAX
15.7823    9.262      8.7407
15.8455    9.1188     8.6476
15.8808    9.0235     8.5488
15.9633    8.8381     8.4141
16.0331    8.5769     8.2479
16.1054    8.4228     8.1408
16.1696    8.2314     8.0221
16.2553    8.0372     7.8942
16.3204    7.8369     7.7899
16.3533    7.7205     7.7218
16.386     7.5911     7.6467
16.4534    7.5019     7.5325
16.5076    7.5444     7.4937
16.5472    7.5985     7.4365
16.6062    7.526      7.2637
16.6488    7.4115     7.1752
16.7248    7.3307     7.0587
16.8115    7.2481     6.9021
16.9436    7.1092     6.8116
17.0468    7.0897     6.6661
17.1402    6.981      6.5508
17.1902    6.8709     6.4277
17.1576    6.6332     6.3281
17.1257    6.5058     5.816
16.9889    6.4147     5.657
16.861     6.4032     5.4923
16.7116    6.4635     5.3258












































































































































































13.1014    9.7022     5.6383     ROSTRUM
13.1021    9.7021     5.7864
13.1046    9.6986     5.9207
13.1065    9.6779     6.0856
13.1993    9.6418     6.2885
13.2941    9.6764     6.4613
13.4553    9.7012     6.6064
13.635     9.7069     6.818
13.7485    9.6642     7.0259
13.8165    9.6437     7.2349
13.8538    9.646      7.4624
13.9003    9.594      7.7457
13.9765    9.5122     8.0662
14.0134    9.4723     8.4825
14.1415    9.5269     8.7673
14.302     9.4874     8.8891
14.461     9.4972     9.012
14.6303    9.4555     9.1484
14.7243    9.4596     9.2836
14.8474    9.4604     9.4142
15.0861    9.4418     9.472
15.2003    9.4547     9.4598
15.4269    9.5349     9.3467
15.609     9.6131     9.2428
15.7062    9.6521     9.1154
15.8197    9.6698     9.0537
16.0145    9.7229     8.9588
16.147     9.7672     8.8956
16.3176    9.8099     8.7521
16.4038    9.8814     8.5321
16.4447    9.8938     8.1162
16.5326    9.9101     7.8179
16.5775    9.9758     7.65
16.6696    9.9652     7.3187
16.714     9.9497     7.1173
16.8131    9.9535     6.9227
16.9367    10.052     6.7568
17.0571    10.1073    6.661
17.1859    10.1471    6.5963
17.2824    10.1759    6.5402
17.3981    10.1804    6.3878
17.4748    10.2226    6.1759
17.4938    10.2187    6.0373
17.4583    10.2082    5.7836
17.4511    10.2642    5.6635



























































































































































9999       9999       9999       SUPORB
15.1284    9.9729     12.6452
15.4841    9.9089     12.6186
15.7581    10.0132    12.6996
15.9826    10.0956    12.7843
16.2065    10.1209    12.8105
16.4952    10.1343    12.8098
16.7199    10.1917    12.8178
16.8416    10.2912    12.8559
17.0353    10.4063    12.8962
17.3236    10.5811    12.8876
17.4498    10.8043    12.8773
17.519     10.9511    12.862
17.6022    11.1071    12.836
17.7153    11.2297    12.8075
17.7674    11.3504    12.7733
17.8856    11.4733    12.7353
17.9181    11.5964    12.7034
17.9798    11.6926    12.6474
18.0565    11.6879    12.5464
18.0632    11.7818    12.3324



















































































































































































9999       9999       9999       RORBIT







































































































































































































16.5677    10.6923    10.4178    LORBIT
16.7682    10.779     10.447
16.9494    10.8438    10.4378
17.1666    10.903     10.4528
17.3308    10.9822    10.4801
17.456     11.0757    10.5662
17.5708    11.1475    10.7104
17.623     11.2348    10.8529
17.6833    11.3081    11.008
17.7311    11.3728    11.1455
17.766     11.4209    11.3146
17.7499    11.4403    11.4576
17.8081    11.4297    11.6274
17.7437    11.4135    11.8122
17.7758    11.2474    12.0658
17.7773    11.056     12.244
17.7414    10.8701    12.3448
17.6237    10.6885    12.3989
17.4339    10.4826    12.4019
17.2855    10.2986    12.4407
17.0733    10.1618    12.4396
16.844     10.0693    12.3941
16.5998    10.0251    12.3624
16.2483    10.0517    12.3574
15.9126    10.0538    12.3263
15.7263    10.1312    12.2194
15.664     10.2257    12.0839
15.5894    10.3381    11.889
15.4849    10.3537    11.7516
15.4306    10.3549    11.68
15.3656    10.3945    11.5591









































































































































































9999       9999       9999       RTEMFOS







































































































































































































18.0165    11.9614    12.2528    LTEMFOS
18.1435    11.9849    12.0962
18.2336    11.9927    11.936
18.342     12.0157    11.724
18.4037    12.0342    11.5795
18.4855    11.9705    11.3935
18.5655    11.9968    11.2286
18.6254    11.9459    10.9984
18.671     11.8853    10.8403
18.77      11.8473    10.5109
18.8472    11.8536    10.271
18.9391    11.8277    10.0398
19.0125    11.8259    9.9247
19.1992    11.9058    9.6604
19.3426    11.9978    9.5215
19.4893    12.2084    9.4055
19.5545    12.4208    9.367
19.7072    12.4808    9.3573
19.7757    12.6896    9.4082
19.8466    12.8517    9.4642
19.8333    12.9959    9.5684



















































































































































































15.5699    5.9012     9.4228     OP
15.4746    8.0157     9.9165     BA
15.0785    12.517     9.7651     ST
14.7092    17.38      9.9777     IV
11.832     7.6729     9.6816     R_PG
9.9362     9.6956     8.8507     R_ZTI
13.1746    12.856     11.0167    R_M3D
12.7507    15.0755    11.0578    R_M12
13.0481    17.4151    10.8081    R_MP3
13.5789    18.8001    10.3025    R_PMI
18.9502    8.3152     9.478      L_PG
20.4594    10.4096    8.6023     L_ZTI
16.8264    13.0827    10.9883    L_M3D
17.042     15.2902    11.0694    L_M12
16.5422    17.5438    10.87      L_MP3
16.0204    18.8669    10.4318    L_PMI
14.3883    19.8837    10.44      O1
17.6315    12.213     4.5275     O2
9.9807     9.0453     8.1117     O3
18.7443    5.671      7.6965     O4




















































































































































































11.3039    13.0654    9.2111     RZYGINF
11.1957    12.891     9.1419
11.1094    12.6693    9.022
10.9424    12.6071    8.9564
10.7847    12.394     8.9198
10.5817    12.2217    8.9264
10.4391    12.0663    8.8862
10.37      11.779     8.9348
10.2242    11.6849    8.9546
10.0669    11.4316    8.9064
10.0193    11.1852    8.8244
10.0365    10.9341    8.7658
9.9894     10.7175    8.7314
9.9847     10.4951    8.7442
9.9102     10.3359    8.7271
9.899      10.1404    8.7639
9.9222     9.9685     8.8303
9.9838     9.7787     8.9023
9.9526     9.6808     8.9064
9.9826     9.6172     8.8994




















































































































































































18.4501    13.7418    9.1965     LZYGINF
18.7161    13.6364    9.0758
18.9075    13.4732    9.0309
19.0391    13.3444    8.9338
19.2742    13.1931    8.8822
19.6249    13.1013    8.8474
19.8996    12.8522    8.8636
20.0767    12.6568    8.7783
20.1517    12.3774    8.8086
20.2575    12.1884    8.7639
20.3043    12.0441    8.763
20.3096    11.8342    8.7525
20.2882    11.568     8.6546
20.3184    11.3109    8.6034
20.3549    11.1494    8.6023
20.4014    10.8284    8.6093
20.4112    10.6611    8.6238
20.4173    10.5368    8.6293
20.3933    10.3708    8.6388





















































































































































































13.2081    12.7781    11.0327    R-ALV
13.0266    12.9398    10.988
12.9093    13.273     10.9923
12.8733    13.4163    10.993
12.8103    13.7117    11.0696
12.7652    14.0347    11.0711
12.7544    14.2828    11.1428
12.7609    14.5378    11.1168
12.7255    14.837     11.0666
12.7441    15.1531    11.0358
12.7797    15.3727    11.0045
12.7879    15.6686    10.9622
12.8134    16.0568    10.9142
12.8467    16.3318    10.8655
12.8741    16.5789    10.9098
12.9324    16.8889    10.8621
12.9434    17.0692    10.8963
12.9881    17.2646    10.8788
13.0253    17.3998    10.8004





















































































































































































16.7765    12.9709    11.0203    L-ALV
16.9322    13.1704    10.9815
16.9881    13.3647    11.0173
17.0394    13.5982    10.9859
17.0743    13.8234    11.0107
17.0903    14.0396    11.0868
17.0981    14.2844    11.0745
17.1128    14.4512    11.0551
17.1092    14.6472    10.9785
17.0755    15.1459    11.0248
17.0265    15.4094    10.9959
16.9874    15.6636    10.9376
16.9675    15.9941    10.9001
16.8681    16.3264    10.873
16.7736    16.5626    10.9575
16.6859    16.9261    10.9874
16.6885    17.1458    10.8945
16.6382    17.3453    10.8406
16.5992    17.5002    10.7802
16.5372    17.5987    10.8502
