MNHN       1962.1468  Tg29stv
0.8509     18.1986    12.232     IN
0.583      14.5574    14.8741    BR
-0.1059    7.9123     14.0013    GL
-0.0715    8.0666     13.3137    NA
0.1442     6.1521     9.4216     RH
0.0389     3.5184     7.6133     NS
0.0929     2.456      5.9308     PR
-0.677     2.6783     5.8072     R_PR2
-0.5378    6.1965     9.2007     R_PMS
-3.1259    8.8548     8.2414     R_ZMI
-1.8833    8.5461     11.3065    R_ZMU
-0.4318    8.3293     12.7149    R_DA
-2.05      8.3836     13.2797    R_MTI
-2.0279    8.7715     14.1011    R_MTS
-2.8992    9.4848     12.3782    R_FMO
-3.4248    10.1947    13.0375    R_FMT
-3.3309    15.576     9.9006     R_PO
-4.5826    10.7046    9.6216     R_ZTS
0.8581     2.6131     5.8325     L_PR2
0.8537     6.1553     9.4026     L_PMS
4.1367     8.2345     8.5811     L_ZMI
1.9899     8.0557     11.5174    L_ZMU
0.5607     8.2539     12.7327    L_DA
1.94       7.8149     13.5336    L_MTI
1.9202     8.2591     14.322     L_MTS
3.3677     8.8561     12.8752    L_FMO
3.844      9.4742     13.3363    L_FMT
5.0739     14.9897    10.2539    L_PO
5.5639     9.8025     10.1417    L_ZTS
-0.3257    2.2493     5.5286     O1
3.2306     9.6095     13.8835    O2
-4.7658    13.1707    9.618      O3
2.7582     17.7697    11.616     O4







































































































































































-0.1032    7.9349     14.0287    GLRH
-0.0955    8.007      13.7922
-0.0621    7.9909     13.5953
-0.0439    8.0358     13.3861
-0.0268    8.0148     13.1877
-0.0098    7.9892     13.0322
-0.0153    8.0167     12.7269
0.0495     8.0065     12.46
0.0631     7.9637     12.1981
0.067      7.914      11.9982
0.1211     7.8291     11.7658
0.1148     7.7598     11.612
0.1599     7.6596     11.3724
0.1444     7.5713     11.1922
0.2042     7.456      10.9883
0.1696     7.3482     10.8133
0.1621     7.2751     10.6982
0.155      7.196      10.5942
0.1615     7.0697     10.4402
0.1301     6.9741     10.2965
0.1432     6.8562     10.1813
0.1607     6.7276     10.0718
0.1658     6.5967     9.9173
0.1797     6.4948     9.8122
0.1461     6.4098     9.7091
0.1263     6.3308     9.6126
0.1538     6.2712     9.5353
0.1529     6.1673     9.4326












































































































































































0.1348     6.1908     9.4605     NOSE
-0.0413    6.1955     9.4336
-0.2537    6.0726     9.3083
-0.4404    6.0221     9.1258
-0.5604    5.8466     8.9706
-0.7222    5.5679     8.7381
-0.7945    5.4144     8.6195
-0.8476    5.203      8.4728
-0.8891    4.9541     8.3495
-0.9283    4.7082     8.1749
-0.9415    4.4801     8.0273
-0.927     4.2337     7.8827
-0.787     3.8812     7.7553
-0.7101    3.7209     7.7436
-0.5355    3.6053     7.7716
-0.3279    3.5668     7.8219
-0.1384    3.5188     7.8686
-0.0807    3.5207     7.7342
-0.0279    3.4615     7.6251
0.1298     3.4127     7.6106
0.1799     3.4218     7.7004
0.1675     3.4665     7.7998
0.3387     3.4395     7.816
0.568      3.4663     7.8068
0.7594     3.5441     7.7841
1.0033     3.6861     7.8369
1.0882     3.9744     7.9099
1.1384     4.1797     8.0139
1.1918     4.3543     8.1567
1.1449     4.5567     8.3041
1.1171     4.704      8.4091
1.0594     4.9811     8.5099
1.0696     5.1754     8.6603
0.9989     5.4045     8.7909
0.9238     5.6867     9.0463
0.8586     5.815      9.1164
0.7402     5.9064     9.2349
0.6971     6.0062     9.297
0.5563     6.0726     9.3944
0.3981     6.1004     9.4503
0.1767     6.1585     9.3927































































































































































0.0199     3.419      7.6007     NASP-PR
0.0516     3.2029     7.5083
0.0438     2.9796     7.3356
0.007      2.8239     7.1079
0.0081     2.7454     6.9469
0.0169     2.6569     6.7214
0.0267     2.5786     6.5113
0.0479     2.5312     6.3683
0.0462     2.4604     6.2
0.0777     2.4676     6.0914
0.097      2.46       5.9415





























































































































































































-0.5441    6.1412     9.186      R-PM/MAX
-0.6003    5.9736     9.0607
-0.6197    5.7911     8.9364
-0.7573    5.5705     8.7362
-0.8497    5.4196     8.6232
-0.8946    5.2419     8.4932
-0.9525    4.983      8.3499
-1.0747    4.8542     8.2135
-1.1758    4.8577     8.0859
-1.2717    4.8426     7.9173
-1.2933    4.7604     7.81
-1.3378    4.6158     7.6047
-1.3864    4.4908     7.4693
-1.4551    4.3715     7.292
-1.5564    4.1905     7.0899
-1.602     4.0472     6.9051
-1.6094    3.8454     6.6753
-1.5486    3.7337     6.4723
-1.4969    3.6816     6.3618
-1.4155    3.6165     6.2471
-1.3744    3.5941     6.0362
-1.2804    3.5119     5.9586


















































































































































































0.858      6.1308     9.3912     L-PM/MAX
0.8748     5.829      9.1772
1.0051     5.6001     8.987
1.0998     5.382      8.8016
1.1057     5.1592     8.6417
1.1493     4.898      8.5123
1.1998     4.6724     8.3924
1.2734     4.5754     8.304
1.4141     4.531      8.1697
1.5459     4.5612     8.0759
1.5908     4.373      7.8545
1.6012     4.245      7.6982
1.6983     4.1        7.4525
1.7669     3.9824     7.2955
1.7961     3.7248     6.9933
1.7974     3.5506     6.7794
1.7513     3.4641     6.5754
1.6997     3.4267     6.4451
1.5691     3.3603     6.3083
1.535      3.3732     6.16
1.3979     3.3799     6.0581



















































































































































































-1.93      7.5157     5.9994     ROSTRUM
-1.9319    7.4551     6.3535
-1.8647    7.474      6.588
-1.6341    7.4592     6.8845
-1.5062    7.4396     7.056
-1.351     7.3718     7.2861
-1.3211    7.4903     7.5739
-1.2855    7.4826     7.8256
-1.2252    7.4678     8.162
-1.1637    7.4023     8.5073
-1.1438    7.4428     8.7197
-1.2041    7.4181     8.9849
-1.2557    7.3825     9.2685
-1.2629    7.4012     9.545
-1.135     7.3457     9.7628
-0.889     7.2986     9.9616
-0.7489    7.2879     10.0622
-0.6204    7.2839     10.1651
-0.5164    7.2606     10.2697
-0.4259    7.2632     10.33
-0.2564    7.2457     10.4272
-0.1386    7.3309     10.6215
0.092      7.3132     10.7009
0.236      7.2915     10.7022
0.5312     7.2666     10.5648
0.6524     7.2775     10.5199
0.813      7.2626     10.5185
1.0339     7.2185     10.376
1.1708     7.2181     10.2787
1.3874     7.1876     10.1361
1.6186     7.1593     9.9727
1.7523     7.1666     9.8129
1.8129     7.1849     9.6071
1.8146     7.1809     9.4688
1.8005     7.2845     9.1899
1.8019     7.3319     8.9021
1.8641     7.2988     8.5633
1.9757     7.3997     8.2238
1.995      7.3913     8.0242
1.9902     7.399      7.7817
2.0693     7.4221     7.5364
2.1553     7.4125     7.4045
2.2957     7.3795     7.2292
2.4559     7.339      7.1212
2.6275     7.3273     6.9683
2.7869     7.3467     6.7262
2.7946     7.3506     6.5789
2.8098     7.3158     6.3983
2.8372     7.3347     6.2493
2.8439     7.3008     6.1174






















































































































































-3.408     10.1123    13.0991    SUPORB
-3.3479    10.101     13.3289
-3.2445    9.9045     13.5366
-3.0669    9.7605     13.7039
-2.9512    9.5611     13.7581
-2.7143    9.3683     13.8648
-2.4917    9.1742     13.9739
-2.2905    8.9526     14.04
-2.0985    8.8707     14.0944
-1.8061    8.7935     14.1438
-1.5978    8.6661     14.1593
-1.3864    8.5518     14.1854
-1.2156    8.442      14.2037
-0.9952    8.4478     14.2075
-0.7687    8.3148     14.1933
-0.547     8.2154     14.1954
-0.367     8.1454     14.1901
-0.1672    8.1516     14.1901
0.1271     8.1054     14.2295
0.4085     8.1697     14.2518
0.6436     8.1817     14.3028
0.9593     8.2079     14.3201
1.1417     8.2614     14.3162
1.3958     8.229      14.3523
1.5878     8.2813     14.3591
1.7432     8.3149     14.3482
1.9288     8.2937     14.3392
2.1202     8.3295     14.3126
2.2948     8.4175     14.2796
2.3982     8.4922     14.2536
2.5736     8.5528     14.2233
2.7148     8.789      14.1718
2.9004     8.9047     14.1174
3.0218     9.0588     14.0955
3.1271     9.2262     14.0845
3.2445     9.2766     14.0484
3.5732     9.4973     13.7524
3.6993     9.4848     13.6012
3.7806     9.4359     13.4737
3.8641     9.4321     13.3306
3.9211     9.4599     13.2076































































































































































-1.9166    8.5886     11.313     RORBIT
-2.0827    8.6676     11.302
-2.2295    8.7845     11.3668
-2.4731    8.919      11.4375
-2.6339    9.1182     11.6462
-2.7633    9.263      11.8266
-2.8984    9.4116     12.1108
-2.9581    9.4763     12.3933
-2.9678    9.468      12.5767
-2.9926    9.3095     12.8586
-2.9006    9.1383     13.0084
-2.7672    8.7835     13.2074
-2.5742    8.5667     13.2819
-2.2839    8.4165     13.3088
-1.9486    8.2512     13.3491
-1.5708    8.199      13.4379
-1.3462    8.1828     13.5189
-0.9812    8.3064     13.4945
-0.7208    8.2189     13.4456
-0.5952    8.3058     13.2026
-0.5366    8.3564     12.9684
-0.5193    8.3977     12.864
-0.4421    8.3508     12.7524
-0.4565    8.3233     12.6956
















































































































































































2.1347     8.0919     11.5154    LORBIT
2.3734     8.2051     11.5713
2.6033     8.2863     11.6235
2.7647     8.3571     11.6918
2.8414     8.4239     11.7852
3.0259     8.4933     11.8905
3.107      8.6383     12.0395
3.2669     8.7074     12.208
3.3401     8.7559     12.3471
3.3123     8.8173     12.6101
3.3344     8.8431     12.8169
3.3268     8.8        13.0155
3.2546     8.6811     13.1493
3.1016     8.5666     13.2784
3.0257     8.3025     13.3604
2.7345     8.0915     13.4514
2.5589     7.9782     13.4972
2.2276     7.9034     13.5006
1.8218     7.8616     13.4829
1.5831     7.8312     13.55
1.0145     7.9223     13.6952
0.6637     7.9952     13.6312
0.5217     8.1072     13.3235
0.5179     8.1354     13.1088
0.5123     8.1306     12.9803
0.5401     8.213      12.7165














































































































































































-3.4361    10.1905    13.0277    RTEMFOS
-3.4939    10.2124    12.8545
-3.5612    10.193     12.605
-3.6327    10.1835    12.4207
-3.6965    10.1338    12.195
-3.7525    10.1133    11.9412
-3.7874    10.0864    11.6864
-3.8243    10.0141    11.2633
-3.8552    9.9151     10.9786
-3.8571    9.8509     10.7141
-3.8456    9.8032     10.4966
-3.9399    9.7416     10.3069
-3.98      9.8586     10.1612
-4.0663    9.8732     10.047
-4.1664    9.9059     9.9221
-4.2459    10.0253    9.8428
-4.3114    10.1429    9.7537
-4.3723    10.2928    9.6945
-4.484     10.3949    9.6523
-4.4823    10.5434    9.6313




















































































































































































3.7987     9.5371     13.2976    LTEMFOS
3.8836     9.5203     13.2036
3.9543     9.5098     13.0357
4.0364     9.48       12.882
4.0738     9.459      12.6808
4.1113     9.4453     12.5532
4.1746     9.4085     12.3994
4.1922     9.3857     12.2471
4.2266     9.3457     12.1255
4.2847     9.3247     12.004
4.3384     9.2507     11.826
4.3503     9.2208     11.6605
4.396      9.159      11.4968
4.3997     9.0981     11.326
4.4233     9.0289     11.2025
4.452      8.9821     11.0197
4.5098     8.9364     10.8954
4.5859     8.9605     10.7176
4.6543     8.9373     10.6173
4.7553     9.0233     10.4329
4.8866     9.0634     10.3769
5.0545     9.1587     10.251
5.145      9.2696     10.203
5.226      9.4013     10.1599
5.3179     9.5449     10.1121
5.3556     9.6502     10.1102
5.397      9.7736     10.1084
5.4939     9.8039     10.1261












































































































































































0.4345     4.8954     12.0039    OP
0.4469     7.0256     11.9082    BA
0.6002     11.5349    10.8203    ST
0.6713     16.4353    10.618     IV
-3.5019    7.0315     11.5854    R_PG
-4.9743    8.9389     10.4146    R_ZTI
-1.2867    11.9998    11.9945    R_M3D
-1.6651    14.6353    11.8589    R_M12
-1.3122    17.0032    11.3408    R_MP3
-0.6193    18.2409    10.8405    R_PMI
4.4487     6.9362     11.7285    L_PG
5.9029     8.776      10.5232    L_ZTI
2.4559     11.8888    12.03      L_M3D
2.8385     14.6146    11.8989    L_M12
2.7625     16.9672    11.3591    L_MP3
1.9241     18.2216    10.5502    L_PMI
0.3947     19.589     10.5982    O1
3.5384     9.6964     5.2303     O2
-4.9839    8.3193     9.6383     O3
2.0659     2.7282     9.7664     O4




















































































































































































-3.2151    12.528     9.789      RZYGINF
-3.3455    12.399     9.7185
-3.5004    12.2395    9.6436
-3.7193    12.0785    9.5947
-3.8757    11.9453    9.6437
-4.0469    11.8059    9.7007
-4.1855    11.6439    9.7915
-4.2978    11.5267    9.8391
-4.4338    11.3906    9.9002
-4.5458    11.2325    9.9673
-4.6341    11.0057    9.9784
-4.688     10.8938    10.0186
-4.7546    10.6975    10.0747
-4.764     10.4888    10.0793
-4.778     10.2853    10.0952
-4.7752    10.0917    10.1104
-4.784     9.9417     10.152
-4.802     9.7639     10.1824
-4.8244    9.6199     10.2358
-4.8664    9.4348     10.2892
-4.8392    9.261      10.3454
-4.8597    9.1687     10.3912
-4.8917    9.0865     10.4084
-4.9161    9.0161     10.4246
-4.933     8.8968     10.4359
-4.9359    8.8698     10.4352














































































































































































4.5722     12.394     9.8305     LZYGINF
4.6954     12.2502    9.7513
4.8994     12.1024    9.6834
5.1077     11.9143    9.7206
5.2161     11.8238    9.7563
5.3217     11.6099    9.8604
5.4562     11.4636    9.9275
5.5335     11.353     9.9631
5.6092     11.1625    10.0556
5.6653     10.9747    10.1279
5.7507     10.7425    10.1716
5.8543     10.3438    10.1666
5.8487     10.1637    10.1774
5.7984     9.9718     10.202
5.8647     9.8472     10.2053
5.8344     9.5645     10.2676
5.9498     9.3471     10.3018
5.9878     9.1423     10.3673
5.9907     8.9585     10.4439
5.9685     8.8328     10.4775
5.9384     8.7226     10.5083



















































































































































































-1.2969    12.036     11.8838    R-ALV
-1.5351    12.4146    11.8971
-1.6716    12.7008    11.9362
-1.7788    13.0996    12.0139
-1.7873    13.4474    12.0087
-1.8068    13.8349    11.9988
-1.802     14.167     11.8909
-1.7482    14.4912    11.7613
-1.7475    14.9101    11.7142
-1.7362    15.1338    11.6898
-1.7301    15.3753    11.6354
-1.6639    15.6306    11.6559
-1.557     15.862     11.6077
-1.4839    16.1317    11.6302
-1.436     16.388     11.6093
-1.4329    16.675     11.5424
-1.3872    16.8368    11.4519
-1.3167    17.0066    11.3365






















































































































































































2.3477     11.9321    11.9237    L-ALV
2.6159     12.2531    11.9531
2.7226     12.4467    11.8958
2.8228     12.7964    11.9524
2.8946     13.0874    11.9894
2.9604     13.4326    11.9082
2.986      13.6669    11.8871
3.0064     13.9925    11.8469
2.9842     14.2389    11.8342
2.9517     14.5131    11.764
2.9518     14.7082    11.7483
2.9702     14.9301    11.7168
2.9793     15.279     11.6848
2.9599     15.4951    11.6613
2.85       15.8265    11.606
2.8261     16.0542    11.5946
2.7872     16.2902    11.601
2.7957     16.534     11.505
2.7834     16.6976    11.4613
2.7648     16.8888    11.4308
2.7326     16.9922    11.3613
