BPI        M3073      Tod28stv
11.0024    25.53      5.9866     IN
10.6548    22.2338    10.6656    BR
10.7136    15.7382    10.0877    GL
10.7609    15.477     9.5861     NA
10.9576    11.7719    6.4786     RH
11.1574    9.9686     3.9819     NS
11.1416    9.5382     3.4352     PR
10.0776    9.7235     3.5026     R_PR2
10.576     12.9894    7.1068     R_PMS
7.4422     14.704     4.889      R_ZMI
8.939      15.2713    7.773      R_ZMU
10.4747    15.398     9.0724     R_DA
8.8712     15.955     10.1648    R_MTI
8.8227     16.3988    10.4823    R_MTS
7.8199     16.3987    8.7737     R_FMO
7.2539     16.9706    8.6501     R_FMT
6.4338     21.2769    5.7485     R_PO
6.1227     16.2847    5.6582     R_ZTS
9999       9999       9999       L_PR2
11.4052    13.0474    6.8867     L_PMS
14.4453    15.0008    4.5325     L_ZMI
12.7776    15.2878    7.5712     L_ZMU
11.5464    15.5527    8.7703     L_DA
12.6838    16.0955    10.216     L_MTI
12.7277    16.3228    10.5856    L_MTS
14.0853    16.5995    8.867      L_FMO
14.4976    17.5106    8.8641     L_FMT
14.7643    21.876     5.5241     L_PO
15.5574    17.1957    5.4854     L_ZTS
10.2019    10.1746    4.529      O1
7.577      17.6137    9.6855     O2
16.1029    19.8493    5.5435     O3
12.063     25.2982    6.0701     O4







































































































































































10.7892    15.6681    9.913      GLRH
10.7997    15.5876    9.7752
10.8087    15.4825    9.5937
10.802     15.3338    9.4308
10.8379    15.2483    9.244
10.861     15.1286    9.1012
10.8761    15.0137    8.9627
10.8853    14.9494    8.8128
10.889     14.8503    8.6469
10.8668    14.6446    8.516
10.8798    14.5041    8.4164
10.9089    14.336     8.1705
10.8838    14.0594    7.9353
10.8881    13.8635    7.7429
10.8559    13.6669    7.5759
10.8937    13.4722    7.4497
10.8901    13.2527    7.3027
10.9218    13.094     7.2761
10.9677    12.8891    7.186
10.9347    12.7106    7.0579
10.9926    12.4867    6.9673
11.0198    12.2827    6.867
10.9899    12.1378    6.7781
11.01      12.0163    6.6988
11.0135    11.9304    6.6432
11.0042    11.7986    6.5322














































































































































































11.0452    11.7734    6.4731     NOSE
10.7969    11.7495    6.4406
10.5712    11.739     6.3934
10.3941    11.659     6.2242
10.2929    11.5772    6.0652
10.2225    11.4791    5.9434
10.1569    11.4024    5.8131
10.1217    11.2963    5.7002
10.1077    11.1783    5.5753
10.1065    11.0455    5.4734
10.1085    10.9338    5.3334
10.174     10.6416    5.0512
10.2447    10.5515    4.9149
10.3057    10.4488    4.7876
10.4321    10.3318    4.6027
10.5306    10.2702    4.4426
11.1187    9.9963     4.0136
11.3568    10.2987    4.255
11.4216    10.435     4.3745
11.5745    10.5525    4.5488
11.7603    10.6526    4.6766
11.7981    10.7794    4.7922
11.8841    10.9025    4.9242
11.9456    11.0287    5.0121
12.0237    11.1421    5.1542
11.9758    11.3815    5.3545
11.8742    11.505     5.5085
11.8947    11.5946    5.6865
11.8307    11.7189    5.8783
11.7311    11.807     6.0148
11.6837    11.7566    6.2306
11.4977    11.7518    6.3888
11.2878    11.8149    6.4812
11.0286    11.8242    6.4764






































































































































































9999       9999       9999       NASP-PR







































































































































































































10.5265    12.9086    6.9765     R-PM/MAX
10.4577    12.7284    6.8558
10.4064    12.5526    6.75
10.363     12.4076    6.6423
10.3409    12.2374    6.5032
10.2917    12.0877    6.373
10.2067    11.9792    6.2451
10.0763    11.8193    6.1306
9.948      11.6553    5.9624
9.9179     11.5028    5.8114
9.8552     11.3249    5.6324
9.8303     11.1529    5.46
9.8352     11.0073    5.2513
9.8038     10.8533    5.0524
9.7794     10.7114    4.8931
9.7761     10.6391    4.6927
9.7509     10.5525    4.5878
9.6907     10.4821    4.4133
9.6271     10.4003    4.2222
9.5944     10.3588    4.09
9.5654     10.2881    3.9909
9.5454     10.2252    3.8684
9.6436     10.2021    3.601

















































































































































































11.4204    12.9623    6.839      L-PM/MAX
11.4994    12.7228    6.6806
11.5971    12.4247    6.6141
11.65      12.1511    6.4374
11.7848    12.0875    6.2468
11.8382    11.9717    5.9853
11.9457    11.8711    5.7939
12.0382    11.7174    5.5962
12.0663    11.572     5.4468
12.1209    11.4756    5.3312
12.1472    11.3184    5.1109
12.1747    11.2429    5.0098
12.2003    11.1337    4.8418
12.2104    10.9952    4.679
12.2552    10.857     4.5133
12.3067    10.7375    4.3837
12.3631    10.6612    4.2399
12.4195    10.5614    4.0756
12.4547    10.5074    3.8717
12.4916    10.4608    3.7205
12.4199    10.4421    3.4325



















































































































































































8.4463     13.6685    3.2529     ROSTRUM
8.4879     13.6506    3.5461
8.4377     13.727     3.7575
8.409      13.7423    3.9939
8.4529     13.7648    4.2103
8.5492     13.8205    4.4627
8.6714     13.8581    4.7359
8.8369     13.905     5.0382
8.955      13.9364    5.255
9.0611     13.9291    5.462
9.1725     13.922     5.6869
9.254      13.932     5.8657
9.3208     13.9747    5.9809
9.4057     13.9878    6.1837
9.4005     13.9825    6.4057
9.4211     13.9677    6.6268
9.56       14.0061    6.9082
9.7735     14.073     7.1137
9.9163     14.114     7.2384
10.0294    14.1796    7.3605
10.2375    14.217     7.5391
10.3796    14.1887    7.6521
10.4616    14.232     7.761
10.5791    14.2431    7.9196
10.7291    14.2073    8.0442
10.8436    14.2527    8.0816
10.9738    14.2319    8.0569
11.1407    14.2624    8.0141
11.2106    14.2523    7.9268
11.3416    14.2748    7.8179
11.4798    14.2792    7.6486
11.6154    14.2691    7.4679
11.7339    14.2392    7.3454
11.7197    14.2287    7.3356
11.966     14.2632    7.1379
12.15      14.2755    7.0227
12.2505    14.2684    6.9498
12.3727    14.256     6.8265
12.476     14.2594    6.7031
12.5463    14.3144    6.491
12.5894    14.3312    6.2798
12.671     14.3185    6.0283
12.7515    14.3294    5.9209
12.8513    14.3241    5.7805
12.8939    14.2888    5.6226
12.9728    14.2517    5.3904
13.0551    14.2322    5.1596
13.0901    14.1778    5.0085
13.1608    14.1702    4.8619
13.238     14.1084    4.6739
13.3547    14.1079    4.5084
13.516     14.088     4.2925
13.559     14.0445    4.043
13.5501    14.0322    3.8613
13.5534    14.0283    3.7027
13.5528    14.0242    3.5441
13.55      14.0164    3.3811
13.5667    13.9825    3.2356














































































































































7.2646     16.9732    8.6617     SUPORB
7.3255     17.0906    9.0057
7.3083     17.0792    9.321
7.343      17.1428    9.4608
7.3943     17.1371    9.6712
7.5872     17.0778    9.8718
7.7226     16.998     9.9792
7.8309     16.8592    10.0563
7.9713     16.7648    10.1279
8.1365     16.6345    10.2171
8.4172     16.4135    10.3328
8.6583     16.3215    10.4097
8.8879     16.2657    10.4496
9.2202     16.4094    10.4904
9.4694     16.5272    10.5226
9.7447     16.4884    10.5317
10.0115    16.3886    10.5087
10.215     16.283     10.4818
10.4007    16.144     10.4278
10.649     16.083     10.3939
10.8074    16.1099    10.3911
11.066     16.1943    10.4314
11.2643    16.2545    10.4692
11.4419    16.3168    10.5098
11.5948    16.3673    10.5501
11.8053    16.4325    10.5891
12.0322    16.4732    10.5885
12.2522    16.4189    10.5986
12.4187    16.3952    10.588
12.5769    16.3886    10.5792
12.7292    16.4019    10.5749
12.8822    16.4215    10.5597
12.9633    16.4894    10.5318
13.1687    16.5045    10.4769
13.356     16.5679    10.4348
13.5198    16.612     10.3724
13.7616    16.779     10.1805
13.9847    16.9837    10.0149
14.1116    17.075     9.908
14.1879    17.1828    9.805
14.3198    17.2713    9.6656
14.3704    17.3317    9.5181
14.4365    17.4119    9.3217
14.44      17.4317    9.1875
14.488     17.4767    8.9698



























































































































































9.0009     15.247     7.7161     RORBIT
8.5162     15.2975    7.8102
8.2315     15.5184    7.923
8.114      15.7523    7.914
7.8985     16.0344    8.1724
7.8437     16.1623    8.3432
7.8345     16.263     8.508
7.7895     16.392     8.7072
7.7208     16.4222    8.8405
7.7398     16.4982    9.0548
7.838      16.5298    9.3713
8.0241     16.3236    9.6124
8.2058     16.2099    9.7776
8.4581     16.111     9.9114
8.7172     16.036     10.0179
8.9024     15.9816    10.0515
9.0849     15.9522    10.069
9.2755     15.948     10.0671
9.4143     15.958     10.0624
9.585      15.9987    10.1194
9.9505     15.9594    10.1032
10.1274    15.9587    10.0122
10.2418    15.9326    9.7716
10.2961    15.7972    9.4573
10.3469    15.699     9.2762
10.3755    15.5954    9.1366
10.4784    15.4324    9.0501













































































































































































12.7754    15.3144    7.5385     LORBIT
13.0148    15.3221    7.5157
13.2243    15.4579    7.5418
13.3974    15.5365    7.5879
13.4855    15.629     7.6499
13.525     15.6761    7.6852
13.6255    15.7871    7.7402
13.7855    15.9375    7.9089
13.8851    16.0463    7.9966
13.9722    16.2703    8.227
13.9707    16.3689    8.3286
13.9765    16.5157    8.5905
13.91      16.6368    8.805
13.9322    16.6939    9.076
13.9488    16.666     9.3626
13.9598    16.6091    9.5578
13.7701    16.5036    9.7079
13.5855    16.3791    9.9051
13.4146    16.3116    10.0119
13.2602    16.21      10.0955
13.0019    16.1099    10.206
12.7771    16.0678    10.2324
12.5889    16.0291    10.175
12.3823    15.9831    10.1774
12.0967    15.9816    10.2046
11.8058    15.9745    10.1816
11.6047    15.9175    10.1473
11.4611    15.9179    9.9338
11.4252    15.8967    9.7367
11.4081    15.8439    9.5668
11.397     15.8162    9.4095
11.4171    15.7723    9.2796
11.4323    15.7564    9.168
11.4267    15.6781    9.0276
11.4423    15.5883    8.8998





































































































































































14.5365    17.4433    8.8511     RTEMFOS
14.7456    17.274     8.6746
14.7812    17.0881    8.3754
14.7573    16.9652    8.1935
14.725     16.832     7.9205
14.7174    16.6646    7.7345
14.6786    16.5399    7.5646
14.6838    16.3965    7.38
14.6698    16.3115    7.173
14.6526    16.1487    6.9855
14.6982    16.0781    6.7098
14.9016    16.0456    6.5242
14.994     16.0332    6.2994
15.0734    15.9756    6.1086
15.1226    15.9895    5.9471
15.2856    16.0671    5.7592
15.4079    16.2264    5.6541
15.5255    16.3829    5.5375
15.5424    16.5424    5.5054
15.6233    16.787     5.4781
15.6898    16.947     5.4405
15.6807    17.1902    5.487


















































































































































































14.629     17.3673    8.7981     LTEMFOS
14.7577    17.2618    8.6428
14.7826    17.1533    8.3658
14.7568    16.9621    8.104
14.6919    16.7854    7.8972
14.6722    16.5995    7.6651
14.6699    16.4958    7.5325
14.6163    16.2983    7.346
14.5906    16.1622    7.1873
14.6193    16.0822    6.9619
14.6787    16.0475    6.726
14.928     16.0112    6.4361
15.0399    15.9666    6.1844
15.0753    15.9587    6.0322
15.179     16.026     5.8505
15.3396    16.1413    5.6759
15.514     16.2995    5.5414
15.556     16.5096    5.5035
15.5877    16.6704    5.4852
15.6626    16.8062    5.4749
15.6497    16.9997    5.4748
15.6973    17.2045    5.484


















































































































































































10.6023    9.5506     9.1665     OP
10.8819    11.6255    9.0034     BA
11.2172    16.423     8.3726     ST
11.4023    20.4603    8.6151     IV
7.108      11.0153    8.2077     R_PG
9999       9999       9999       R_ZTI
8.9808     17.0715    9.5197     R_M3D
9.1782     20.1413    9.4053     R_M12
9.6671     21.4831    9.1988     R_MP3
10.1142    22.0872    8.9768     R_PMI
14.9503    11.1855    9.0655     L_PG
16.1295    13.0682    8.5477     L_ZTI
13.338     16.7495    9.7937     L_M3D
13.5757    19.7364    9.2913     L_M12
13.1625    21.137     9.1657     L_MP3
12.6274    21.7445    9.2234     L_PMI
10.5555    22.2063    7.8716     O1
8.0491     14.6749    2.9835     O2
16.1655    12.2783    7.7662     O3
11.8158    6.9117     7.2095     O4




















































































































































































9999       9999       9999       RZYGINF







































































































































































































14.7238    16.8335    8.5668     LZYGINF
14.9367    16.7765    8.5029
15.1143    16.6462    8.4818
15.2822    16.4977    8.482
15.4726    16.315     8.5132
15.6733    16.0564    8.5407
15.6449    15.8152    8.5911
15.6912    15.5213    8.5843
15.7275    15.3021    8.568
15.7695    15.0493    8.6039
15.7641    14.8476    8.6217
15.8306    14.6284    8.6021
15.8545    14.405     8.6617
15.9073    14.1156    8.6841
15.9817    13.9939    8.6681
16.0133    13.7589    8.7454
16.0579    13.5119    8.7186
16.1099    13.2525    8.7255
16.1037    13.0299    8.5923





















































































































































































8.8465     17.1347    9.2196     R-ALV
8.6712     17.5549    9.1585
8.6553     17.9645    9.1925
8.6832     18.3005    9.2929
8.6579     18.5363    9.3947
8.7056     18.8729    9.3687
8.7204     19.1343    9.3923
8.7631     19.4231    9.4011
8.7855     19.65      9.4209
8.8305     19.8789    9.3677
9.1084     20.2119    9.2581
9.2232     20.494     9.287
9.3558     20.7465    9.2681
9.4607     21.022     9.2076
9.4692     21.3702    9.1342
9.5748     21.5252    9.0448
























































































































































































13.3919    16.7124    9.7126     L-ALV
13.5863    16.9661    9.6664
13.7084    17.181     9.5305
13.751     17.4232    9.5296
13.7212    17.6724    9.5395
13.7568    17.794     9.5506
13.8428    17.9878    9.514
13.7755    18.2316    9.5787
13.7877    18.4563    9.4908
13.774     18.6571    9.5559
13.7585    18.9295    9.6598
13.7167    19.2363    9.5538
13.7066    19.4827    9.5227
13.5768    19.7236    9.3384
13.4693    19.9123    9.3002
13.4025    20.3625    9.2847
13.3401    20.5271    9.2538
13.2816    20.8706    9.2417
13.2299    21.0525    9.2008
