UWMA       MP 222     Tod27stv
10.4366    26.4067    5.0568     IN
10.464     22.7555    8.8686     BR
10.6734    16.4327    9.2951     GL
10.6732    16.0274    8.3082     NA
10.9206    13.0804    6.492      RH
10.8147    9.8876     4.189      NS
11.0276    9.3601     3.6361     PR
10.1961    9.5298     3.6769     R_PR2
10.2569    13.0385    6.2998     R_PMS
7.2587     15.4381    3.7767     R_ZMI
8.6638     16.5425    6.9224     R_ZMU
10.1163    16.4401    8.1324     R_DA
8.4665     16.8682    9.1513     R_MTI
8.9231     17.1359    9.5781     R_MTS
7.2815     17.6405    7.9037     R_FMO
6.8308     18.1909    8.0367     R_FMT
6.6109     22.6992    4.5863     R_PO
5.8601     17.5399    4.5934     R_ZTS
11.6431    9.5564     3.6089     L_PR2
11.3004    13.3379    6.391      L_PMS
14.5882    15.5961    3.898      L_ZMI
12.9275    16.469     6.8015     L_ZMU
11.2306    16.3703    8.0179     L_DA
12.3813    16.9643    9.3628     L_MTI
12.2451    17.1006    9.8059     L_MTS
14.0289    17.604     8.2009     L_FMO
14.5606    18.2585    8.0493     L_FMT
14.4511    22.8114    4.5376     L_PO
15.6285    17.9372    4.5206     L_ZTS
11.8304    10.289     4.379      O1
7.4181     18.6348    8.7544     O2
16.0583    19.9854    4.4109     O3
12.4243    25.7531    4.6218     O4







































































































































































10.5799    16.3607    9.1932     GLRH
10.6221    16.2856    8.9609
10.6388    16.2586    8.7805
10.6471    16.182     8.6004
10.6825    16.0853    8.3834
10.6959    15.9812    8.2531
10.7018    15.8911    8.098
10.6888    15.7592    7.9308
10.6845    15.6789    7.7802
10.6949    15.5156    7.6416
10.7279    15.4018    7.558
10.6962    15.2999    7.4612
10.6958    15.1182    7.3422
10.7154    14.9036    7.2161
10.7534    14.7353    7.1159
10.7299    14.6631    7.079
10.7739    14.103     6.7114
10.7916    13.8769    6.6727
10.803     13.737     6.632
10.7587    13.6219    6.6109
10.8242    13.5831    6.62
10.9343    13.0967    6.4566


















































































































































































10.9082    13.0476    6.4125     NOSE
10.1779    12.4582    5.8583
10.0839    12.1239    5.6596
9.8968     11.9155    5.4986
9.8278     11.8849    5.4224
9.8026     11.6942    5.2728
9.7721     11.589     5.1802
9.7304     11.471     5.0578
9.7252     11.3197    4.9581
9.7619     11.1456    4.8709
9.8097     10.9917    4.7597
9.9011     10.8755    4.6706
9.9628     10.7307    4.598
10.0487    10.604     4.5473
10.0818    10.4913    4.5032
10.2144    10.372     4.459
10.3052    10.2553    4.3909
10.3568    10.1483    4.3787
10.4588    9.9993     4.3243
10.6421    9.8423     4.2585
10.7657    9.8358     4.1759
10.8481    9.872      4.1858
11.0343    10.0103    4.2747
11.1662    10.0245    4.3291
11.2662    10.2505    4.3866
11.4221    10.3757    4.4748
11.4944    10.5802    4.5677
11.6805    10.7553    4.7521
11.803     10.8186    4.8767
11.9477    11.05      5.0216
11.9896    11.2245    5.1257
11.9656    11.4031    5.227
11.9398    11.5236    5.3044
11.9335    11.7539    5.469
11.827     11.9015    5.6008
11.7497    12.0389    5.6943
11.6921    12.133     5.7814
11.6126    12.2895    5.87
11.5185    12.4157    5.9293
11.4317    12.6521    6.0349
11.3059    12.7883    6.0783
11.0343    13.0189    6.3933






























































































































































10.8047    9.9038     4.1648     NASP-PR
10.8862    9.609      4.0751
10.9089    9.5278     3.9031
10.9203    9.4178     3.794
10.9074    9.3772     3.6978
10.9104    9.3901     3.5615
10.9031    9.408      3.4612

































































































































































































10.1398    12.9956    6.2072     R-PM/MAX
10.0605    12.8025    6.0151
9.9649     12.6317    5.8919
9.8541     12.4363    5.7919
9.8104     12.2186    5.6621
9.7626     11.9255    5.4875
9.7279     11.7556    5.3249
9.7108     11.5489    5.1893
9.6788     11.3657    5.02
9.6518     11.2134    4.9167
9.6336     10.9835    4.8431
9.6169     10.7446    4.7033
9.635      10.577     4.5101
9.6879     10.4759    4.3833
9.6443     10.3095    4.209
9.6133     10.1678    4.0734
9.5862     10.0822    3.9047
9.5879     9.9477     3.7404
9.5931     9.8919     3.5834
9.6332     9.8721     3.4293




















































































































































































11.4621    12.7684    6.1232     L-PM/MAX
11.5851    12.5821    5.9944
11.6761    12.3606    5.912
11.7815    12.1865    5.7547
11.9016    11.995     5.6123
11.9405    11.8461    5.5107
12.0381    11.6684    5.3816
12.0524    11.4804    5.2705
12.0567    11.3738    5.1977
12.047     11.1049    5.0421
12.0293    10.8656    4.8997
12.0475    10.6837    4.7366
12.0173    10.5374    4.5707
12.004     10.4611    4.493
12.0525    10.3583    4.311
12.1166    10.2846    4.2021
12.1379    10.179     4.0507
12.1291    10.1093    3.9411
12.1323    9.9856     3.7219
12.1043    9.9761     3.5397
12.0995    10.0228    3.4011



















































































































































































8.2018     13.3165    3.2138     ROSTRUM
8.1794     13.3526    3.4121
8.1758     13.4248    3.6032
8.2068     13.4174    3.7387
8.2127     13.4489    3.9321
8.3306     13.4938    4.1225
8.4965     13.586     4.296
8.6259     13.5439    4.4171
8.7056     13.5824    4.5264
8.8452     13.677     4.7438
8.913      13.6864    4.9075
9.0586     13.6572    5.0664
9.1485     13.6971    5.2242
9.1823     13.7598    5.3302
9.224      13.7804    5.5017
9.3008     13.8053    5.7135
9.419      13.8349    5.8794
9.5384     13.8507    5.9777
9.746      13.9037    6.065
9.8922     13.9156    6.1363
10.0117    13.8891    6.2232
10.1172    13.9301    6.3149
10.3133    13.9263    6.4477
10.4411    13.9545    6.583
10.5557    14.0217    6.6328
10.7157    14.078     6.7109
10.9456    14.0382    6.6975
11.3069    14.141     6.6786
11.4546    14.1239    6.5257
11.5733    14.1492    6.4069
11.7286    14.1549    6.1795
11.8226    14.1586    6.0681
12.0289    14.1122    5.9693
12.1287    14.0875    5.8859
12.2504    14.0282    5.6935
12.3261    13.9867    5.4424
12.4166    13.9841    5.275
12.4962    13.9169    5.1439
12.619     13.8231    4.944
12.7017    13.7883    4.8067
12.8359    13.6933    4.5808
12.9781    13.62      4.4445
13.1114    13.5209    4.3058
13.258     13.4189    4.1558
13.3232    13.3307    4.0135
13.3711    13.2888    3.9069
13.3869    13.2039    3.7496
13.4492    13.1348    3.5969
13.469     13.1057    3.4382
13.4672    13.0595    3.3097






















































































































































6.8406     18.2779    8.0587     SUPORB
6.816      18.2773    8.2638
6.8343     18.3113    8.4097
6.8918     18.2925    8.6435
6.9803     18.2637    8.8034
7.1451     18.1765    8.943
7.2541     18.1393    8.9967
7.3878     18.0056    9.0817
7.5213     17.9149    9.1787
7.6595     17.8006    9.2522
7.7898     17.6778    9.3152
7.9665     17.4947    9.3786
8.1277     17.3928    9.4233
8.2642     17.263     9.4867
8.5753     17.1568    9.5381
8.848      17.1252    9.5719
9.0986     17.1051    9.5853
9.2816     17.1229    9.6271
9.5114     17.1311    9.6405
9.7681     17.1131    9.6258
9.9634     16.9909    9.6089
10.0953    16.8077    9.5725
10.2091    16.723     9.5432
10.3996    16.6381    9.515
10.6359    16.686     9.5182
10.8083    16.7928    9.5685
11.0649    16.8476    9.6251
11.1969    16.9833    9.6662
11.4116    17.0693    9.7215
11.57      17.1778    9.7309
11.7906    17.2112    9.7223
12.0563    17.2455    9.7173
12.2685    17.2504    9.719
12.4718    17.2724    9.697
12.6848    17.439     9.6418
12.9505    17.4513    9.6039
13.1005    17.5498    9.5629
13.2327    17.7299    9.453
13.747     17.9494    9.2608
14.0126    18.1286    9.1055
14.155     18.1891    8.9388
14.2564    18.2355    8.7873
14.3161    18.3054    8.6491
14.3748    18.3465    8.5234
14.4348    18.3517    8.418
14.5317    18.2653    8.1415
14.5598    18.2064    7.9506
14.5453    18.1407    7.8524
























































































































































8.5883     16.5073    6.8733     RORBIT
8.3425     16.64      6.8048
8.2033     16.8262    6.8223
7.9634     17.0521    6.8919
7.8828     17.1912    7.0045
7.6289     17.3627    7.1484
7.4925     17.4817    7.3986
7.3811     17.5548    7.6314
7.2896     17.6244    7.9383
7.35       17.5926    8.2784
7.4496     17.4232    8.6395
7.6198     17.2521    8.8271
7.8452     17.1399    8.9374
8.0732     16.9437    9.0597
8.328      16.758     9.1597
8.5672     16.7067    9.1984
8.7853     16.7302    9.2026
8.9805     16.6772    9.2286
9.2103     16.6433    9.2414
9.3295     16.6172    9.2475
9.6107     16.5841    9.2605
9.8199     16.6323    9.1307
10.0949    16.5593    8.8711
10.0947    16.6066    8.6577
10.1637    16.5132    8.3159
10.1428    16.4133    8.2227
10.1007    16.4161    8.002













































































































































































12.9362    16.5663    6.78       LORBIT
13.177     16.6802    6.7927
13.3854    16.9225    6.8238
13.5421    17.0725    7.0239
13.7459    17.3615    7.2775
13.8955    17.5161    7.512
13.9163    17.5856    7.8163
13.9719    17.6227    8.1666
13.9736    17.5575    8.4312
13.8025    17.5821    8.7123
13.6892    17.4734    8.899
13.4723    17.3633    9.102
13.3431    17.3233    9.149
13.0689    17.3004    9.1794
12.7721    17.1555    9.3858
12.4697    17.0234    9.3778
12.1082    16.834     9.3858
11.6632    16.7099    9.4978
11.5189    16.7515    9.2461
11.3227    16.7254    8.9899
11.2981    16.7512    8.8226
11.2285    16.6897    8.6373
11.2037    16.6336    8.4745
11.1955    16.602     8.3611
11.1905    16.5178    8.2458
11.218     16.5002    8.1452
11.2139    16.4119    8.069













































































































































































9999       9999       9999       RTEMFOS







































































































































































































14.5464    18.2317    7.6763     LTEMFOS
14.6058    18.0901    7.4606
14.5665    17.9982    7.2606
14.6422    17.6645    6.8474
14.6662    17.3028    6.5206
14.7491    16.9399    6.156
14.8309    16.7619    5.946
14.8792    16.731     5.7732
14.8858    16.6329    5.5837
15.0408    16.6034    5.3897
15.0604    16.5696    5.1602
15.1319    16.5789    5.0803
15.2624    16.6713    4.9319
15.3565    16.8857    4.8077
15.4553    17.0579    4.7119
15.5013    17.2187    4.6087
15.5597    17.3496    4.5753
15.6694    17.5101    4.5394
15.6977    17.7319    4.563
15.7275    17.8671    4.5651




















































































































































































10.6516    11.0053    7.1121     OP
10.8302    12.8932    7.4961     BA
11.1918    18.389     8.1155     ST
11.352     23.0952    9.3155     IV
6.7211     13.0738    7.4635     R_PG
5.5682     15.468     7.1525     R_ZTI
8.8628     18.072     9.1114     R_M3D
8.7518     21.3731    9.4749     R_M12
9.4783     23.755     10.0208    R_MP3
10.1243    24.231     10.1678    R_PMI
14.9024    12.7187    7.2606     L_PG
16.4056    15.0957    7.1074     L_ZTI
13.4377    18.0519    9.0276     L_M3D
13.7293    21.2113    9.4425     L_M12
12.9793    23.7945    9.8224     L_MP3
12.3643    24.1642    10.0446    L_PMI
12.1786    24.2323    8.89       O1
7.8013     17.4123    2.6577     O2
16.2768    14.9124    6.405      O3
12.6266    9.3526     4.5342     O4




















































































































































































7.4848     18.9967    8.2332     RZYGINF
7.1837     18.8453    8.1291
7.0568     18.8296    8.068
6.8737     18.76      8.0055
6.6379     18.665     7.9641
6.4802     18.534     7.9631
6.3212     18.396     7.9296
6.1646     18.2954    7.899
6.0635     18.1408    7.8942
5.934      17.8889    7.8858
5.8359     17.6252    7.8558
5.861      17.3878    7.8935
5.8906     17.126     7.9161
5.8681     16.8085    7.933
5.8201     16.5774    7.895
5.8058     16.389     7.8322
5.7011     16.1674    7.6835
5.7346     16.0484    7.5596
5.7202     15.8646    7.4573
5.681      15.7445    7.3784
5.6245     15.5757    7.3155
5.5874     15.5048    7.2424
5.5205     15.4205    7.1026

















































































































































































15.0339    18.5339    8.1156     LZYGINF
15.2549    18.45      8.0388
15.4402    18.4566    8.0094
15.5795    18.3707    7.9903
15.7656    18.2199    7.958
15.9271    17.9747    7.9304
15.9949    17.8023    7.9241
16.0371    17.6127    7.9194
16.0394    17.4024    7.8913
16.0525    17.2409    7.8945
16.0252    17.0858    7.8975
16.0466    16.8591    7.8922
16.0769    16.6737    7.8931
16.0811    16.4152    7.8698
16.1249    16.2084    7.8269
16.1675    16.0365    7.7905
16.2024    15.8574    7.7126
16.2422    15.7451    7.6469
16.3096    15.6218    7.5586
16.3352    15.515     7.4452
16.3933    15.4041    7.3595
16.409     15.2116    7.2305
16.3933    15.087     7.1107

















































































































































































8.8601     18.0558    9.0637     R-ALV
8.6648     18.3676    9.1082
8.5516     18.9364    9.1455
8.4213     19.2803    9.2191
8.5137     19.6619    9.2768
8.5044     19.8766    9.3711
8.509      20.2066    9.4038
8.517      20.4489    9.4301
8.5298     20.7521    9.4656
8.6328     21.0379    9.5354
8.8425     21.4204    9.6614
8.817      21.8015    9.7207
8.8652     22.1954    9.7324
9.0344     22.4245    9.7688
9.1153     22.6814    9.8218
9.1362     22.9279    9.8792
9.2212     23.0948    9.9483
9.3101     23.361     9.9304
9.3868     23.5607    9.9266
9.491      23.7207    10.0561




















































































































































































13.4122    18.1029    9.0833     L-ALV
13.6456    18.3161    9.1189
13.7436    18.6569    9.0787
13.8189    18.936     9.1079
13.9605    19.1875    9.1418
13.9788    19.4124    9.1714
13.9552    19.8454    9.1884
13.9684    20.1203    9.303
13.9921    20.3848    9.2714
14.0107    20.5522    9.2907
14.0236    20.8191    9.392
13.832     21.3563    9.3537
13.7434    21.7419    9.3982
13.6862    21.9152    9.3857
13.7047    22.1421    9.5219
13.4614    22.4321    9.6389
13.3956    22.8624    9.6336
13.3076    23.1014    9.6573
13.2425    23.3827    9.679
13.1973    23.5059    9.7816
13.1341    23.6946    9.789
13.0249    23.8654    9.8064
