NME        Omo 75N '71Too13sf
9999       9999       9999       IN
15.7321    17.0796    10.5147    BR
11.2942    12.3848    11.4831    GL
11.2734    11.9564    10.7145    NA
9999       9999       9999       RH
3.8626     5.471      3.9925     NS
9999       9999       9999       PR
2.4911     6.122      2.6451     R_PR2
6.5097     9.4493     6.2501     R_PMS
6.5816     13.4205    4.3433     R_ZMI
8.554      12.7843    8.3515     R_ZMU
9999       9999       9999       R_DA
10.0336    13.9219    11.1955    R_MTI
10.2415    14.2641    11.6941    R_MTS
9999       9999       9999       R_FMO
9.2389     16.4198    9.6975     R_FMT
12.3784    20.0076    5.3277     R_PO
9999       9999       9999       R_ZTS
9999       9999       9999       L_PR2
9999       9999       9999       L_PMS
12.5925    7.0638     4.8747     L_ZMI
12.3994    9.4836     8.2271     L_ZMU
9999       9999       9999       L_DA
9999       9999       9999       L_MTI
9999       9999       9999       L_MTS
9999       9999       9999       L_FMO
9999       9999       9999       L_FMT
19.7634    13.5859    6.284      L_PO
9999       9999       9999       L_ZTS
3.2835     6.9255     4.0503     O1
13.3794    6.8299     5.7142     O2
9.503      16.0641    10.4026    O3
19.1681    19.3672    6.4262     O4







































































































































































9999       9999       9999       GLRH







































































































































































































9999       9999       9999       NOSE







































































































































































































9999       9999       9999       NASP-PR







































































































































































































6.6158     9.4702     6.2299     R-PM/MAX
6.4099     9.3011     6.133
6.1654     9.1916     6.0538
5.9174     9.0165     5.9688
5.702      8.8841     5.8789
5.5383     8.7907     5.805
5.3833     8.6742     5.7546
5.2478     8.5184     5.6774
5.0578     8.423      5.6046
4.9855     8.2517     5.4937
4.7997     8.0511     5.4294
4.5457     7.9021     5.305
4.3305     7.8469     5.1722
4.1141     7.7656     4.9943
4.0128     7.6805     4.8641
3.8209     7.5802     4.6628
3.723      7.502      4.5211
3.5597     7.3806     4.3062
3.5043     7.3493     4.236
3.3984     7.2479     4.0986
3.2762     7.1999     3.9525
3.141      7.1182     3.7654
2.9851     7.0576     3.5962
2.8546     6.9137     3.4814
2.7148     6.8377     3.3522
2.5948     6.8049     3.1955
2.4844     6.7787     3.0277
2.4331     6.7114     2.8846
2.4317     6.6811     2.7619
2.3803     6.5285     2.6304
2.3957     6.757      2.4335









































































































































































9999       9999       9999       L-PM/MAX







































































































































































































9999       9999       9999       ROSTRUM







































































































































































































9.3452     16.321     9.931      SUPORB
9.3152     16.1485    10.0757
9.3193     15.9105    10.3448
9.3877     15.6872    10.6235
9.4775     15.4647    10.8488
9.7404     15.3681    11.0763
9.8593     15.187     11.2398
10.0574    14.9734    11.4148
10.225     14.7672    11.5377
10.3947    14.5546    11.6352
10.5128    14.279     11.7309
10.6898    14.125     11.7611
10.8251    13.8712    11.7926
11.0287    13.7717    11.7866
11.2027    13.6685    11.7988
11.3174    13.5388    11.8008
11.5016    13.3631    11.8136
11.6185    13.2505    11.808
11.6939    13.0738    11.804
11.7205    12.9116    11.787
11.7902    12.7968    11.7933
11.7593    12.6811    11.7796
9999       9999       9999

















































































































































































9999       9999       9999       RORBIT







































































































































































































9999       9999       9999       LORBIT







































































































































































































9999       9999       9999       RTEMFOS







































































































































































































9999       9999       9999       LTEMFOS







































































































































































































9999       9999       9999       OP
9999       9999       9999       BA
9999       9999       9999       ST
24.9472    12.3263    10.5977    IV
16.301     0.6728     8.9789     R_PG
9999       9999       9999       R_ZTI
21.0245    7.498      10.6126    R_M3D
21.2508    10.8869    11.224     R_M12
22.323     13.2355    11.2776    R_MP3
23.7957    14.3991    11.1171    R_PMI
24.4955    -3.7224    8.8753     L_PG
9999       9999       9999       L_ZTI
26.1195    6.1114     10.6753    L_M3D
27.4008    8.9852     11.1062    L_M12
27.3678    11.4483    11.6635    L_MP3
9999       9999       9999       L_PMI
23.5779    13.6832    9.1455     O1
28.3568    4.7542     8.3844     O2
18.5425    4.1229     3.0857     O3
18.5883    -6.479     6.5007     O4




















































































































































































9999       9999       9999       RZYGINF







































































































































































































9999       9999       9999       LZYGINF







































































































































































































20.9062    7.5575     10.5621    R-ALV
20.7908    7.7796     10.5355
20.7265    8.0561     10.5061
20.7107    8.298      10.5998
20.6822    8.5899     10.6163
20.7413    8.7433     10.678
20.8332    9.693      10.7994
20.9586    10.1033    10.8171
21.0911    10.7651    10.8879
21.2476    10.9944    10.9345
21.4055    11.2164    11.0085
21.5726    11.4779    11.0751
21.6562    11.7923    11.1273
21.8101    11.9864    11.2203
21.8862    12.1416    11.2836
21.9946    12.3789    11.3353
22.0998    12.5502    11.3321
22.1701    12.7779    11.2857
22.2491    13.0146    11.2435
22.3168    13.1362    11.3052
22.396     13.278     11.2462
22.4173    13.4219    11.1484


















































































































































































9999       9999       9999       L-ALV
