AMNH     81250    ca16ms.xls
6.9083   7.6562   -4.2904  IS
8.0506   8.6517   -5.0459  ID
7.5307   9.0173   -5.1284  R_I12
6.9026   8.5645   -4.9249  R_I2C
6.3424   8.3388   -4.8497  R_CP3
5.7359   7.9545   -4.8832  R_P34
5.2703   7.57     -4.7829  R_P4M1
4.7615   7.18     -4.6585  R_M12
4.2039   6.6052   -4.5617  R_M23
3.5046   6.0421   -4.6917  R_DM3
6.224    8.1937   -3.2449  R_MF
5.3998   7.9546   -3.6658  R_PCF
3.6268 7.2523 -3.9206 R_CB
4.1388 6.3799 -4.1908 R_CL
1.4832   6.1263   -7.548   R_COR
1.2546   5.8138   -6.5661  R_NOT
-0.0837  5.5037   -6.7826  R_CND
8.2698   8.138    -5.0592  L_I12
7.804    7.6431   -4.8634  L_I2C
7.7162   6.9786   -4.713   L_CP3
7.1579   6.3715   -4.756   L_P34
6.7767   5.9013   -4.6229  L_P4M1
6.3461   5.3922   -4.5444  L_M12
5.7805   4.8844   -4.4467  L_M23
5.1872   4.1797   -4.4726  L_DM3
7.3387   7.0157   -3.0623  L_MF
7.0622   6.3056   -3.396   L_PCF
6.2537 4.3188 -3.6659 L_CB
5.5195 4.9275 -4.1327 L_CL
5.4251   2.1092   -7.1069  L_COR
4.9644   1.8955   -6.1444  L_NOT
4.6428   0.6608   -6.3754  L_CND
7.0434   8.8935   -4.1147  O1
4.19     7.5439   -3.9774  O2
5.6597   3.2689   -3.4995  O3
0.8321   5.7759   -4.3843  O4








































8.0222   8.7174   -4.9993  I_SYM
7.9039   8.5579   -4.9672
7.8172   8.4921   -4.9473
7.7129   8.3854   -4.9222
7.6297   8.3146   -4.8906
7.5377   8.2206   -4.8084
7.4046   8.0955   -4.7586
7.2672   7.9373   -4.6647
7.1521   7.8296   -4.5926
7.0375   7.747    -4.5069
6.9749   7.6711   -4.4222
6.9081   7.6462   -4.3102
6.8977   7.6717   -4.3421
6.8653   7.6176   -4.2429
6.8379   7.659    -4.1226
6.8118   7.651    -4.0524
6.8392   7.698    -3.9653
6.8057   7.6712   -3.8523
6.7678   7.631    -3.7413
6.7232   7.6382   -3.6639
6.7012   7.624    -3.5226
6.6736   7.5934   -3.4625
6.5847   7.5517   -3.3311
6.5549   7.5082   -3.2631
6.5362   7.4711   -3.1845
6.4578   7.4039   -3.1326
6.4265   7.3545   -3.0543
6.3711   7.3549   -2.9442












































































































































































1.5027   6.1316   -7.5587  R_RAM
1.585    6.1794   -7.5737
1.7068   6.2552   -7.5199
1.8132   6.3222   -7.4365
1.9334   6.3965   -7.3273
2.0613   6.4486   -7.1864
2.2074   6.5162   -6.9806
2.295    6.5382   -6.85
2.3941   6.5489   -6.7332
2.4852   6.5696   -6.5514
2.5265   6.5951   -6.4188
2.5826   6.5919   -6.2269
2.6207   6.5614   -5.9898
2.6595   6.5656   -5.6908
2.7178   6.5984   -5.4059
2.754    6.6861   -5.1543
2.7728   6.7293   -4.9139
2.7588   6.7785   -4.7544
2.806    6.868    -4.5187
2.8569   6.8899   -4.4335




















































































































































































5.479    1.9918   -7.1893  L_RAM
5.5742   2.1279   -7.1078
5.7076   2.3796   -6.9366
5.7942   2.5651   -6.7124
5.8111   2.7027   -6.5066
5.8418   2.7909   -6.3309
5.8841   2.868    -6.1619
5.9048   2.9607   -5.9931
5.9272   3.0146   -5.8327
5.7934   3.0017   -5.8199
5.7978   3.0677   -5.6075
5.771    3.1527   -5.3155
5.7541   3.2156   -5.0897
5.7973   3.257    -4.8687
5.8646   3.3462   -4.5745
5.9572   3.4208   -4.3407
6.0269   3.54     -4.0723
6.0541   3.5951   -3.974
6.0754   3.6233   -3.8738





















































































































































































9.4501   8.9481   -4.6085  MMF
8.4077   7.9141   -5.1849  GNA
9.9636   8.654    -4.1146  O1
8.6011   5.8386   -4.0227  O2
4.2537   7.3048   -4.2694  O3
6.8041   2.5732   -3.1387  O4




9.8816   9.6096   -3.3834  E_SYM
9.8923   9.6001   -3.5001
9.8935   9.5988   -3.6134
9.8958   9.5778   -3.7355
9.8462   9.5401   -3.8594
9.8369   9.4811   -3.9645
9.7899   9.4203   -4.0595
9.7152   9.373    -4.2078
9.6719   9.2678   -4.3039
9.606    9.231    -4.3736
9.4023   8.974    -4.6197
9.3225   8.8827   -4.7338
9.2262   8.765    -4.8439
9.1244   8.6517   -4.9545
9.0397   8.5426   -5.0429
8.9369   8.4087   -5.1492
8.8394   8.2738   -5.2305
8.7352   8.1283   -5.2929
8.644    8.0281   -5.3298
8.5214   7.9265   -5.3302
8.566    7.9655   -5.267
8.5123   7.8728   -5.216
8.4174   7.7955   -5.1241

















































































































































































5.8178   2.2459   -1.181   R_PRAM
5.9177   2.1997   -1.3161
6.0747   2.1921   -1.47
6.1408   2.1858   -1.6262
6.2272   2.1152   -1.8281
6.2623   2.0926   -2.1234
6.3348   2.0258   -2.3396
6.3604   2.0286   -2.6281
6.3795   2.0019   -2.8769
6.424    2.0046   -3.1532
6.4439   2.0177   -3.3938
6.4379   2.0305   -3.6315
6.4332   2.1196   -3.885
6.4905   2.2125   -4.1244
6.5314   2.3618   -4.3854
6.55     2.513    -4.594
6.6071   2.6828   -4.7322
6.6493   2.8199   -4.864
6.738    3.0109   -4.9471
6.8677   3.2338   -4.9926
7.0177   3.5183   -4.994
7.1246   3.7584   -5.018
7.2663   4.0588   -5.027
7.3745   4.2513   -5.0586
7.4112   4.4148   -5.0654















































































































































































2.3142   5.6875   -1.6794  L_PRAM
2.2865   5.7645   -1.755
2.2721   5.8054   -1.8352
2.2989   5.8887   -2.046
2.3296   5.9246   -2.3618
2.344    5.9674   -2.6317
2.349    5.9866   -2.8918
2.3587   5.9574   -3.2095
2.3751   5.9804   -3.4405
2.4116   6.0033   -3.7428
2.4654   5.9395   -3.9736
2.559    5.8987   -4.2415
2.6763   5.8707   -4.473
2.782    5.8673   -4.6465
2.8919   5.9202   -4.7561
3.0411   5.8784   -4.9429
3.173    5.9298   -5.0375
3.3682   5.9651   -5.1472
3.5926   6.0683   -5.264
3.8502   6.1578   -5.3018
4.0093   6.2442   -5.2977
4.2272   6.4735   -5.2869
4.4157   6.6129   -5.2856
4.6031   6.7375   -5.2855
4.786    6.861    -5.3035
4.9368   6.9473   -5.316














































































































































































7.386    4.3784   -5.0551  ARC
7.4632   4.5875   -5.0689
7.515    4.8198   -5.0878
7.626    5.0737   -5.1157
7.7669   5.361    -5.1937
7.8639   5.5509   -5.2744
7.9691   5.774    -5.3405
8.0816   6.0649   -5.3691
8.1807   6.2685   -5.395
8.2805   6.5129   -5.3949
8.3923   6.7721   -5.4047
8.4602   7.0065   -5.3884
8.5345   7.2022   -5.3737
8.588    7.4113   -5.3466
8.5979   7.5556   -5.3206
8.6476   7.758    -5.3212
8.6041   7.9474   -5.2938
8.4467   8.0469   -5.3101
8.0804   8.0139   -5.3608
7.6505   7.8877   -5.4356
7.2149   7.7239   -5.4742
6.831    7.5469   -5.4712
6.4369   7.3943   -5.4528
6.1096   7.2632   -5.4046
5.8455   7.1869   -5.3384
5.5277   7.0492   -5.3041
5.2426   6.9321   -5.2801
4.9833   6.8417   -5.2428
