AMNH     54280    ca18ms.xls
11.9066  12.8637  -2.2659  IS
12.792   13.6412  -2.7115  ID
12.3872  13.9338  -2.7165  R_I12
11.98    13.9209  -2.7788  R_I2C
11.5343  13.7447  -2.7599  R_CP3
11.0756  13.3873  -2.8141  R_P34
10.6271  12.9865  -2.8432  R_P4M1
10.1563  12.6531  -2.8651  R_M12
9.6281   12.1929  -2.8757  R_M23
9.0327   11.7574  -3.0122  R_DM3
10.6289  12.9903  -1.4834  R_MF
10.92    13.3715  -2.0883  R_PCF
9.1251 12.7678 -2.3029 R_CB
9.7574 12.1127 -2.5363 R_CL
6.8545   12.3016  -5.2732  R_COR
6.9385   11.8416  -4.5779  R_NOT
6.2204   11.8207  -4.6573  R_CND
12.9625  13.2337  -2.7832  L_I12
12.7856  12.8922  -2.8994  L_I2C
12.6663  12.49    -2.8857  L_CP3
12.3121  12.0523  -2.9393  L_P34
12.0078  11.7168  -2.9602  L_P4M1
11.576   11.2927  -2.9458  L_M12
11.1066  10.7561  -2.9461  L_M23
10.541   10.1602  -3.0223  L_DM3
11.9531  11.5501  -1.4959  L_MF
12.2965  11.7883  -2.0354  L_PCF
11.5756 10.2239 -2.4036 L_CB
10.9323 10.8379 -2.6647 L_CL
9999     9999     9999     L_COR
10.3384  8.2148   -4.7113  L_NOT
10.1979  7.4684   -4.8452  L_CND
12.2016  13.8063  -2.063   O1
9.9469   13.0023  -2.0495  O2
10.75    8.9668   -2.4072  O3
6.7542   11.6682  -3.4535  O4








































12.6575  13.6305  -2.7844  I_SYM
12.5619  13.5574  -2.7591
12.472   13.4572  -2.7416
12.3916  13.3503  -2.6802
12.3151  13.2707  -2.6246
12.2654  13.2232  -2.596
12.1954  13.1354  -2.5874
12.1367  13.0952  -2.5717
12.0621  13.0228  -2.526
12.0223  12.9758  -2.5107
11.9934  12.9489  -2.4952
11.9504  12.9031  -2.4267
11.9406  12.8616  -2.3745
11.9112  12.8574  -2.3394
11.8655  12.8809  -2.2365
11.8938  12.8732  -2.1604
11.8871  12.904   -2.0952
11.9065  12.9322  -1.9477
11.9105  12.9286  -1.7376
11.8858  12.89    -1.6906
11.8215  12.8312  -1.6861
11.7518  12.7464  -1.6428
11.7323  12.6708  -1.5852
11.6884  12.6572  -1.5388
11.6268  12.5935  -1.4686
11.6167  12.5796  -1.4262
11.5945  12.5506  -1.3492
11.5994  12.5648  -1.2896












































































































































































6.8384   12.2942  -5.3535  R_RAM
6.8921   12.3294  -5.4337
6.9424   12.3744  -5.4474
7.0294   12.462   -5.452
7.1079   12.5098  -5.4281
7.2183   12.5885  -5.3839
7.3385   12.6543  -5.3196
7.4866   12.7111  -5.1979
7.5295   12.7255  -5.1549
7.6575   12.7547  -5.0637
7.7464   12.7502  -4.9577
7.8322   12.7698  -4.8736
7.9076   12.7599  -4.7339
7.9719   12.7     -4.5572
7.9735   12.6952  -4.5824
8.0062   12.6875  -4.4519
8.0637   12.6712  -4.2978
8.1018   12.6458  -4.1643
8.1446   12.6135  -4.0213
8.1927   12.5683  -3.8699
8.2539   12.5832  -3.7077
8.2975   12.5758  -3.5815
8.3479   12.5809  -3.4064
8.3897   12.6029  -3.2998
8.4312   12.6343  -3.023
8.5243   12.6528  -2.8814
8.5482   12.6559  -2.7722
8.5893   12.6673  -2.7006
8.6073   12.6498  -2.645
8.6318   12.6764  -2.5653










































































































































































9999     9999     9999     L_RAM
11.1472  8.7499   -5.1335
11.1535  8.8343   -5.1005
11.1737  8.8916   -5.0147
11.1988  8.9589   -4.9225
11.2221  9.0436   -4.7741
11.2357  9.0969   -4.7081
11.2388  9.1611   -4.5746
11.2272  9.2448   -4.4171
11.2265  9.2715   -4.2923
11.2399  9.294    -4.1712
11.225   9.3431   -4.0476
11.2124  9.3883   -3.9318
11.2273  9.4189   -3.7728
11.3099  9.4987   -3.4473
11.331   9.5094   -3.328
11.3684  9.5841   -3.1241
11.3877  9.6211   -3.0457
11.409   9.6636   -2.9357
11.4309  9.7012   -2.7373




















































































































































































10.6912  12.0064  -2.6811  MMF
9.998    11.3536  -3.3954  GNA
11.1096  11.7353  -2.221   O1
10.187   9.699    -2.811   O2
6.1022   10.7076  -3.0301  O3
8.3825   6.4733   -2.2239  O4




10.9271  12.1199  -1.6005  E_SYM
10.9506  12.1407  -1.7151
10.9319  12.1551  -1.833
10.9098  12.1483  -1.9424
10.8984  12.1208  -2.0278
10.8712  12.0997  -2.124
10.8768  12.0829  -2.2295
10.8507  12.087   -2.3203
10.8356  12.077   -2.3977
10.8352  12.0323  -2.4466
10.7955  12.0217  -2.5474
10.7648  12.0162  -2.6058
10.7217  11.9843  -2.6523
10.6521  11.995   -2.7674
10.6097  11.9581  -2.8533
10.5399  11.9255  -2.9326
10.4779  11.8566  -3.0134
10.4269  11.8239  -3.0706
10.3958  11.8034  -3.0892
10.3512  11.7527  -3.1274
10.2848  11.7079  -3.1664
10.2279  11.6083  -3.2355
10.1824  11.5481  -3.2804
10.1208  11.5235  -3.3029
10.0814  11.5026  -3.3256
10.0514  11.4526  -3.3616
10.0019  11.416   -3.4067
9.9472   11.3584  -3.417
9.9284   11.3324  -3.4143
9.9774   11.3378  -3.3942










































































































































































7.6661   6.0678   -1.3279  R_PRAM
7.7033   6.0597   -1.435
7.7196   6.0497   -1.5413
7.7753   6.0489   -1.6707
7.8296   6.0477   -1.8015
7.8649   6.0345   -1.9059
7.8976   6.0236   -2.0368
7.9462   6.0481   -2.1567
8.0044   6.0488   -2.3184
8.0042   6.0673   -2.4243
7.9999   6.0947   -2.5572
8.0227   6.0974   -2.6593
8.0265   6.1394   -2.7638
8.0257   6.1577   -2.8347
8.0335   6.1574   -2.9231
8.0543   6.2201   -3.0724
8.0493   6.2458   -3.1706
8.0705   6.2752   -3.2521
8.0618   6.3418   -3.4048
8.0392   6.3903   -3.517
8.0456   6.4449   -3.6322
8.0577   6.5048   -3.7232
8.0202   6.5871   -3.8054
8.0574   6.6704   -3.8719
8.0649   6.7541   -3.9486
8.0454   6.7813   -3.994
8.051    6.8681   -4.082
8.0688   6.9622   -4.1234
8.0924   7.0685   -4.2005
8.1259   7.1586   -4.2366
8.1227   7.2352   -4.2873
8.1355   7.304    -4.3141
8.1512   7.4137   -4.329
8.1612   7.4889   -4.3474
8.2006   7.5578   -4.3392
8.2364   7.6613   -4.344
8.3037   7.7647   -4.327
8.3418   7.8599   -4.3038
8.3959   7.9261   -4.2834
8.465    8.0309   -4.2169
8.5432   8.0999   -4.1774
8.6447   8.186    -4.1447
8.6835   8.2254   -4.1143
8.7961   8.3004   -4.0693
8.8491   8.3769   -4.0286
8.9007   8.4413   -4.0077
8.9673   8.5061   -3.9764
9.0119   8.5436   -3.9705
9.0646   8.5918   -3.9589
9.0784   8.6094   -3.955
9.1489   8.6996   -3.9486





















































































































































4.5592   9.3979   -1.2309  L_PRAM
4.5601   9.4093   -1.3207
4.5436   9.4649   -1.4169
4.5296   9.4876   -1.4981
4.5322   9.535    -1.6
4.5356   9.5661   -1.6947
4.5481   9.5946   -1.7813
4.5612   9.6118   -1.9062
4.58     9.6346   -2.0143
4.598    9.6574   -2.1229
4.6114   9.6643   -2.2759
4.621    9.6966   -2.3253
4.6373   9.6991   -2.4429
4.6419   9.7156   -2.537
4.6654   9.7344   -2.6153
4.695    9.7463   -2.6899
4.6844   9.7354   -2.7715
4.6977   9.7458   -2.8668
4.7298   9.7579   -2.9464
4.7323   9.7617   -3.0254
4.7583   9.7659   -3.126
4.7994   9.7715   -3.2066
4.8365   9.7782   -3.3727
4.8776   9.7709   -3.4368
4.8818   9.7405   -3.4691
4.9688   9.7453   -3.5679
5.0435   9.7238   -3.6838
5.1341   9.7489   -3.7702
5.2314   9.7328   -3.8811
5.3328   9.7433   -3.964
5.4111   9.7664   -4.0483
5.5113   9.7818   -4.1503
5.6377   9.8337   -4.2185
5.689    9.848    -4.2523
5.792    9.8869   -4.3102
5.9297   9.9352   -4.354
6.0414   9.9706   -4.3589
6.1444   10.0034  -4.347
6.2449   10.0759  -4.3205
6.3578   10.1173  -4.299
6.4206   10.1563  -4.2646
6.4683   10.1784  -4.2446
6.5259   10.2263  -4.2106
6.5608   10.2364  -4.1959
6.6768   10.2679  -4.102
6.7679   10.3292  -4.0485
6.8344   10.3957  -4.0209
6.8999   10.4445  -3.996
6.9368   10.4637  -3.978
7.0027   10.5263  -3.9568
7.0589   10.5858  -3.9353
7.126    10.6559  -3.9103
7.1811   10.6884  -3.9099
7.2099   10.7352  -3.8998


















































































































































9.1156   8.6594   -3.9494  ARC
9.1649   8.7232   -3.9375
9.232    8.7777   -3.9334
9.2886   8.8727   -3.916
9.3337   8.9969   -3.8966
9.3742   9.0721   -3.8926
9.4039   9.1556   -3.8789
9.4398   9.2713   -3.87
9.4654   9.37     -3.8462
9.5115   9.4782   -3.8475
9.5361   9.5377   -3.847
9.5816   9.6301   -3.8413
9.6456   9.7297   -3.8335
9.7054   9.8235   -3.8182
9.7539   9.9058   -3.7955
9.8083   10.0153  -3.7698
9.852    10.1084  -3.7469
9.9049   10.2066  -3.7149
9.9568   10.3368  -3.6693
9.9825   10.4337  -3.6283
10.0274  10.5688  -3.5837
10.0501  10.6983  -3.5493
10.0658  10.7756  -3.5391
10.054   10.8543  -3.5114
10.104   10.9563  -3.4986
10.1146  11.0237  -3.4993
10.0523  11.1462  -3.4452
10.0494  11.2434  -3.4436
10.0405  11.3355  -3.4333
10.0336  11.3791  -3.4145
9.902    11.4132  -3.4003
9.7849   11.472   -3.4013
9.689    11.5076  -3.432
9.5598   11.4913  -3.4537
9.4209   11.4655  -3.4898
9.2641   11.4505  -3.5104
9.1731   11.4162  -3.5302
9.0499   11.3797  -3.5435
8.9528   11.3536  -3.5985
8.8093   11.3211  -3.6311
8.6554   11.2628  -3.6725
8.5665   11.2362  -3.6925
8.4293   11.1793  -3.7255
8.3553   11.1382  -3.7498
8.2487   11.094   -3.7751
8.1265   11.0464  -3.7887
8.0164   10.9924  -3.7915
7.9413   10.9658  -3.7988
7.8444   10.9201  -3.8075
7.738    10.8858  -3.8124
7.6535   10.8324  -3.8065
7.576    10.8063  -3.8135
7.4954   10.7725  -3.8182
7.4251   10.7335  -3.8241
7.3582   10.6907  -3.849
7.3127   10.6731  -3.8407
7.2029   10.6516  -3.8848
