AMNH     52635    ca1ms.xls
15.0939  10.8619  -4.1735  IS
15.3102  12.1012  -4.7878  ID
14.7683  11.9541  -4.834   R_I12
14.6171  11.4399  -4.6513  R_I2C
14.4812  11.073   -4.6305  R_CP3
14.3876  10.597   -4.6682  R_P34
14.3005  10.0112  -4.603   R_P4M1
14.1004  9.3756   -4.5915  R_M12
14.0185  8.5824   -4.4464  R_M23
13.7345  7.6644   -4.5432  R_DM3
14.1695  10.5431  -3.3605  R_MF
14.0935  10.6892  -3.7868  R_PCF
13.252 9.0453 -3.8825 R_CB
14.1851 8.624 -4.1163 R_CL
12.227   7.2517   -6.981   R_COR
12.3002  6.5978   -6.2937  R_NOT
11.784   6.1924   -6.3783  R_CND
15.7969  11.844   -4.7152  L_I12
15.8316  11.3958  -4.6755  L_I2C
15.954   11.0523  -4.6586  L_CP3
15.9151  10.6104  -4.7057  L_P34
15.9955  10.0207  -4.6975  L_P4M1
16.028   9.4298   -4.5816  L_M12
16.0175  8.6183   -4.4597  L_M23
15.9918  7.8068   -4.3929  L_DM3
16.095   10.3049  -3.2761  L_MF
16.1545  10.4275  -3.6324  L_PCF
16.8355 8.4137 -3.8696 L_CB
15.7852 8.7058 -3.9854 L_CL
17.6621  6.7244   -7.0605  L_COR
17.4431  6.2727   -6.3611  L_NOT
17.9996  5.5346   -6.4731  L_CND
15.8658  11.507   -3.9035  O1
13.6088  9.7991   -3.8102  O2
17.1796  7.0939   -4.0569  O3
12.133   5.7472   -6.3117  O4








































15.2573  12.1692  -4.8313  I_SYM
15.2127  11.9626  -4.7991
15.1948  11.8343  -4.7328
15.1874  11.7177  -4.6691
15.178   11.5868  -4.5784
15.168   11.4793  -4.4938
15.1544  11.3653  -4.4207
15.1431  11.2493  -4.3716
15.1619  11.1565  -4.3384
15.1556  11.0591  -4.3249
15.1445  11.0211  -4.2881
15.0945  10.8713  -4.2109
15.0725  10.8299  -4.0703
15.0781  10.8189  -3.9595
15.0776  10.8637  -3.8374
15.0631  10.8835  -3.604
15.067   10.7631  -3.5193
15.0666  10.6715  -3.4529
15.0334  10.5822  -3.3768
15.0193  10.4825  -3.2929
15.0487  10.4234  -3.2167
15.0651  10.3557  -3.14
15.0162  10.3028  -3.0183
15.0141  10.3003  -2.9517
















































































































































































12.2597  7.241    -6.9998  R_RAM
12.2749  7.3958   -6.9893
12.3017  7.507    -6.9565
12.3349  7.6551   -6.8575
12.4143  7.7458   -6.7383
12.4751  7.8252   -6.5647
12.5364  7.8861   -6.3927
12.5662  7.9132   -6.2994
12.6471  7.9768   -6.1159
12.6828  8.0033   -5.9396
12.7439  8.0501   -5.7759
12.7906  8.0567   -5.6301
12.8344  8.0809   -5.4249
12.9011  8.1135   -5.2011
12.9475  8.1746   -4.9881
12.9289  8.2424   -4.7702
12.9089  8.2667   -4.6042
12.9099  8.2978   -4.4462
12.8936  8.3196   -4.3259





















































































































































































17.798   6.762    -7.0075  L_RAM
17.7985  6.9526   -6.9753
17.7394  7.1204   -6.8056
17.6488  7.3235   -6.5468
17.4937  7.4333   -6.2404
17.467   7.4785   -6.0052
17.4214  7.5353   -5.7378
17.3923  7.5683   -5.4766
17.3257  7.6247   -5.2313
17.2857  7.6547   -5.0545
17.2551  7.692    -4.8721
17.1544  7.6667   -4.8214
17.1225  7.7287   -4.6336
17.1177  7.7874   -4.4402
17.0751  7.8375   -4.3547

























































































































































































15.0772  9.1756   -4.4528  MMF
14.968   7.9756   -4.9542  GNA
14.404   9.4072   -4.0436  O1
16.3876  7.2355   -3.9293  O2
12.5617  5.2623   -3.62    O3
17.2879  3.4116   -1.0458  O4




14.9388  9.8666   -3.2208  E_SYM
14.9563  9.8527   -3.5392
15.033   9.8486   -3.7417
15.0423  9.7029   -3.9052
15.057   9.5744   -4.0651
15.0588  9.4832   -4.1917
15.0477  9.4035   -4.2596
15.0559  9.329    -4.3324
15.0901  9.2541   -4.3831
15.0939  9.1072   -4.5541
15.0757  8.9369   -4.698
15.0892  8.8477   -4.7792
15.1298  8.6849   -4.8709
15.0928  8.5908   -4.9409
15.1012  8.4274   -5.0185
15.1063  8.2711   -5.0684
15.0854  8.1525   -5.0973
14.9972  8.2109   -5.0563
15.0031  8.0414   -5.0028





















































































































































































16.5644  3.478    -1.1863  R_PRAM
16.6671  3.4497   -1.3132
16.7293  3.4645   -1.4359
16.8162  3.4545   -1.5387
16.9284  3.4264   -1.6951
16.9979  3.4295   -1.8109
17.0561  3.4099   -1.9422
17.1145  3.3948   -2.112
17.1403  3.3892   -2.2886
17.1554  3.3849   -2.5493
17.2116  3.3671   -2.7691
17.1894  3.3765   -2.9342
17.1299  3.3737   -3.1228
17.1215  3.4131   -3.3458
17.1236  3.4251   -3.5312
17.0934  3.4577   -3.7156
16.9797  3.5109   -3.9109
16.9045  3.5533   -4.0576
16.8475  3.6015   -4.2118
16.8354  3.6749   -4.3409
16.8031  3.7782   -4.4689
16.7765  3.876    -4.6034
16.7592  4.0357   -4.7175
16.6837  4.258    -4.8351
16.6608  4.3589   -4.8839
16.5982  4.5184   -4.9319
16.5304  4.7245   -4.9701
16.5235  5.0127   -4.9699
16.4541  5.1922   -4.9489
16.3912  5.4039   -4.9605
16.3136  5.6168   -4.9636
16.3063  5.7588   -4.9895
16.2527  5.9714   -5.0004







































































































































































12.6108  3.6641   -1.3154  L_PRAM
12.5413  3.6366   -1.4625
12.4708  3.6486   -1.5753
12.3913  3.6614   -1.7559
12.3033  3.6681   -1.9171
12.2572  3.6564   -2.0842
12.2132  3.6367   -2.2781
12.1855  3.6167   -2.4978
12.1787  3.5947   -2.6931
12.2199  3.5741   -2.8934
12.253   3.5887   -3.0781
12.2475  3.5907   -3.2676
12.2742  3.5917   -3.456
12.3411  3.6001   -3.6412
12.4077  3.6113   -3.8042
12.4902  3.6676   -4.0895
12.5318  3.7416   -4.2185
12.6653  3.7835   -4.3707
12.7194  3.8605   -4.5764
12.7503  3.9416   -4.6988
12.8125  4.1143   -4.8416
12.8865  4.2538   -4.9104
12.9465  4.374    -4.9701
12.9979  4.5331   -5.0321
13.1353  4.775    -5.0802
13.1608  4.9463   -5.0977
13.246   5.141    -5.0773
13.3186  5.3292   -5.0621
13.3647  5.5151   -5.0442
13.4935  5.7143   -5.0382
13.5484  5.8558   -5.0583









































































































































































16.4856  5.4109   -4.9709  ARC
16.4381  5.5309   -4.9631
16.34    5.8012   -4.9732
16.2583  6.0779   -4.9886
16.162   6.2959   -5.0128
16.0803  6.4812   -5.0361
15.9608  6.7238   -5.0843
15.8469  6.9317   -5.1078
15.7462  7.1779   -5.1262
15.6549  7.3643   -5.1269
15.5315  7.5501   -5.1103
15.4435  7.7188   -5.0857
15.3345  7.8982   -5.0623
15.2191  8.0121   -5.0528
15.107   8.0446   -5.0351
15.026   8.0457   -5.0156
14.9722  8.0245   -5.0109
14.7699  7.8976   -5.0982
14.5888  7.6601   -5.1305
14.4069  7.3661   -5.1445
14.2565  7.0916   -5.1367
14.1208  6.8345   -5.1089
13.9898  6.5843   -5.074
13.8583  6.3362   -5.058
13.7457  6.1392   -5.057
13.6404  6.0068   -5.067
13.5741  5.8046   -5.054
13.5233  5.6388   -5.0167
13.4474  5.511    -5.0166
13.4182  5.376    -4.9955
