AMNH     53975    caa14ms.xl.
9.9961   9.8835   -2.2499  IS
10.7069  10.1906  -2.7115  ID
10.4743  10.5169  -2.7331  R_I12
10.1665  10.4713  -2.6931  R_I2C
9.6867   10.4759  -2.652   R_CP3
9.171    10.288   -2.5548  R_P34
8.7772   10.0199  -2.4942  R_P4M1
8.4244   9.7789   -2.417   R_M12
7.78     9.5328   -2.4798  R_M23
7.3943   9.2144   -2.4837  R_DM3
9.1768   10.2285  -1.4851  R_MF
8.9925   10.3896  -1.9248  R_PCF
7.4948 9.8878 -2.054 R_CB
7.8293 9.4879 -2.2204 R_CL
5.5438   9.6347   -4.7753  R_COR
5.0941   9.1365   -3.9444  R_NOT
4.1774   9.2424   -4.1727  R_CND
10.8367  9.9365   -2.764   L_I12
10.7508  9.6491   -2.8103  L_I2C
10.5503  9.2187   -2.7319  L_CP3
10.1919  8.8708   -2.6693  L_P34
9.8763   8.5467   -2.601   L_P4M1
9.4497   8.2184   -2.5348  L_M12
9.0045   7.9733   -2.5175  L_M23
8.5639   7.597    -2.6253  L_DM3
10.1035  8.8023   -1.5684  L_MF
10.3808  8.9081   -2.0613  L_PCF
9.2751 7.5605 -2.0411 L_CB
8.7209 7.7342 -2.3307 L_CL
8.3031   5.6816   -4.8051  L_COR
7.7668   5.5245   -4.0406  L_NOT
7.4908   4.6791   -4.3984  L_CND
10.3596  10.5096  -2.3232  O1
8.1164   10.0817  -1.7217  O2
8.5501   6.7434   -1.9516  O3
5.2618   9.1023   -2.4538  O4








































10.6861  10.322   -2.7468  I_SYM
10.558   10.2169  -2.7531
10.4342  10.1613  -2.6893
10.3844  10.1113  -2.6622
10.3287  10.0618  -2.6151
10.2211  9.9805   -2.527
10.1628  9.9192   -2.4653
10.1082  9.8621   -2.4166
10.0489  9.8258   -2.3402
10.0289  9.8328   -2.2741
9.9898   9.8322   -2.1961
9.9972   9.879    -2.0248
10.0968  9.9553   -1.913
10.0067  9.923    -1.9197
9.9694   9.8515   -1.7958
9.8876   9.8362   -1.7247
9.8891   9.8049   -1.6931
9.874    9.7857   -1.6109
9.8706   9.7565   -1.5739
9.8744   9.8011   -1.4663
9.8778   9.7827   -1.3919



















































































































































































5.4556   9.6661   -4.7665  R_RAM
5.5983   9.6523   -4.7215
5.711    9.6811   -4.6548
5.8492   9.7256   -4.5232
5.9601   9.7005   -4.3559
6.0553   9.7051   -4.2549
6.1327   9.6637   -4.1048
6.181    9.6681   -3.9846
6.2676   9.6672   -3.7497
6.3387   9.6359   -3.5907
6.399    9.6107   -3.4502
6.4323   9.5801   -3.3108
6.4844   9.545    -3.1204
6.5012   9.5459   -2.989
6.5238   9.5478   -2.8512
6.5732   9.575    -2.6813
6.6121   9.5742   -2.5477
6.6655   9.5866   -2.4743
6.7253   9.6001   -2.3687
6.7416   9.6206   -2.3125




















































































































































































8.3008   5.6794   -4.8127  L_RAM
8.3401   5.8248   -4.8037
8.4325   5.9745   -4.7079
8.4772   6.1193   -4.5683
8.4971   6.2295   -4.44
8.5115   6.3503   -4.2383
8.5424   6.4494   -4.007
8.5428   6.5288   -3.8703
8.5506   6.5943   -3.6903
8.543    6.6221   -3.5567
8.5589   6.703    -3.2619
8.5659   6.7595   -3.0766
8.5719   6.7686   -2.9702
8.5902   6.8161   -2.8847
8.6413   6.8346   -2.6101
8.6702   6.8829   -2.4294
8.7278   6.9114   -2.3166























































































































































































8.5816   8.7425   -2.5853  MMF
8.2548   8.3525   -3.1326  GNA
8.8962   8.5926   -2.1049  O1
7.8797   6.6734   -2.8084  O2
4.7659   8.0642   -2.7251  O3
6.0109   4.2543   -2.1958  O4




8.7749   8.9669   -1.6779  E_SYM
8.7886   9.0107   -1.7631
8.7935   8.9863   -1.8463
8.7506   8.9597   -1.9396
8.7438   8.9241   -2.0224
8.7147   8.8951   -2.1489
8.7      8.8762   -2.2599
8.6602   8.8471   -2.3927
8.633    8.8153   -2.4733
8.5927   8.7806   -2.556
8.5644   8.747    -2.5878
8.5455   8.7216   -2.7266
8.4595   8.6244   -2.8605
8.3653   8.5629   -2.9503
8.2442   8.46     -3.0593
8.171    8.4146   -3.0988
8.13     8.365    -3.1349
8.0657   8.3465   -3.1544






















































































































































































5.0343   3.493    -0.9703  R_PRAM
5.0977   3.4543   -1.0405
5.1899   3.4463   -1.1228
5.2542   3.4393   -1.2634
5.3198   3.4282   -1.378
5.3514   3.4636   -1.5181
5.3779   3.4915   -1.6817
5.4142   3.5049   -1.8046
5.4672   3.5642   -1.9831
5.4779   3.5629   -2.115
5.4873   3.6131   -2.2463
5.4896   3.6468   -2.3908
5.4632   3.6546   -2.4706
5.4579   3.6806   -2.6123
5.4139   3.8152   -2.7709
5.4398   3.9235   -2.8413
5.4056   3.9993   -2.9096
5.423    4.1069   -3.0013
5.4163   4.2118   -3.0787
5.4364   4.2879   -3.1417
5.5254   4.4099   -3.2078
5.5661   4.468    -3.2527
5.6406   4.5024   -3.2464
5.8096   4.6321   -3.2421
5.9898   4.759    -3.2251
6.1272   4.9003   -3.2483
6.2734   5.0052   -3.2518
6.4008   5.1733   -3.2693
6.5393   5.3131   -3.2821
6.6886   5.4743   -3.3171
6.7405   5.5328   -3.3263
6.8061   5.5738   -3.3349
6.8842   5.6296   -3.3336







































































































































































2.4175   6.9142   -0.9323  L_PRAM
2.4352   7.0284   -1.0372
2.4032   7.0929   -1.1464
2.4432   7.1447   -1.2311
2.5005   7.1474   -1.4154
2.5449   7.1869   -1.5285
2.5548   7.2123   -1.7187
2.6007   7.211    -1.8737
2.643    7.2237   -2.0492
2.6818   7.2106   -2.2059
2.7292   7.19     -2.3641
2.7583   7.1694   -2.5966
2.877    7.1122   -2.7317
3.0086   7.0727   -2.8542
3.0883   7.0616   -2.8971
3.1835   7.0081   -3.0156
3.2476   7.0454   -3.054
3.3378   7.0579   -3.0768
3.4159   7.0779   -3.1
3.4524   7.0839   -3.123
3.8397   7.1467   -3.2229
4.0009   7.1925   -3.234
4.1861   7.3296   -3.2424
4.3055   7.4111   -3.2506
4.4332   7.4696   -3.2626
4.589    7.5533   -3.2675
4.7084   7.6108   -3.2619
4.8647   7.6542   -3.2794
4.9567   7.7052   -3.3024
5.036    7.748    -3.3053
5.1012   7.7901   -3.3002
5.1565   7.8099   -3.3057
5.1986   7.8351   -3.3209







































































































































































6.8986   5.6644   -3.3619  ARC
6.9822   5.7497   -3.3692
7.0392   5.8513   -3.3852
7.1295   5.9734   -3.4035
7.2199   6.1017   -3.4252
7.2969   6.1964   -3.4251
7.3902   6.3277   -3.4426
7.4962   6.4584   -3.4275
7.5822   6.6036   -3.4241
7.6415   6.6862   -3.4315
7.7223   6.8275   -3.4235
7.7782   6.9157   -3.4226
7.8309   6.9908   -3.4146
7.9084   7.1095   -3.3967
7.9647   7.2183   -3.3842
8.0007   7.3426   -3.3594
8.0608   7.4317   -3.3378
8.1211   7.5327   -3.3022
8.1853   7.6777   -3.2632
8.2185   7.8181   -3.23
8.2504   7.8884   -3.2104
8.2735   7.9945   -3.1857
8.2799   8.1095   -3.1648
8.2032   8.169    -3.123
8.2504   8.2656   -3.1726
8.2405   8.3572   -3.1488
8.1624   8.2641   -3.1617
8.1177   8.3341   -3.1641
7.9465   8.3844   -3.1576
7.8071   8.4544   -3.163
7.6616   8.4787   -3.1922
7.5042   8.4533   -3.2303
7.3356   8.4139   -3.2645
7.1811   8.4072   -3.3049
6.9915   8.3364   -3.3312
6.7894   8.3059   -3.3521
6.6158   8.2468   -3.3766
6.4133   8.2063   -3.3801
6.274    8.1399   -3.3853
6.1352   8.089    -3.3838
6.0069   8.0444   -3.3877
5.8509   7.993    -3.3879
5.7168   7.9498   -3.3706
5.5959   7.902    -3.3603
5.5172   7.8816   -3.3557
5.4482   7.8648   -3.3604
5.3656   7.8299   -3.3467
5.3084   7.7983   -3.3538
5.2889   7.8141   -3.3314
