AMNH     51020    caa22ms.xls
10.8066  11.2514  -2.2346  IS
11.4967  11.9317  -2.6092  ID
11.1126  12.0672  -2.6839  R_I12
10.8332  11.8632  -2.6497  R_I2C
10.4506  11.7448  -2.6317  R_CP3
10.1351  11.4855  -2.5728  R_P34
9.8459   11.1622  -2.4979  R_P4M1
9.5177   10.8021  -2.4634  R_M12
9.1764   10.3796  -2.5188  R_M23
8.7927   10.1494  -2.7231  R_DM3
10.0971  11.5094  -1.8241  R_MF
9.8403   11.4946  -2.0901  R_PCF
8.6478 10.783 -2.1903 R_CB
9.1738 10.4522 -2.311 R_CL
7.2319   10.3232  -4.3649  R_COR
7.2168   9.9773   -3.8573  R_NOT
6.6418   9.8425   -3.9274  R_CND
11.6924  11.6349  -2.6611  L_I12
11.6971  11.3427  -2.6774  L_I2C
11.6725  10.9602  -2.6318  L_CP3
11.4387  10.5811  -2.6057  L_P34
11.2149  10.1889  -2.5328  L_P4M1
10.9264  9.829    -2.4925  L_M12
10.5992  9.3909   -2.5408  L_M23
10.2355  8.9271   -2.6718  L_DM3
11.3524  10.6066  -1.8494  L_MF
11.2617  10.2701  -1.873   L_PCF
10.8851 9.1004 -2.1518 L_CB
10.4056 9.3821 -2.3495 L_CL
10.7465  7.3866   -4.2125  L_COR
10.3999  7.3634   -3.725   L_NOT
10.3637  6.7662   -3.9147  L_CND
10.979   12.0231  -2.277   O1
8.9869   10.9687  -1.9017  O2
10.365   8.0087   -2.0699  O3
7.1884   9.7509   -2.5388  O4








































11.4306  11.9877  -2.681   I_SYM
11.3396  11.8881  -2.6722
11.2881  11.825   -2.6669
11.2233  11.7652  -2.6358
11.1506  11.6693  -2.6262
11.0855  11.6024  -2.6188
11.0371  11.5484  -2.5568
10.957   11.4952  -2.5186
10.9436  11.4427  -2.5062
10.9245  11.3846  -2.4694
10.8753  11.2987  -2.4012
10.8583  11.2863  -2.3489
10.8226  11.2572  -2.2772
10.8066  11.2422  -2.2319
10.7902  11.232   -2.1485
10.8009  11.2491  -2.065
10.8152  11.2951  -1.9773
10.8187  11.319   -1.8779
10.7416  11.2603  -1.8003
10.7132  11.1836  -1.7606
10.7046  11.145   -1.7105
10.6805  11.1199  -1.6718
10.6631  11.1075  -1.6131
10.6343  11.0974  -1.5471
















































































































































































7.2267   10.3391  -4.3588  R_RAM
7.3464   10.449   -4.3303
7.4691   10.506   -4.2343
7.5588   10.5395  -4.1504
7.6542   10.5747  -3.9962
7.7433   10.574   -3.8747
7.812    10.5732  -3.7551
7.8691   10.5836  -3.6453
7.9345   10.5625  -3.5865
7.9612   10.5599  -3.4699
8.0124   10.501   -3.3566
8.0552   10.5254  -3.2581
8.0956   10.5313  -3.1711
8.1366   10.5309  -3.0288
8.1694   10.5081  -2.826
8.1409   10.4848  -2.6539
8.1838   10.4883  -2.5352
8.1778   10.4838  -2.4735
8.2049   10.4879  -2.4094





















































































































































































10.7637  7.4338   -4.2393  L_RAM
10.7983  7.5548   -4.1901
10.8342  7.6837   -4.1203
10.8531  7.7289   -4.054
10.8869  7.8297   -3.9718
10.8983  7.9369   -3.8624
10.8944  8.0019   -3.7639
10.8637  8.0649   -3.6935
10.8374  8.1289   -3.5888
10.8349  8.1481   -3.5596
10.8294  8.1886   -3.4472
10.8153  8.2369   -3.3426
10.7836  8.27     -3.2424
10.7582  8.3089   -3.1354
10.7399  8.3443   -3.0376
10.6772  8.4539   -2.8427
10.6956  8.4516   -2.7477
10.6988  8.4968   -2.6321
10.7055  8.5386   -2.5613
10.725   8.5474   -2.4636




















































































































































































9.5999   9.9102   -2.5237  MMF
9.2297   9.3532   -2.8727  GNA
10.1321  9.9039   -2.0789  O1
9.3341   7.8395   -2.4676  O2
6.176    8.7657   -2.1609  O3
8.3996   5.894    -1.7102  O4




9.9824   10.2991  -1.7649  E_SYM
9.9769   10.2629  -1.9029
9.937    10.2379  -1.9895
9.88     10.1926  -2.0826
9.8381   10.1494  -2.1732
9.8097   10.104   -2.2844
9.7351   10.0495  -2.3697
9.6856   9.9736   -2.4611
9.6303   9.9378   -2.5081
9.6042   9.9208   -2.5307
9.5612   9.8567   -2.6356
9.5148   9.7628   -2.7213
9.4374   9.7171   -2.7662
9.3776   9.6315   -2.8263
9.3247   9.5628   -2.8588
9.2596   9.5097   -2.887
9.2243   9.457    -2.9013
9.2622   9.4096   -2.9062
9.188    9.3548   -2.8612





















































































































































































7.8969   5.5233   -0.5821  R_PRAM
7.9546   5.5137   -0.7219
8.0111   5.4823   -0.8676
8.0692   5.4741   -1.0127
8.0793   5.4892   -1.1519
8.0919   5.478    -1.2509
8.1017   5.4759   -1.3602
8.1071   5.4795   -1.4676
8.1101   5.5016   -1.5762
8.1178   5.539    -1.6637
8.1025   5.5438   -1.7702
8.1151   5.5651   -1.8604
8.1164   5.573    -1.9502
8.1327   5.5633   -2.0141
8.0699   5.5483   -2.1445
8.0258   5.5616   -2.2372
7.9943   5.6161   -2.3305
7.9729   5.6457   -2.415
7.957    5.7319   -2.4675
7.9204   5.7677   -2.5381
7.8866   5.806    -2.572
7.8806   5.8808   -2.6508
7.8667   5.9477   -2.7027
7.8724   6.0172   -2.7819
7.9239   5.9914   -2.81
8.0004   6.1191   -2.876
8.0652   6.1993   -2.9402
8.1358   6.3111   -2.9623
8.1927   6.4141   -2.9742
8.2801   6.4875   -2.9919
8.3337   6.5679   -2.9869
8.3892   6.6525   -2.9863
8.4086   6.703    -2.9842
8.4579   6.7897   -2.9736






































































































































































5.1314   8.0795   -0.7434  L_PRAM
5.1318   8.1434   -0.8608
5.1318   8.1548   -1.0289
5.1585   8.187    -1.1342
5.1975   8.1503   -1.2696
5.1991   8.1526   -1.4126
5.1697   8.1761   -1.5741
5.1608   8.201    -1.753
5.15     8.212    -1.892
5.1696   8.2053   -1.9984
5.2125   8.1299   -2.3059
5.3135   8.1019   -2.4795
5.4092   8.0879   -2.5662
5.4896   8.0813   -2.6699
5.5948   8.1037   -2.7315
5.6717   8.1228   -2.7739
5.6605   8.0425   -2.7806
5.7672   8.0849   -2.8325
5.8306   8.1357   -2.8436
5.8788   8.1695   -2.8858
5.9719   8.2387   -2.9204
6.1333   8.3488   -2.9606
6.2406   8.414    -2.9602
6.3193   8.4709   -2.9552
6.415    8.5528   -2.9578
6.4817   8.5873   -2.9583
6.5715   8.624    -2.964
6.6223   8.6361   -2.978
6.6557   8.6638   -2.9769











































































































































































8.6037   7.1186   -2.9789  ARC
8.6721   7.2158   -2.9999
8.7204   7.3357   -2.9925
8.7566   7.4226   -3.0128
8.812    7.533    -3.0173
8.8598   7.6481   -3.0279
8.8906   7.7431   -3.0481
8.9351   7.863    -3.0485
9.0027   7.9954   -3.0712
9.0371   8.1189   -3.0825
9.0923   8.2413   -3.0674
9.1272   8.3589   -3.074
9.1737   8.4988   -3.0661
9.2289   8.6324   -3.0537
9.257    8.7251   -3.049
9.2909   8.8594   -3.021
9.305    8.9537   -3.0006
9.3186   9.0482   -2.9802
9.3291   9.131    -2.9535
9.3567   9.185    -2.9727
9.3332   9.3415   -2.9278
9.2732   9.4803   -2.9194
9.2004   9.5717   -2.9083
9.0714   9.5791   -2.9408
8.8986   9.5817   -2.9848
8.7436   9.5325   -3.0271
8.5969   9.4895   -3.0396
8.4843   9.4396   -3.0636
8.2993   9.3488   -3.0828
8.1579   9.3056   -3.081
8.0165   9.1913   -3.1013
7.8799   9.1145   -3.103
7.7005   9.0559   -3.0923
7.5854   9.009    -3.1002
7.4592   8.965    -3.0838
7.3512   8.9097   -3.0671
7.2387   8.8575   -3.0636
7.1505   8.8149   -3.039
7.0682   8.7795   -3.026
7.0124   8.7532   -3.0048
6.9235   8.7099   -3.0182
6.9057   8.6983   -3.002
