AMNH     52563    caa23ms.xls
9.2742   8.8876   -2.337   IS
10.0118  9.4365   -3.0469  ID
9.7572   9.6973   -3.0124  R_I12
9.4109   9.7592   -3.0326  R_I2C
8.9785   9.7069   -2.9854  R_CP3
8.458    9.3703   -2.8369  R_P34
8.0345   8.988    -2.7842  R_P4M1
7.565    8.7455   -2.7375  R_M12
7.1411   8.2887   -2.7604  R_M23
6.7403   7.9428   -2.8719  R_DM3
8.3929   9.0568   -1.6493  R_MF
8.2657   9.2267   -2.1738  R_PCF
6.8513 8.6323 -2.1053 R_CB
7.3032 8.2905 -2.4471 R_CL
4.7793   8.3917   -4.7873  R_COR
4.4564   7.7631   -4.2602  R_NOT
3.5705   7.709    -4.4559  R_CND
10.2043  9.152    -3.0223  L_I12
10.2205  8.8727   -3.0381  L_I2C
10.0677  8.4331   -3.0513  L_CP3
9.5904   8.016    -2.8829  L_P34
9.2871   7.6997   -2.8154  L_P4M1
8.9285   7.2923   -2.7677  L_M12
8.4294   6.8885   -2.7582  L_M23
8.038    6.5526   -2.8309  L_DM3
9.4412   7.9067   -1.6554  L_MF
9.5381   7.8982   -2.1885  L_PCF
8.7407 6.5107 -2.2864 L_CB
8.374 6.9081 -2.5129 L_CL
8.2318   4.7481   -4.92    L_COR
7.5135   4.4235   -4.3289  L_NOT
7.3669   3.5436   -4.5091  L_CND
9.4899   9.6175   -2.2745  O1
7.3534   8.8552   -2.1355  O2
7.954    5.3373   -2.32    O3
4.1663   7.4108   -2.9831  O4








































10.0274  9.5614   -3.0713  I_SYM
9.9588   9.4427   -3.0555
9.8677   9.3913   -3.0311
9.7833   9.317    -2.9953
9.7312   9.2625   -2.951
9.6552   9.2096   -2.8972
9.6101   9.1539   -2.8668
9.5624   9.0872   -2.8349
9.5112   9.0396   -2.7743
9.4626   9.0128   -2.7178
9.4292   8.9598   -2.6709
9.3985   8.9277   -2.6278
9.3777   8.8959   -2.5972
9.3502   8.8589   -2.5418
9.3075   8.8309   -2.4728
9.2906   8.8559   -2.4107
9.2899   8.8781   -2.3214
9.2942   8.8965   -2.2277
9.341    8.9402   -1.9411
9.2703   8.8241   -1.8838
9.1984   8.7874   -1.8486
9.1523   8.7695   -1.7908
9.1171   8.7319   -1.7781
9.0941   8.6916   -1.7351
9.0096   8.6564   -1.6718
9.0038   8.6409   -1.5879
9.0224   8.6313   -1.5731
9.0341   8.6522   -1.458












































































































































































4.7938   8.4127   -4.8159  R_RAM
4.9102   8.4276   -4.8092
5.0145   8.4434   -4.7509
5.1462   8.4675   -4.587
5.2001   8.4432   -4.5106
5.3041   8.4362   -4.3977
5.3521   8.436    -4.2914
5.4183   8.415    -4.1695
5.5321   8.4039   -4.0256
5.5874   8.3715   -3.9144
5.655    8.359    -3.7698
5.7115   8.3571   -3.635
5.76     8.3337   -3.5248
5.8255   8.3184   -3.3283
5.868    8.2773   -3.196
5.9128   8.278    -3.0725
5.9502   8.2851   -2.9541
5.9377   8.29     -2.8652
5.9549   8.2889   -2.8143
6.0127   8.3074   -2.7045
6.0028   8.3189   -2.6017
6.0073   8.3241   -2.5102


















































































































































































8.2771   4.7548   -4.9195  L_RAM
8.3142   4.9191   -4.8875
8.3276   4.9547   -4.8389
8.3252   5.0933   -4.7019
8.328    5.1757   -4.5756
8.3354   5.2433   -4.4801
8.3428   5.3144   -4.3392
8.3429   5.3844   -4.2209
8.3383   5.4491   -4.0611
8.3255   5.4931   -3.9161
8.3171   5.5635   -3.7501
8.3074   5.5878   -3.6052
8.3117   5.6463   -3.5407
8.2869   5.6606   -3.4517
8.2803   5.6656   -3.3494
8.2899   5.7372   -3.095
8.3183   5.7571   -2.9394
8.3333   5.7635   -2.8674
8.3462   5.7666   -2.8035
8.3629   5.8013   -2.6909




















































































































































































7.9721   8.0866   -2.5889  MMF
7.3112   7.4976   -3.1595  GNA
8.292    7.7742   -2.2682  O1
7.2384   5.8842   -2.5441  O2
3.788    6.9655   -2.5389  O3
5.2578   2.9739   -1.8211  O4




8.2439   8.2971   -1.501   E_SYM
8.2711   8.3143   -1.6575
8.2524   8.3039   -1.7368
8.2322   8.3062   -1.7775
8.1856   8.2591   -1.874
8.1838   8.243    -1.9102
8.1677   8.2494   -1.967
8.1728   8.2232   -2.0805
8.1477   8.1983   -2.1898
8.1258   8.182    -2.2608
8.0873   8.145    -2.3422
8.0677   8.1444   -2.3899
8.0407   8.1321   -2.4605
8.0067   8.0987   -2.5224
7.9693   8.0672   -2.5957
7.9396   8.0558   -2.7051
7.8877   8.0173   -2.7751
7.8106   7.9514   -2.8597
7.751    7.9035   -2.9258
7.6965   7.8316   -3.005
7.6369   7.7849   -3.0489
7.6182   7.7402   -3.0849
7.5595   7.6896   -3.1359
7.4948   7.632    -3.157
7.4366   7.5962   -3.1863
7.4618   7.574    -3.1774
7.3924   7.5496   -3.1949
7.3667   7.5072   -3.2141
7.3106   7.4838   -3.2133











































































































































































4.2874   2.879    -0.6918  R_PRAM
4.3514   2.8812   -0.7989
4.3818   2.8447   -0.9093
4.4372   2.8424   -0.9896
4.4694   2.8362   -1.0649
4.5001   2.8419   -1.1453
4.5491   2.8575   -1.2272
4.564    2.8595   -1.3208
4.602    2.8659   -1.4251
4.6124   2.9075   -1.5174
4.6082   2.946    -1.6593
4.6223   2.9472   -1.7274
4.6138   2.956    -1.8051
4.6259   2.9554   -1.9545
4.6244   2.9636   -2.0616
4.6103   2.9794   -2.1199
4.6041   2.9819   -2.2028
4.6288   3.0005   -2.2921
4.5965   3.0065   -2.3487
4.6002   3.0339   -2.3983
4.5739   3.1696   -2.6376
4.5639   3.2525   -2.7167
4.5504   3.326    -2.7719
4.5552   3.4097   -2.8727
4.5485   3.4829   -2.9211
4.5494   3.5697   -3.0131
4.5676   3.64     -3.085
4.5997   3.727    -3.1418
4.6417   3.8099   -3.2013
4.6805   3.8771   -3.2505
4.7346   3.9471   -3.3133
4.7777   3.9856   -3.3414
4.87     4.1041   -3.3741
4.9431   4.1815   -3.4024
5.0447   4.2901   -3.4099
5.1478   4.3753   -3.3863
5.2871   4.4812   -3.3552
5.4232   4.5922   -3.3556
5.5506   4.7035   -3.3279
5.6201   4.7553   -3.3362
5.714    4.8391   -3.3352
5.7833   4.9267   -3.3415
5.8407   5.0089   -3.3318
5.9045   5.0677   -3.3339
5.9409   5.0966   -3.3479
5.9707   5.1603   -3.3312
6.0048   5.191    -3.3482

























































































































































1.8622   6.1303   -1.0493  L_PRAM
1.8516   6.1772   -1.1248
1.8704   6.1932   -1.2289
1.8747   6.2566   -1.3172
1.8814   6.2614   -1.3503
1.8719   6.2707   -1.4057
1.8834   6.302    -1.4714
1.9037   6.3003   -1.596
1.9258   6.3235   -1.6981
1.9452   6.3006   -1.7778
1.9551   6.3101   -1.8348
1.966    6.3233   -2.0042
1.9845   6.3247   -2.145
2.0103   6.2923   -2.253
2.0202   6.2652   -2.3885
2.0318   6.2407   -2.4974
2.0678   6.2231   -2.6153
2.1081   6.2127   -2.736
2.1934   6.1917   -2.8465
2.156    6.1057   -2.8047
2.2345   6.0903   -2.8853
2.3346   6.0877   -2.9718
2.4033   6.0799   -3.0606
2.4889   6.0862   -3.1514
2.5893   6.1102   -3.2328
2.6447   6.1323   -3.2882
2.7505   6.1435   -3.3695
2.8248   6.1806   -3.4073
2.926    6.2225   -3.4388
2.9684   6.2586   -3.4654
3.1058   6.321    -3.5107
3.1761   6.3929   -3.507
3.2502   6.4315   -3.4991
3.3415   6.474    -3.5026
3.429    6.5475   -3.4789
3.4915   6.5941   -3.4589
3.5359   6.6218   -3.4727
3.6584   6.7391   -3.4461
3.682    6.741    -3.4313
3.7404   6.7866   -3.4283
3.8271   6.8424   -3.4181
3.8831   6.8793   -3.4182
3.9554   6.9431   -3.3987
4.0825   7.0065   -3.386
4.1643   7.0436   -3.3881
4.2311   7.085    -3.3766
4.3223   7.1065   -3.3822
4.373    7.1204   -3.391
4.397    7.126    -3.3811























































































































































6.1168   5.341    -3.372   ARC
6.142    5.4298   -3.3734
6.1729   5.488    -3.3782
6.2421   5.608    -3.3732
6.2848   5.6625   -3.395
6.3236   5.7476   -3.3871
6.3827   5.8203   -3.3978
6.427    5.8994   -3.3956
6.5028   6.0013   -3.4027
6.6012   6.1065   -3.4051
6.6348   6.212    -3.3949
6.6802   6.2946   -3.4058
6.7138   6.3786   -3.3835
6.7559   6.4545   -3.3859
6.8059   6.5259   -3.3793
6.8677   6.6684   -3.3735
6.915    6.7773   -3.3518
6.9408   6.8358   -3.3435
6.9892   6.9069   -3.3474
7.0258   6.9776   -3.3455
7.0356   7.0204   -3.3425
7.0657   7.0778   -3.3172
7.0812   7.101    -3.318
7.1007   7.1462   -3.3139
7.1213   7.2011   -3.3174
7.1113   7.278    -3.27
7.0843   7.3944   -3.2087
7.0753   7.4653   -3.2108
7.0277   7.5689   -3.1948
7.0055   7.6341   -3.2121
6.9134   7.6731   -3.22
6.8311   7.7266   -3.2666
6.6548   7.725    -3.2825
6.4861   7.6929   -3.2987
6.3549   7.6733   -3.3146
6.2421   7.6617   -3.3267
6.1166   7.636    -3.3537
5.9815   7.6097   -3.3517
5.9087   7.5871   -3.36
5.7855   7.551    -3.3789
5.6078   7.529    -3.3938
5.4888   7.4854   -3.4081
5.3937   7.4623   -3.4126
5.3434   7.4233   -3.4159
5.1961   7.3845   -3.4234
5.0594   7.365    -3.4183
4.9057   7.3092   -3.4291
4.8042   7.2872   -3.4262
4.6688   7.217    -3.4253
4.6061   7.1828   -3.4061
4.5507   7.1509   -3.4035
4.4903   7.1815   -3.4043
