AMNH     52532    caa2ms.xls
11.0344  10.6702  -2.1235  IS
11.8997  11.2367  -2.667   ID
11.6406  11.4795  -2.7058  R_I12
11.2401  11.3904  -2.7786  R_I2C
10.8976  11.3133  -2.6628  R_CP3
10.3752  11.0454  -2.6215  R_P34
9.9775   10.8542  -2.562   R_P4M1
9.5053   10.5944  -2.4738  R_M12
8.9845   10.2287  -2.4501  R_M23
8.4426   10.0075  -2.5755  R_DM3
10.1622  10.9871  -1.6565  R_MF
10.2953  11.1991  -2.0401  R_PCF
8.6397 10.694 -1.9617 R_CB
8.9549 10.16 -2.2046 R_CL
6.6812   10.2167  -4.4597  R_COR
6.631    9.7294   -3.8443  R_NOT
5.8564   9.6318   -4.0957  R_CND
12.0524  10.986   -2.7013  L_I12
11.9991  10.6927  -2.7647  L_I2C
11.7492  10.2464  -2.7228  L_CP3
11.4408  9.9056   -2.6358  L_P34
11.1358  9.5233   -2.5687  L_P4M1
10.8818  9.2112   -2.4943  L_M12
10.4204  8.74     -2.4296  L_M23
10.0406  8.284    -2.5048  L_DM3
11.4858  9.792    -1.906   L_MF
11.5019  9.6865   -2.126   L_PCF
10.7129 8.1129 -2.1141 L_CB
10.2217 8.4697 -2.2103 L_CL
10.0472  6.3541   -4.4974  L_COR
9.4337   6.267    -3.7559  L_NOT
9.106    5.5197   -4.0497  L_CND
11.373   11.5475  -2.2579  O1
9.2556   10.8636  -1.9322  O2
10.1078  7.2619   -2.3109  O3
6.5627   9.7745   -2.6698  O4








































11.7597  11.2853  -2.74    I_SYM
11.6431  11.1789  -2.694
11.573   11.1035  -2.6508
11.4638  11.0055  -2.5744
11.3859  10.932   -2.5006
11.3114  10.875   -2.4502
11.2604  10.8173  -2.3911
11.1761  10.7267  -2.3275
11.1207  10.6792  -2.2715
10.9867  10.6908  -2.1214
11.0245  10.7224  -1.9674
11.0962  10.8005  -1.9013
10.9702  10.6859  -1.8519
10.9066  10.634   -1.7785
10.8795  10.6061  -1.7132
10.8343  10.5738  -1.5656
10.8459  10.6044  -1.4523























































































































































































6.6846   10.2674  -4.5586  R_RAM
6.7806   10.3595  -4.5523
6.9141   10.3907  -4.4871
7.0528   10.3914  -4.3777
7.1673   10.3874  -4.2372
7.2818   10.3745  -4.029
7.3805   10.363   -3.9206
7.4588   10.3226  -3.768
7.5521   10.3354  -3.5979
7.6334   10.346   -3.4242
7.7344   10.3555  -3.2815
7.8048   10.3571  -3.1722
7.8778   10.3541  -3.0323
7.9099   10.366   -2.8726
7.9719   10.376   -2.7752
7.9638   10.4385  -2.6386
7.994    10.4406  -2.55
8.046    10.4883  -2.4188
8.1017   10.5164  -2.3504
8.1123   10.536   -2.2888




















































































































































































10.0965  6.4294   -4.511   L_RAM
10.1486  6.5542   -4.4352
10.1716  6.6385   -4.3241
10.1851  6.7627   -4.2165
10.2118  6.8566   -4.0577
10.2393  6.9608   -3.8551
10.2129  7.0033   -3.802
10.2353  7.0957   -3.641
10.2271  7.16     -3.5143
10.2463  7.2151   -3.3713
10.2612  7.29     -3.2664
10.2755  7.3097   -3.16
10.2998  7.3626   -3.0795
10.3101  7.4033   -3.0306
10.3263  7.4504   -2.9376
10.3296  7.4989   -2.8801
10.3724  7.518    -2.7252
10.391   7.5715   -2.5877
10.4299  7.6266   -2.4885
10.4929  7.6719   -2.3419
10.4996  7.6792   -2.3132
10.5521  7.7397   -2.261
10.5647  7.7732   -2.224

















































































































































































10.0592  9.6962   -2.7895  MMF
9.6065   9.3996   -3.108   GNA
10.7057  9.6354   -2.2598  O1
9.6262   7.715    -2.6332  O2
6.2325   9.2093   -2.0675  O3
8.0206   5.2495   -1.7995  O4




10.5481  10.1189  -1.8452  E_SYM
10.5469  10.1082  -2.0217
10.5231  10.1049  -2.125
10.4658  10.0529  -2.2147
10.3987  10.0088  -2.3618
10.3556  9.9639   -2.4698
10.2717  9.8974   -2.5653
10.2247  9.8368   -2.6373
10.1649  9.8177   -2.6861
10.0671  9.7347   -2.7486
9.9722   9.6707   -2.8859
9.8857   9.5892   -2.9462
9.8162   9.532    -2.9965
9.7371   9.4736   -3.0553
9.6705   9.4214   -3.1
9.607    9.3757   -3.1315
9.5694   9.3279   -3.1456























































































































































































7.2099   4.9766   -0.7338  R_PRAM
7.2788   4.9338   -0.8696
7.367    4.9057   -1.0127
7.4375   4.9074   -1.163
7.5047   4.9299   -1.3405
7.5393   4.9061   -1.6091
7.557    4.9003   -1.7993
7.5799   4.9634   -2.0055
7.6113   4.9958   -2.2475
7.644    5.0805   -2.4257
7.6626   5.1918   -2.6303
7.7215   5.3301   -2.8336
7.7882   5.4393   -2.9776
7.8714   5.5758   -3.0831
7.9144   5.7307   -3.1312
7.9825   5.845    -3.141
8.0247   5.8999   -3.1423
8.1092   6.0293   -3.1191
8.2145   6.1566   -3.0815
8.3971   6.3327   -3.0713
8.5713   6.5356   -3.1095
8.6361   6.6447   -3.1301
8.7261   6.829    -3.1519
8.8063   6.9679   -3.1697
8.8458   7.0836   -3.1863
8.8929   7.1543   -3.1872














































































































































































4.5711   8.0827   -0.6175  L_PRAM
4.5651   8.1184   -0.7874
4.5928   8.1653   -0.9251
4.6166   8.2795   -1.1478
4.6671   8.3414   -1.333
4.7143   8.3829   -1.6031
4.7242   8.3872   -1.7484
4.7473   8.4124   -1.8694
4.784    8.4149   -2.0481
4.7749   8.3861   -2.2826
4.8616   8.434    -2.4073
4.9482   8.4562   -2.5561
5.0476   8.4752   -2.6705
5.1708   8.4819   -2.7902
5.2154   8.5313   -2.8978
5.1859   8.4748   -2.8391
5.3814   8.5603   -3.0324
5.492    8.6098   -3.0788
5.7048   8.7347   -3.081
5.9684   8.8886   -3.0167
6.1945   8.9945   -3.0025
6.4251   9.0703   -3.0643
6.6541   9.1346   -3.0724
6.8345   9.2115   -3.0968
7.0096   9.3032   -3.1178
7.1005   9.3088   -3.1361














































































































































































8.8491   7.0158   -3.1755  ARC
8.9416   7.1781   -3.2083
9.0344   7.3355   -3.2374
9.0993   7.5162   -3.2581
9.1836   7.7041   -3.2894
9.2492   7.8859   -3.2749
9.3407   8.0495   -3.2813
9.4294   8.2098   -3.273
9.5047   8.3736   -3.2542
9.5681   8.5365   -3.2238
9.6615   8.757    -3.182
9.7127   8.9016   -3.1782
9.7526   9.0817   -3.1614
9.7204   9.2787   -3.1666
9.6852   9.3653   -3.1463
9.6244   9.4322   -3.1539
9.5803   9.4219   -3.1519
9.3929   9.4906   -3.161
9.151    9.5861   -3.1519
8.9155   9.5403   -3.1827
8.6611   9.4998   -3.2321
8.4902   9.4797   -3.2322
8.2962   9.404    -3.2505
8.1564   9.353    -3.2578
8.0114   9.3214   -3.2409
7.9171   9.3026   -3.2397
7.7937   9.2597   -3.2381
7.616    9.2352   -3.2213
7.4776   9.1954   -3.2135
7.3404   9.1739   -3.1881
7.2139   9.165    -3.1641
7.1556   9.1491   -3.1392
7.0573   9.107    -3.1122
