AMNH     52564    caa24ms.xls
9.0168   11.9534  -2.4302  IS
9.5152   12.5521  -2.6789  ID
9.1776   12.6267  -2.7216  R_I12
8.979    12.5399  -2.7208  R_I2C
8.5918   12.4839  -2.7217  R_CP3
8.2238   12.085   -2.6423  R_P34
7.9382   11.8055  -2.5667  R_P4M1
7.5638   11.3708  -2.5227  R_M12
7.1867   10.8879  -2.5263  R_M23
6.8567   10.3854  -2.684   R_DM3
8.2626   12.1606  -1.6823  R_MF
8.0238   12.0895  -2.0725  R_PCF
6.7811 11.121 -2.1096 R_CB
7.2562 10.7117 -2.3962 R_CL
5.2466   10.4337  -4.5243  R_COR
5.1803   9.8467   -3.9466  R_NOT
4.4271   9.5358   -4.1711  R_CND
9.7739   12.3621  -2.7411  L_I12
9.7806   12.1203  -2.7524  L_I2C
9.7014   11.6556  -2.7029  L_CP3
9.5447   11.1958  -2.6575  L_P34
9.4139   10.8335  -2.5733  L_P4M1
9.1475   10.3406  -2.5221  L_M12
8.7925   9.8312   -2.5401  L_M23
8.4147   9.3291   -2.6168  L_DM3
9.5426   11.2561  -1.6266  L_MF
9.564    11.0282  -1.9342  L_PCF
9.1384 9.5523 -2.0828 L_CB
8.6597 9.8858 -2.3936 L_CL
9.1906   7.7788   -4.4343  L_COR
8.6606   7.5464   -3.9112  L_NOT
8.5666   6.6942   -4.0567  L_CND
9.0129   12.748   -2.2968  O1
7.1224   11.406   -2.0348  O2
8.7743   8.5667   -1.982   O3
5.2688   9.7708   -2.6803  O4








































9.4142   12.5781  -2.7691  I_SYM
9.359    12.4471  -2.7702
9.3202   12.3872  -2.7351
9.2862   12.3108  -2.6983
9.2526   12.221   -2.6602
9.1652   12.1398  -2.606
9.1288   12.1038  -2.5763
9.0947   12.0521  -2.531
9.0682   12.0113  -2.5017
9.029    11.9561  -2.4236
9.014    11.957   -2.344
9.0182   12.006   -2.2616
9.0422   12.0598  -2.1623
9.0529   12.0723  -2.047
8.9335   11.9615  -1.9422
8.9272   11.8581  -1.8376
8.9174   11.8173  -1.797
8.883    11.776   -1.7378
8.8505   11.7603  -1.6827
8.8388   11.7382  -1.6121
8.8208   11.7504  -1.5729



















































































































































































5.276    10.4782  -4.5492  R_RAM
5.3971   10.5303  -4.5106
5.507    10.5753  -4.4078
5.6235   10.6155  -4.3035
5.7166   10.6105  -4.182
5.7969   10.65    -4.0451
5.8394   10.6772  -3.8926
5.9143   10.6916  -3.7667
5.9915   10.6794  -3.6257
6.0365   10.6706  -3.5195
6.1157   10.6575  -3.3642
6.11     10.6567  -3.242
6.1453   10.6399  -3.1299
6.1913   10.628   -3.0009
6.1862   10.6258  -2.9203
6.2125   10.6264  -2.6537
6.2565   10.6865  -2.5474
6.2833   10.7027  -2.457
6.3159   10.7349  -2.3907





















































































































































































9.2339   7.783    -4.4065  L_RAM
9.2499   7.9204   -4.3658
9.2308   8.0267   -4.2897
9.2191   8.1261   -4.1809
9.1936   8.1898   -4.1125
9.1793   8.257    -4.0135
9.1548   8.4172   -3.7515
9.1391   8.508    -3.6025
9.1015   8.5489   -3.5014
9.0726   8.5926   -3.3718
9.0346   8.6177   -3.2457
9.0148   8.6426   -3.165
8.9571   8.8159   -2.6685
8.9689   8.8545   -2.5211
8.9927   8.8873   -2.4151
9.0079   8.8945   -2.3088
9.0374   8.9245   -2.1471























































































































































































7.9017   10.4644  -2.3901  MMF
7.4776   9.867    -2.9992  GNA
8.3273   10.2812  -2.1067  O1
7.7427   8.0243   -2.4291  O2
4.5456   8.5695   -2.4163  O3
6.9079   5.7294   -1.8013  O4




8.0313   10.6823  -1.7672  E_SYM
8.0539   10.7005  -1.8623
8.0173   10.6706  -1.9977
8.0176   10.6165  -2.0748
8.0005   10.6181  -2.1437
7.967    10.5866  -2.2243
7.9189   10.5034  -2.3098
7.9136   10.4784  -2.3455
7.9096   10.4504  -2.3992
7.8669   10.3708  -2.5654
7.8493   10.3309  -2.6348
7.8037   10.2696  -2.7079
7.7643   10.2313  -2.7574
7.7537   10.1738  -2.8164
7.7054   10.1254  -2.8722
7.6649   10.0161  -2.933
7.6149   9.9361   -2.9638
7.5371   9.8659   -2.9832
7.5019   9.8016   -3.0279
7.4635   9.7758   -3.0174
7.4465   9.7383   -3.0247
7.4842   9.7857   -3.0001


















































































































































































6.2747   4.9538   -0.6022  R_PRAM
6.3368   4.9506   -0.689
6.4047   4.9563   -0.7829
6.4426   4.9684   -0.8487
6.4692   4.9944   -0.9272
6.4843   4.9987   -0.9689
6.4988   5.0319   -1.0566
6.5133   5.036    -1.1886
6.5137   5.0745   -1.277
6.4957   5.0868   -1.3558
6.4995   5.1022   -1.4761
6.4878   5.1253   -1.5714
6.4676   5.1474   -1.6276
6.4815   5.161    -1.7328
6.475    5.1694   -1.8222
6.468    5.2094   -1.9278
6.4631   5.27     -2.1209
6.4605   5.3531   -2.1989
6.4841   5.4038   -2.273
6.4719   5.4514   -2.3527
6.4788   5.4788   -2.4258
6.4823   5.551    -2.517
6.5161   5.6244   -2.5992
6.532    5.6882   -2.6814
6.5506   5.7978   -2.7814
6.5511   5.8777   -2.8097
6.6009   5.9314   -2.855
6.6548   6.0344   -2.9156
6.6857   6.1152   -2.9458
6.7372   6.2092   -2.9699
6.7631   6.2839   -2.9941
6.8203   6.4075   -3.0113
6.8312   6.4917   -3.0443
6.8728   6.5994   -3.0732
6.9179   6.7122   -3.0714
6.9498   6.7809   -3.0862
6.9788   6.878    -3.105
6.9993   6.9859   -3.1027
7.0369   7.0144   -3.1222
7.0633   7.0981   -3.1357
7.0921   7.142    -3.1274































































































































































3.164    7.1689   -0.622   L_PRAM
3.1497   7.2067   -0.6674
3.1741   7.2493   -0.8204
3.1792   7.2999   -0.9421
3.1831   7.3388   -1.0673
3.205    7.3375   -1.1709
3.2087   7.335    -1.3265
3.2302   7.3556   -1.4346
3.2599   7.3394   -1.5865
3.2958   7.3217   -1.7677
3.346    7.3329   -1.9107
3.3536   7.3642   -2.0602
3.441    7.3549   -2.209
3.5193   7.3929   -2.3531
3.6009   7.3877   -2.4431
3.6635   7.4224   -2.526
3.6745   7.4628   -2.5428
3.7687   7.4652   -2.639
3.8516   7.5359   -2.7157
3.9307   7.5865   -2.7894
3.951    7.6211   -2.8268
4.0564   7.6829   -2.8802
4.1208   7.7632   -2.9265
4.2324   7.873    -2.9797
4.3016   7.9619   -3.0303
4.3816   8.0433   -3.0511
4.4562   8.1418   -3.0747
4.5555   8.229    -3.0934
4.666    8.3508   -3.0993
4.742    8.4308   -3.128
4.8076   8.5076   -3.1199
4.8797   8.5876   -3.1451
4.9273   8.6236   -3.128
4.9604   8.6393   -3.1409






































































































































































7.22     7.3351   -3.1596  ARC
7.2328   7.4687   -3.1989
7.26     7.554    -3.2165
7.2918   7.6449   -3.2207
7.3361   7.7601   -3.2215
7.379    7.8661   -3.243
7.3819   7.974    -3.2406
7.3985   8.0479   -3.2514
7.4227   8.1572   -3.2504
7.4616   8.264    -3.2633
7.4442   8.3535   -3.2528
7.4938   8.4711   -3.2463
7.514    8.546    -3.2459
7.5215   8.6439   -3.2295
7.5525   8.7142   -3.2292
7.5676   8.7945   -3.2199
7.5979   8.8749   -3.1995
7.6099   8.9521   -3.1769
7.6246   9.0151   -3.1615
7.6461   9.1243   -3.1367
7.6616   9.2238   -3.1219
7.6691   9.3098   -3.1038
7.6646   9.3698   -3.0864
7.6728   9.4293   -3.0703
7.6338   9.4938   -3.038
7.6192   9.6034   -3.0318
7.5972   9.7016   -3.0112
7.5518   9.766    -3.0144
7.5075   9.8356   -3.0084
7.3317   9.7839   -3.0204
7.172    9.8061   -3.0338
7.0255   9.7903   -3.0713
6.9317   9.7621   -3.1142
6.8378   9.7325   -3.1397
6.7322   9.6922   -3.1716
6.608    9.6333   -3.1952
6.4915   9.5593   -3.2208
6.3577   9.451    -3.2332
6.2573   9.3922   -3.2647
6.1262   9.2972   -3.2832
6.001    9.2293   -3.2779
5.8397   9.077    -3.2694
5.7587   9.0105   -3.2531
5.6469   8.9532   -3.2455
5.5545   8.8807   -3.2436
5.4366   8.806    -3.2232
5.3579   8.7073   -3.2136
5.2871   8.6872   -3.1909
5.1954   8.6089   -3.19
5.155    8.5915   -3.1675
