AMNH     52541    caa6ms.xls
3.9678   15.5259  -2.4024  IS
4.7921   15.9449  -3.0706  ID
4.5325   16.2379  -3.0106  R_I12
4.0973   16.0307  -2.9838  R_I2C
3.6081   16.0093  -2.9513  R_CP3
3.1584   15.9599  -2.9134  R_P34
2.7481   15.7633  -2.8443  R_P4M1
2.3433   15.4808  -2.7471  R_M12
1.8041   15.1745  -2.7152  R_M23
1.2848   14.8171  -2.7208  R_DM3
3.0348   15.7308  -1.7587  R_MF
3.0927   15.8898  -2.1574  R_PCF
1.5399 15.5529 -2.2022 R_CB
1.9637 15.0572 -2.5083 R_CL
-0.1071  15.5258  -4.2744  R_COR
-0.5402  14.9966  -3.7786  R_NOT
-1.3021  14.9395  -3.7808  R_CND
4.935    15.6528  -3.1277  L_I12
4.6479   15.3539  -3.0769  L_I2C
4.4392   14.9549  -3.0456  L_CP3
4.1597   14.6436  -2.955   L_P34
3.8466   14.3519  -2.9012  L_P4M1
3.4791   14.0154  -2.8034  L_M12
2.9738   13.6545  -2.7724  L_M23
2.4838   13.2673  -2.7975  L_DM3
4.0677   14.4655  -1.7547  L_MF
4.1094   14.3732  -2.1227  L_PCF
3.2778 13.1536 -2.4494 L_CB
2.9331 13.6841 -2.5137 L_CL
2.5      11.7454  -4.4942  L_COR
1.8765   11.476   -3.961   L_NOT
1.518    10.8097  -4.021   L_CND
4.2891   16.1774  -2.4603  O1
2.085    15.6939  -2.1056  O2
2.6435   12.4039  -2.499   O3
-0.4686  14.9147  -2.5299  O4








































4.7406   16.044   -3.1189  I_SYM
4.6464   15.9933  -3.1134
4.5322   15.8832  -3.0758
4.4383   15.8218  -2.9881
4.3577   15.7541  -2.9142
4.2856   15.6954  -2.8423
4.2149   15.6389  -2.7292
4.183    15.6005  -2.681
4.1076   15.5554  -2.6125
4.0547   15.5253  -2.5564
4.0199   15.5141  -2.5112
3.9958   15.4975  -2.4662
3.9618   15.4782  -2.3975
3.955    15.4914  -2.3007
3.9777   15.5299  -2.2
4.0296   15.5567  -2.1517
3.9679   15.5149  -2.099
3.9349   15.4938  -2.0309
3.8684   15.4384  -1.9359
3.8553   15.3922  -1.875
3.8281   15.4027  -1.8047
3.8251   15.3913  -1.7648
3.8005   15.4039  -1.7191
3.8425   15.3913  -1.6375
















































































































































































-0.0177  15.5909  -4.2496  R_RAM
0.1671   15.6356  -4.1697
0.3124   15.6235  -4.0502
0.4397   15.5812  -3.9489
0.5275   15.5747  -3.8228
0.5908   15.5515  -3.6653
0.6746   15.4824  -3.4769
0.7293   15.455   -3.3163
0.8034   15.4293  -3.1771
0.8778   15.4299  -3.0288
0.9156   15.4128  -2.901
0.9614   15.4264  -2.7818
1.0194   15.4327  -2.6696
1.0634   15.4568  -2.5484
1.1207   15.4488  -2.5754
1.1846   15.4518  -2.5151
























































































































































































2.5829   11.7705  -4.4748  L_RAM
2.6513   11.924   -4.4599
2.6992   12.0008  -4.3355
2.7455   12.0808  -4.1035
2.7606   12.2157  -4.014
2.7782   12.3189  -3.8548
2.7701   12.3721  -3.7323
2.7704   12.4116  -3.6085
2.7624   12.4364  -3.5345
2.7748   12.5829  -3.2841
2.8293   12.5823  -3.0701
2.8528   12.6228  -2.9448
2.8792   12.6396  -2.8197
2.9081   12.6501  -2.742
2.9241   12.6715  -2.6882

























































































































































































2.4221   14.2636  -2.9108  MMF
1.9101   13.9908  -3.264   GNA
3.0382   14.1198  -2.3485  O1
1.6288   12.2346  -2.5048  O2
-1.2596  13.9891  -2.0347  O3
-0.057   10.2264  -1.7328  O4




2.9944   14.612   -1.8791  E_SYM
2.9869   14.6351  -2.0273
2.9366   14.6231  -2.1445
2.8773   14.6003  -2.2217
2.8322   14.5539  -2.292
2.7788   14.5222  -2.381
2.7094   14.4986  -2.4715
2.6476   14.4353  -2.5855
2.5655   14.3907  -2.7243
2.4923   14.3579  -2.804
2.3939   14.2725  -2.8838
2.3908   14.2638  -2.9731
2.2687   14.2041  -3.075
2.169    14.1423  -3.1651
2.0907   14.0976  -3.2056
2.0295   14.0472  -3.2383
1.9819   14.0058  -3.2751
1.9145   13.9694  -3.2812






















































































































































































-0.7424  9.9506   -0.8669  R_PRAM
-0.681   9.9656   -1.0041
-0.624   9.9345   -1.1646
-0.6202  9.9006   -1.3163
-0.5809  9.8864   -1.4873
-0.6158  9.8785   -1.683
-0.5904  9.8641   -1.8593
-0.6021  9.8473   -1.9937
-0.5784  9.8934   -2.1218
-0.5642  9.9551   -2.3049
-0.5583  9.9897   -2.4618
-0.541   10.094   -2.6364
-0.5232  10.2568  -2.7931
-0.466   10.3577  -2.9495
-0.4209  10.4514  -3.0384
-0.331   10.5881  -3.1414
-0.2796  10.6921  -3.1788
-0.1174  10.865   -3.2489
0.0271   11.0085  -3.2469
0.1571   11.1337  -3.2174
0.2819   11.2537  -3.1976
0.4075   11.3539  -3.1835
0.4955   11.4363  -3.1755
0.552    11.5147  -3.1759
0.5984   11.5798  -3.1858
0.6724   11.6264  -3.1638














































































































































































-2.8068  13.0998  -0.6806  L_PRAM
-2.8157  13.1597  -0.7761
-2.8104  13.1938  -0.9107
-2.8034  13.2474  -1.0359
-2.8203  13.2673  -1.1384
-2.854   13.2913  -1.2715
-2.8645  13.313   -1.4273
-2.8748  13.3344  -1.5934
-2.9033  13.3268  -1.72
-2.8902  13.3561  -1.8951
-2.8825  13.366   -2.0808
-2.779   13.3696  -2.306
-2.7094  13.3781  -2.508
-2.6518  13.3592  -2.608
-2.5723  13.3907  -2.6927
-2.5589  13.3125  -2.7015
-2.3865  13.2887  -2.8833
-2.2417  13.2734  -3.0102
-2.0492  13.3199  -3.1264
-1.8482  13.4126  -3.1788
-1.649   13.5173  -3.2075
-1.4868  13.5868  -3.1781
-1.3311  13.6715  -3.1669
-1.1617  13.7508  -3.1551
-1.0195  13.8421  -3.1267
-0.9186  13.8574  -3.132
-0.8309  13.8757  -3.1491
-0.7772  13.8941  -3.1427












































































































































































0.6683   11.6982  -3.1717  ARC
0.7665   11.8042  -3.1889
0.8572   11.9237  -3.2248
0.9288   12.0433  -3.2264
1.0295   12.1688  -3.2516
1.1384   12.3286  -3.277
1.2489   12.46    -3.2917
1.3523   12.6109  -3.3125
1.4247   12.7193  -3.3095
1.5219   12.8507  -3.306
1.5927   12.9539  -3.3161
1.672    13.0894  -3.2943
1.7442   13.2131  -3.2976
1.8109   13.3331  -3.3129
1.8801   13.4749  -3.3234
1.9259   13.5796  -3.2989
1.9997   13.7828  -3.2728
1.9887   13.8862  -3.2658
1.9861   13.9625  -3.2941
1.943    14.1063  -3.2793
1.7408   14.1606  -3.2337
1.5128   14.178   -3.2285
1.3366   14.2069  -3.2586
1.1586   14.207   -3.2415
0.938    14.1767  -3.2592
0.6994   14.1528  -3.246
0.5497   14.116   -3.2631
0.2699   14.0414  -3.2387
0.0302   13.9453  -3.1943
-0.0744  13.8866  -3.1689
-0.2193  13.9394  -3.1952
-0.3542  13.9073  -3.1842
-0.481   13.8587  -3.1536
-0.6311  13.8343  -3.1197
-0.7294  13.7945  -3.1125
-0.8066  13.7417  -3.0999
