AMNH     52168    cac17ms.xls
8.345    8.858    2.7896   IS
9.2121   9.7057   3.6046   ID
9.4843   9.4189   3.6148   R_I12
9.5007   9.0116   3.5035   R_I2C
9.2058   8.3903   3.334    R_CP3
8.7248   7.6435   3.2657   R_P34
8.4778   7.3002   3.1615   R_P4M1
8.0687   6.7351   3.0711   R_M12
7.5323   6.1096   3.059    R_M23
7.1132   5.3112   3.1709   R_DM3
9.0942   7.9044   1.6109   R_MF
8.9569   7.2712   2.2694   R_PCF
8.3564   5.4795   1.9035   R_CB
7.4588   6.1093   2.87     R_CL
7.7583   3.5917   5.417    R_COR
7.0676   2.904    4.5769   R_NOT
7.0988   1.7973   4.9159   R_CND
8.9014   9.9087   3.5873   L_I12
8.3358   9.8024   3.4825   L_I2C
7.8268   9.5557   3.328    L_CP3
7.1997   9.0983   3.2196   L_P34
6.8724   8.6635   3.1813   L_P4M1
6.3885   8.1826   3.1206   L_M12
5.8257   7.697    3.087    L_M23
5.0572   7.0316   3.1634   L_DM3
7.4053   9.4424   1.7026   L_MF
6.7923   9.1587   2.4339   L_PCF
5.069    8.3034   1.7524   L_CB
5.9132   7.6113   2.6407   L_CL
3.074    7.3617   5.3541   L_COR
2.7024   6.6475   4.5666   L_NOT
1.4763   6.4473   4.9472   L_CND
9.4416   9.039    2.6047   O1
8.7112   6.5215   2.0428   O2
3.763    7.2683   2.3217   O3
6.9543   2.7271   2.8499   O4








































9.1654   9.6916   3.624    I_SYM
9.0986   9.6394   3.6021
9.0406   9.5647   3.5893
8.9857   9.5058   3.5477
8.9206   9.457    3.481
8.8288   9.3692   3.425
8.76     9.2728   3.3522
8.6812   9.2216   3.295
8.6234   9.1838   3.2324
8.5537   9.1235   3.1738
8.4966   9.0473   3.1121
8.4161   8.9936   3.0271
8.3912   8.9677   2.9838
8.3784   8.9109   2.9185
8.3481   8.8807   2.8483
8.3688   8.8456   2.8082
8.3426   8.828    2.674
8.3459   8.8168   2.5999
8.3451   8.8129   2.4804
8.3443   8.8184   2.3822
8.3497   8.7994   2.2468
8.2988   8.7181   2.1611
8.2079   8.6439   2.119
8.1279   8.5675   2.0629
8.069    8.5185   2.0113
8.0822   8.4458   1.9261
8.0478   8.4061   1.8172
8.0109   8.3767   1.7023
8.0111   8.3681   1.5133
8.0431   8.3707   1.4161
8.0022   8.4566   1.3381
8.0566   8.4804   1.2329
8.1547   8.5144   1.1336
8.1927   8.5803   1.111






































































































































































7.7401   3.5288   5.4005   R_RAM
7.8028   3.6526   5.4127
7.8447   3.8196   5.3325
7.8547   3.9615   5.165
7.8717   4.0403   5.0118
7.8561   4.1354   4.9123
7.8383   4.2096   4.734
7.8155   4.2334   4.6023
7.7994   4.2744   4.4457
7.7853   4.3265   4.2779
7.761    4.3325   3.9901
7.7284   4.3163   3.9286
7.6873   4.3789   3.7796
7.7068   4.3489   3.6583
7.7045   4.3718   3.5586
7.7304   4.3971   3.4248
7.7638   4.3991   3.1012
7.7575   4.3578   2.8931
7.7793   4.4042   2.7681
7.7824   4.4033   2.6455
7.8112   4.4558   2.4972
7.8155   4.4707   2.362
7.8587   4.531    2.198
7.8979   4.5878   2.0958
7.9605   4.6818   1.978
7.991    4.7275   1.8812
8.0176   4.7655   1.7668













































































































































































3.0808   7.293    5.3693   L_RAM
3.1903   7.4051   5.4127
3.3709   7.5231   5.3699
3.523    7.589    5.2235
3.6128   7.6171   5.0815
3.7028   7.6335   4.9006
3.7179   7.6165   4.6682
3.8253   7.6204   4.631
3.8722   7.6147   4.4592
3.9046   7.5899   4.2585
3.9166   7.5286   3.7641
3.9018   7.5047   3.5619
3.9381   7.5089   3.402
3.9468   7.4903   3.1947
3.9967   7.5112   3.0001
4.0175   7.5133   2.8354
4.1215   7.6129   2.4628
4.1823   7.6655   2.3155
4.2503   7.6946   2.2046
4.3022   7.7426   2.1344
4.3573   7.796    2.0409
4.4074   7.8308   1.9621
4.4513   7.8497   1.8807

















































































































































































7.8555   7.5555   2.6859   MMF
6.9693   6.7359   3.8994   GNA
7.4287   7.9743   2.3512   O1
5.0074   7.1001   3.1107   O2
6.0219   2.1994   3.0228   O3
1.2242   5.0157   2.607    O4




8.0015   7.7606   1.3985   E_SYM
7.9983   7.749    1.5475
8.0055   7.7317   1.7135
7.9682   7.6906   1.837
7.9478   7.6627   1.9887
7.9471   7.6934   2.114
7.9307   7.6593   2.2323
7.9131   7.6673   2.3705
7.8964   7.619    2.4791
7.8484   7.5877   2.5807
7.8271   7.5616   2.7276
7.7807   7.5156   2.8419
7.7562   7.4604   2.9553
7.7142   7.4331   3.0531
7.6829   7.3639   3.148
7.61     7.3144   3.2617
7.5502   7.2419   3.3759
7.4906   7.175    3.4772
7.4102   7.1043   3.5571
7.3491   6.9702   3.6844
7.2509   6.9006   3.7728
7.2087   6.8334   3.8362
7.1317   6.7644   3.8884
7.1024   6.7483   3.8887
7.0562   6.695    3.8931















































































































































































0.4241   3.9537   0.983    R_PRAM
0.4164   4.0663   1.144
0.3971   4.1743   1.2497
0.3571   4.2612   1.3629
0.3015   4.325    1.4617
0.2898   4.3432   1.6313
0.2723   4.3894   1.827
0.3065   4.4187   1.9228
0.3317   4.4372   2.0605
0.3844   4.4805   2.1681
0.3982   4.4651   2.2519
0.4371   4.4979   2.4034
0.4418   4.5173   2.5329
0.4945   4.47     2.6802
0.5171   4.4527   3.0027
0.5859   4.3983   3.1671
0.6227   4.3781   3.2684
0.6933   4.3569   3.4301
0.7489   4.3501   3.5493
0.812    4.3534   3.6488
0.8842   4.3653   3.7989
0.9473   4.392    3.8793
1.0991   4.4389   3.9791
1.122    4.4882   4.0682
1.2428   4.5652   4.159
1.3611   4.6232   4.2414
1.4713   4.6964   4.3102
1.5881   4.7663   4.4219
1.6835   4.8237   4.4954
1.8553   4.8945   4.582
2.0135   4.8801   4.638
2.0893   4.8954   4.6161
2.2674   4.9947   4.627
2.3776   5.0847   4.5995
2.5057   5.1941   4.5753
2.6331   5.3147   4.5521
2.7814   5.4382   4.549
2.9204   5.5433   4.5508
3.0539   5.6378   4.5267
3.1175   5.7212   4.5324
3.2512   5.8444   4.5285
3.3643   5.9527   4.5286
3.4555   5.9738   4.517
3.5631   6.0669   4.5331




























































































































































4.1578   0.1993   0.9676   L_PRAM
4.2798   0.1976   1.1471
4.3677   0.1978   1.2851
4.414    0.1759   1.4188
4.4408   0.1589   1.6401
4.487    0.1522   1.7769
4.5206   0.1753   1.9263
4.5675   0.2104   2.0485
4.5942   0.2657   2.2152
4.6011   0.296    2.3809
4.6075   0.3017   2.4809
4.5863   0.3375   2.6825
4.5591   0.3437   2.789
4.5677   0.381    2.958
4.5332   0.4312   3.1462
4.5246   0.4742   3.2376
4.5256   0.5096   3.3176
4.5127   0.5452   3.4239
4.4991   0.5952   3.5542
4.5251   0.6693   3.6524
4.5256   0.7202   3.7298
4.5338   0.7547   3.8311
4.5466   0.7912   3.9129
4.5293   0.8906   4.0994
4.5729   1.0432   4.2367
4.6042   1.1799   4.3754
4.6639   1.3342   4.4657
4.7543   1.5016   4.547
4.8775   1.6947   4.5964
4.9816   1.8656   4.6319
5.103    2.0795   4.6505
5.2362   2.2128   4.6143
5.3091   2.3188   4.5805
5.3572   2.3288   4.5643
5.4719   2.4863   4.5493
5.5709   2.5762   4.5269
5.6908   2.7237   4.5261
5.7937   2.8603   4.5039
5.8832   2.9494   4.4776
5.9846   3.0794   4.4725
6.0347   3.136    4.4739
6.1201   3.2436   4.4611
6.1754   3.3151   4.468
6.2065   3.3386   4.4523
6.2614   3.3924   4.4689



























































































































































3.5909   6.0649   4.5219   ARC
3.7208   6.1441   4.5183
3.811    6.2085   4.5086
3.937    6.2786   4.4856
4.0329   6.3441   4.4919
4.1247   6.402    4.4736
4.239    6.4753   4.4626
4.3232   6.5541   4.458
4.4146   6.6196   4.4571
4.5393   6.6945   4.4263
4.6742   6.7682   4.3995
4.7795   6.8229   4.3894
4.9083   6.8929   4.3872
5.016    6.9389   4.3612
5.1892   7.0169   4.2921
5.3253   7.0822   4.2626
5.4954   7.1331   4.2172
5.57     7.1256   4.2398
5.7456   7.1735   4.1673
5.8737   7.1734   4.1431
6.0262   7.1593   4.1244
6.1651   7.1955   4.0918
6.3067   7.1691   4.0548
6.408    7.1572   4.0322
6.5678   7.1362   3.9882
6.6602   7.0797   3.971
6.8319   6.9444   3.9214
6.9633   6.8605   3.9014
7.0429   6.738    3.9156
7.1283   6.6724   3.9296
7.1888   6.5249   3.9469
7.2732   6.4492   3.9608
7.3066   6.2588   3.9894
7.3545   6.1342   4.0289
7.374    5.9838   4.0586
7.3786   5.7725   4.0662
7.3631   5.5762   4.0923
7.3588   5.4477   4.1057
7.3258   5.3056   4.129
7.2637   5.142    4.1833
7.1976   4.9296   4.2175
7.1244   4.8004   4.2501
7.0367   4.6351   4.2824
6.977    4.4992   4.2899
6.9085   4.3658   4.2967
6.8022   4.2129   4.3544
6.7293   4.0924   4.3623
6.6341   3.984    4.3996
6.5777   3.8779   4.3906
6.4882   3.7289   4.4279
6.3864   3.616    4.4381
6.36     3.5326   4.4286
6.323    3.5002   4.4359
6.2883   3.4019   4.4431
