AMNH     52170    cac19ms.xls
8.406    7.186    2.8955   IS
9.3862   8.2244   3.7147   ID
9.6561   7.9499   3.5507   R_I12
9.6031   7.4967   3.6061   R_I2C
9.1998   6.8047   3.4305   R_CP3
8.7564   6.3031   3.1911   R_P34
8.4868   5.8658   3.2234   R_P4M1
8.1717   5.3363   3.1381   R_M12
7.7153   4.6227   3.0675   R_M23
7.2706   3.8664   3.0967   R_DM3
9.3473   6.6036   1.8677   R_MF
9.0809   5.7965   2.251    R_PCF
8.5318   4.0205   1.7373   R_CB
7.6638   4.6397   2.731    R_CL
7.9132   2.56     5.1899   R_COR
7.2783   1.6379   4.332    R_NOT
7.1623   0.5358   4.7986   R_CND
9.0991   8.4217   3.6735   L_I12
8.5785   8.2803   3.6085   L_I2C
7.9498   7.9316   3.3671   L_CP3
7.5299   7.4222   3.3104   L_P34
7.1392   7.0475   3.181    L_P4M1
6.625    6.6146   3.1141   L_M12
6.0497   6.0754   3.0401   L_M23
5.2843   5.5374   3.0876   L_DM3
7.766    7.9777   1.8534   L_MF
6.9566   7.5564   2.3969   L_PCF
5.3419   6.7691   1.9195   L_CB
6.0817   6.0113   2.7885   L_CL
3.8788   6.0142   5.201    L_COR
3.2429   5.275    4.3252   L_NOT
2.1801   4.8823   4.8899   L_CND
9.5395   7.6944   2.9187   O1
8.725    4.6126   2.0782   O2
4.3622   6.043    2.2732   O3
7.0683   1.0902   3.1075   O4








































9.3847   8.25     3.7292   I_SYM
9.2955   8.146    3.7204
9.2073   8.0733   3.7012
9.1681   7.9943   3.6809
9.0941   7.9495   3.6649
9.0312   7.8704   3.6189
8.9213   7.7555   3.5901
8.8256   7.6799   3.5359
8.761    7.5485   3.4248
8.6655   7.4587   3.3345
8.5893   7.3957   3.258
8.5022   7.3263   3.1563
8.4455   7.275    3.1054
8.421    7.237    3.0241
8.4145   7.1862   2.9153
8.4319   7.1659   2.7326
8.4532   7.2067   2.6289
8.4559   7.1698   2.4883
8.4456   7.1577   2.3823
8.4913   7.173    2.2798
8.4801   7.1636   2.2082
8.4347   7.0969   2.0943
8.3845   7.0529   2.0577
8.3201   6.9976   2.0351
8.2769   6.9541   2.0072
8.2065   6.8815   1.9474
8.1736   6.8286   1.8546
8.15     6.8039   1.69
8.1848   6.8487   1.5153
8.2873   6.9008   1.3548
8.335    6.9821   1.2392
8.4148   7.0384   1.1824








































































































































































7.9285   2.5459   5.182    R_RAM
7.9648   2.6968   5.1896
7.9977   2.8723   5.1041
8.0023   2.9067   4.9769
8.0007   2.9806   4.795
8.0018   3.0357   4.6538
8.0081   3.0448   4.5245
8.0072   3.0538   4.4271
8.0004   3.0775   4.3071
8.0042   3.0637   4.1603
8.0052   3.0673   4.0169
8.0098   3.088    3.8853
8.0044   3.1039   3.7795
8.0021   3.1426   3.6802
8.0025   3.1505   3.5745
8.018    3.1678   3.4382
7.9967   3.1837   3.3622
8.0226   3.1522   3.1135
8.046    3.2008   2.9113
8.0684   3.2494   2.8134
8.0787   3.2686   2.7192
8.1009   3.3084   2.601
8.1395   3.3229   2.479
8.1332   3.325    2.3638
8.1741   3.393    2.2878
8.2139   3.4345   2.1493
8.2473   3.4669   2.0481
8.2893   3.5046   1.9744
8.3383   3.5603   1.8928
8.361    3.6249   1.8374










































































































































































3.828    5.9906   5.1845   L_RAM
3.9335   6.0813   5.2003
4.0695   6.1551   5.1674
4.1741   6.2088   5.0812
4.2494   6.23     4.967
4.3398   6.2461   4.8066
4.3694   6.2369   4.6591
4.4536   6.2382   4.4341
4.5007   6.2421   4.2409
4.5071   6.2396   4.0321
4.5008   6.2242   3.9183
4.5379   6.2237   3.784
4.5255   6.2087   3.6967
4.5444   6.1979   3.6147
4.5589   6.1996   3.518
4.5689   6.2024   3.4575
4.5755   6.206    3.3948
4.5165   6.2265   3.1503
4.5266   6.2311   3.0728
4.5332   6.2308   2.9313
4.5695   6.2486   2.8627
4.5997   6.2674   2.7249
4.5974   6.2691   2.6207
4.6075   6.2757   2.5083
4.6588   6.308    2.4243
4.7      6.335    2.3009
4.7542   6.3534   2.2255
4.8077   6.414    2.0974
4.8102   6.4609   2.0611
4.8436   6.466    1.9758
4.902    6.5026   1.8881
4.9461   6.5522   1.801








































































































































































10.6927  9.735    2.639    MMF
10.0072  9.0602   3.7152   GNA
10.4752  10.1043  1.8852   O1
7.4893   9.1896   2.927    O2
9.1125   4.9152   2.8906   O3
3.9823   7.3079   2.1449   O4




10.9975  9.998    1.1749   E_SYM
10.9822  10.0312  1.3271
10.9443  9.9831   1.4808
10.9314  9.9705   1.5963
10.8993  9.9082   1.7814
10.8574  9.9186   1.8807
10.8666  9.8867   2.0027
10.8216  9.8617   2.1658
10.8053  9.8398   2.2746
10.7799  9.8027   2.3993
10.7386  9.7567   2.5248
10.6671  9.7421   2.6859
10.6338  9.719    2.7571
10.6147  9.6428   2.8592
10.567   9.6231   2.9526
10.5015  9.5703   3.0907
10.4574  9.5244   3.153
10.3646  9.4542   3.3173
10.3379  9.3938   3.3928
10.3147  9.3343   3.4609
10.2704  9.2864   3.5277
10.1969  9.235    3.6091
10.1613  9.1668   3.6662
10.0987  9.1331   3.7066
10.0649  9.0782   3.7188















































































































































































3.6124   6.3862   0.8182   R_PRAM
3.5505   6.4771   0.8967
3.4863   6.5615   1.0245
3.4326   6.6158   1.1547
3.3947   6.6329   1.302
3.4097   6.6744   1.4218
3.4072   6.6856   1.5768
3.4189   6.7103   1.7197
3.4189   6.7421   1.8454
3.4275   6.756    1.9648
3.4497   6.7895   2.0896
3.4546   6.8047   2.244
3.4753   6.8223   2.4183
3.4551   6.8442   2.5486
3.4934   6.866    2.6688
3.5208   6.8742   2.7446
3.527    6.8987   2.8779
3.5303   6.9074   2.9718
3.5832   6.8875   3.1067
3.6018   6.9057   3.3157
3.7059   6.9211   3.4815
3.7604   6.9372   3.5782
3.8256   6.9345   3.6953
3.8773   6.9829   3.7965
3.9245   6.9909   3.9059
4.0125   7.0186   4.0179
4.0542   7.0416   4.067
4.1151   7.076    4.1108
4.1608   7.0964   4.1859
4.262    7.1493   4.225
4.3255   7.1719   4.2678
4.3885   7.2048   4.35
4.4813   7.2493   4.4643
4.5728   7.3021   4.5348
4.7238   7.3526   4.5836
4.8304   7.3865   4.6358
4.9303   7.4603   4.6763
5.0352   7.5112   4.717
5.1607   7.5415   4.764
5.2666   7.5836   4.7655
5.3704   7.6274   4.7649
5.4759   7.6798   4.7574
5.5753   7.7513   4.7478
5.6724   7.7998   4.7205
5.7581   7.8666   4.7105
5.7811   7.903    4.6835
5.9011   7.9822   4.5922
5.9679   8.0422   4.5774
6.086    8.158    4.5216
6.1756   8.2539   4.4707
6.2929   8.3135   4.4358
6.3295   8.3478   4.4402
6.4377   8.4025   4.4199



















































































































































9999     9999     9999     L_PRAM







































































































































































































6.4614   8.4184   4.4063   ARC
6.5301   8.4745   4.3861
6.69     8.5582   4.3584
6.806    8.6199   4.3163
6.8826   8.6694   4.3357
7.0067   8.7518   4.3265
7.1046   8.8128   4.3169
7.2304   8.8932   4.2991
7.356    8.971    4.2669
7.4747   9.0447   4.2426
7.6416   9.1348   4.2063
7.7816   9.2054   4.1788
7.8945   9.2673   4.1685
8.0544   9.332    4.1227
8.1651   9.3624   4.0857
8.2623   9.4084   4.0504
8.3619   9.4564   4.03
8.4884   9.4941   3.9897
8.6443   9.5386   3.9643
8.7768   9.5538   3.9283
8.8767   9.5655   3.8939
9.031    9.5636   3.8964
9.2158   9.5483   3.8918
9.4041   9.5135   3.9483
9.5549   9.4243   3.8816
9.7195   9.3435   3.7999
9.8193   9.2307   3.7723
9.9031   9.1633   3.7443
9.9988   9.0893   3.7262
10.0741  8.9534   3.7465
10.2202  8.8674   3.7729
10.3244  8.7586   3.8134
10.4031  8.6417   3.8176
10.4243  8.4848   3.8423
10.4737  8.3118   3.8482
10.4572  8.145    3.864
10.4703  7.9903   3.8945
10.4427  7.8643   3.9315
10.4045  7.7372   3.9437
10.3611  7.5668   4.0033
10.3014  7.4082   4.0581
10.2234  7.2354   4.1274
10.1686  7.0806   4.1335
10.1011  6.9562   4.1572
10.0576  6.8788   4.1659
10.0004  6.734    4.1807
9.951    6.6308   4.2019
9.8932   6.5411   4.2295
9.8534   6.456    4.2297
9999     9999     9999
