AMNH     52160    cac10ms.xls
11.5546  8.8496   2.5074   IS
12.6565  9.6773   3.1519   ID
12.7627  9.3343   3.1873   R_I12
12.6854  8.9201   3.3226   R_I2C
12.283   8.3333   3.2798   R_CP3
11.831   7.9438   3.2231   R_P34
11.4856  7.6399   3.2118   R_P4M1
10.9735  7.1893   3.1858   R_M12
10.4045  6.6407   3.2291   R_M23
9.8178   6.0388   3.4525   R_DM3
12.2044  8.0595   1.6676   R_MF
11.8499  7.4311   2.3029   R_PCF
10.8662  5.7802   1.8621   R_CB
10.3205  6.6681   2.7985   R_CL
10.0977  4.6055   5.2795   R_COR
9.2418   3.8675   4.44     R_NOT
8.9072   2.8985   4.9978   R_CND
12.4709  9.9262   3.1491   L_I12
11.9196  9.8209   3.2844   L_I2C
11.2132  9.7119   3.2169   L_CP3
10.683   9.2959   3.2277   L_P34
10.3613  9.0416   3.1699   L_P4M1
9.8549   8.7487   3.156    L_M12
9.2107   8.3127   3.1256   L_M23
8.3705   7.9088   3.3654   L_DM3
10.9859  9.5537   1.6535   L_MF
10.2256  9.3799   2.2338   L_PCF
8.8058   8.9228   2.0345   L_CB
9.173    8.1877   2.8036   L_CL
7.0851   8.8314   5.1645   L_COR
6.2749   8.1115   4.2674   L_NOT
5.0481   8.1317   4.7186   L_CND
12.7349  9.1453   2.4009   O1
11.3061  6.5343   2.1031   O2
7.2843   8.2734   2.3711   O3
9.1022   3.6097   2.7764   O4








































12.5596  9.6194   3.27     I_SYM
12.4135  9.5176   3.2964
12.2537  9.4197   3.2262
12.0881  9.3066   3.1551
11.989   9.2102   3.0327
11.829   9.1179   2.9466
11.7231  9.0499   2.8892
11.649   9.0004   2.8094
11.6125  8.9752   2.7663
11.5981  8.9374   2.7031
11.5762  8.8987   2.6625
11.5359  8.8561   2.5538
11.5489  8.8517   2.3509
11.5862  8.8594   2.2806
11.6453  8.8964   2.2154
11.6171  8.8517   2.1006
11.5026  8.7903   2.0144
11.4074  8.7158   1.9518
11.3119  8.6151   1.8807
11.2359  8.5504   1.7713
11.1593  8.5031   1.6318
11.1254  8.4875   1.5582
11.1166  8.4743   1.4802
11.1053  8.4603   1.3735
11.1395  8.4392   1.2403
11.2019  8.4825   1.124
11.2751  8.5427   1.05
11.3835  8.5998   1.0018












































































































































































10.1145  4.5962   5.2967   R_RAM
10.1899  4.7222   5.2822
10.2591  4.7958   5.2521
10.3072  4.8585   5.1756
10.3624  4.9319   5.0472
10.3934  4.9834   4.9546
10.4372  5.0394   4.8497
10.4474  5.0818   4.7358
10.4846  5.1321   4.542
10.4912  5.167    4.3801
10.4841  5.2149   4.2679
10.4975  5.2397   4.1092
10.4752  5.249    4.0205
10.4763  5.2733   3.9006
10.4722  5.2868   3.8026
10.4535  5.2783   3.7369
10.435   5.2916   3.4088
10.4334  5.3399   3.2365
10.449   5.3928   3.1334
10.4847  5.4506   3.0277
10.4916  5.4655   2.9773
10.5077  5.4796   2.9267


















































































































































































7.075    8.8296   5.1666   L_RAM
7.1862   8.8569   5.1358
7.3227   8.8607   5.0622
7.433    8.8686   4.9316
7.5231   8.8656   4.7984
7.5612   8.8483   4.7158
7.6394   8.8296   4.5199
7.6633   8.8453   4.448
7.6811   8.8293   4.2977
7.7131   8.8096   4.1915
7.7701   8.7574   4.0353
7.772    8.7393   3.9388
7.7692   8.7165   3.6598
7.792    8.6879   3.5456
7.8446   8.6728   3.438
7.8523   8.6447   3.3456
7.8716   8.6477   3.2624
7.9286   8.6441   3.1657
7.9531   8.6371   3.1117
7.9532   8.6447   3.0301
7.9991   8.6493   2.9528
8.0476   8.6457   2.8992


















































































































































































13.6772  12.4586  2.7522   MMF
12.7117  11.7522  3.7042   GNA
13.5266  12.8772  2.1964   O1
10.7041  12.1677  2.8352   O2
11.3372  7.813    2.7002   O3
7.3289   10.7847  2.5573   O4




13.9794  12.6283  1.4454   E_SYM
14.0108  12.6251  1.6187
13.9827  12.6118  1.7081
13.9619  12.5746  1.8159
13.9355  12.5718  1.9169
13.9447  12.5479  2.0053
13.916   12.5392  2.1237
13.8721  12.5066  2.1767
13.8555  12.5296  2.2834
13.8296  12.5151  2.3535
13.8389  12.5015  2.4137
13.814   12.4994  2.4563
13.7748  12.4686  2.5801
13.7439  12.4571  2.6586
13.6966  12.4629  2.7343
13.693   12.438   2.7719
13.6638  12.4102  2.837
13.5689  12.3971  2.9833
13.5342  12.3561  3.0554
13.4736  12.3086  3.14
13.4413  12.2349  3.2286
13.3007  12.169   3.348
13.2523  12.1257  3.4356
13.1897  12.0746  3.4979
13.1482  12.0544  3.5233
13.0921  12.0174  3.5878
13.1523  12.0848  3.4913
13.0661  12.0251  3.5847
13.0056  11.9594  3.6275
12.9462  11.9327  3.6659
12.8727  11.8919  3.6855
12.8197  11.8661  3.7028
12.7795  11.8125  3.7
12.7229  11.7553  3.6961






































































































































































6.4875   9.7381   0.8183   R_PRAM
6.4615   9.883    0.9518
6.3901   9.9787   1.0621
6.3677   10.0184  1.1591
6.3454   10.028   1.345
6.2933   10.0554  1.5037
6.2958   10.0919  1.6268
6.2976   10.1236  1.7299
6.2991   10.1496  1.8281
6.322    10.1593  1.9335
6.3094   10.1589  2.0378
6.3407   10.1749  2.1489
6.3347   10.178   2.2725
6.3377   10.1582  2.3457
6.3757   10.1473  2.5282
6.3833   10.1301  2.668
6.3877   10.1015  2.8834
6.3966   10.0724  3.0635
6.4298   10.0605  3.1632
6.4963   10.0521  3.3213
6.5099   10.0579  3.4179
6.5488   10.0741  3.5361
6.5912   10.1098  3.7106
6.6344   10.115   3.8214
6.7292   10.1491  3.9532
6.7859   10.1479  4.067
6.8544   10.1731  4.1381
6.983    10.2284  4.2527
7.0795   10.2645  4.3284
7.1571   10.3103  4.359
7.2694   10.2976  4.4097
7.4403   10.3684  4.4135
7.5459   10.4171  4.4184
7.6088   10.4576  4.451
7.7203   10.5152  4.4521
7.8176   10.5696  4.448
7.9291   10.578   4.4158
8.066    10.6528  4.3819
8.2069   10.7096  4.363
8.3142   10.76    4.3059
8.4348   10.8246  4.2751
8.5735   10.9043  4.2542
8.7571   11.0206  4.1424
8.843    11.0766  4.1169
8.9062   11.1257  4.1073
9.0103   11.1805  4.0887
9.1063   11.2537  4.0819
9.1619   11.2847  4.0688
9.2711   11.3395  4.0523
9.3349   11.3989  4.0571
9.3825   11.4114  4.0519
9.4934   11.4674  4.0271
9.5769   11.5083  4.0392



















































































































































9.4649   6.033    0.768    L_PRAM
9.5681   5.9579   0.883
9.6089   5.9474   0.9422
9.6294   5.9154   1.0472
9.6792   5.8952   1.1614
9.679    5.8833   1.2987
9.6792   5.8678   1.4508
9.6919   5.855    1.6015
9.6973   5.8656   1.7807
9.7214   5.8473   1.9026
9.7264   5.852    2.0029
9.7466   5.8519   2.1209
9.7489   5.8434   2.2375
9.7508   5.8316   2.3736
9.7237   5.8413   2.533
9.7045   5.8477   2.6881
9.7042   5.8408   2.8565
9.7095   5.8622   3.0192
9.6571   5.9223   3.1531
9.6813   5.9547   3.3032
9.6797   6.0305   3.4348
9.6711   6.0821   3.5056
9.7318   6.1105   3.6724
9.7663   6.1959   3.8615
9.8312   6.2872   4.0225
9.8641   6.4125   4.1487
9.9308   6.5644   4.2551
9.9979   6.6568   4.3189
10.0662  6.7913   4.3426
10.1312  6.9053   4.3892
10.1688  6.9878   4.4015
10.264   7.1833   4.4256
10.3616  7.3451   4.4249
10.4535  7.4688   4.4223
10.5636  7.5948   4.3801
10.6898  7.7473   4.3213
10.8023  7.8733   4.259
10.9131  7.9529   4.1906
10.9887  8.0495   4.1706
11.1051  8.1882   4.1234
11.2105  8.2796   4.0891
11.261   8.3532   4.1018
11.3486  8.4376   4.0602
11.4174  8.4998   4.0682
11.4904  8.5947   4.0465
11.5662  8.7023   4.0512
11.6026  8.7471   4.0455
11.7034  8.8295   4.0673
























































































































































9.6063   11.5044  4.0244   ARC
9.6951   11.506   4.0158
9.8273   11.5553  4.0028
9.9439   11.6087  3.9985
10.0833  11.6507  3.9935
10.2125  11.6906  3.9824
10.3419  11.7301  3.9716
10.5231  11.8189  3.9695
10.6666  11.8824  3.9607
10.7921  11.9594  3.9603
10.9525  12.0169  3.9445
11.079   12.0627  3.94
11.1899  12.103   3.9391
11.3097  12.1271  3.9005
11.4616  12.1749  3.8938
11.5574  12.1941  3.8824
11.6681  12.2237  3.8779
11.8072  12.2583  3.8653
11.8727  12.2449  3.8473
11.9501  12.2509  3.8352
12.0657  12.2124  3.8161
12.1642  12.207   3.8042
12.2543  12.1909  3.8208
12.4184  12.1008  3.7806
12.4987  12.0816  3.778
12.584   12.0263  3.7388
12.6656  11.9263  3.7331
12.7584  11.8322  3.7029
12.7989  11.6802  3.7189
12.8432  11.6076  3.7607
12.884   11.4713  3.8042
12.9414  11.3957  3.83
12.9204  11.2369  3.8525
12.9204  11.1165  3.8608
12.9169  10.9244  3.8712
12.9034  10.7522  3.9126
12.8211  10.5649  3.9588
12.7427  10.3967  3.9654
12.6418  10.1832  3.9735
12.5462  10.0101  3.9786
12.4938  9.8994   3.9956
12.3123  9.6823   4.0206
12.1872  9.5134   4.0283
12.0908  9.3673   4.041
11.986   9.2303   4.0399
11.8902  9.0969   4.06
11.8168  8.9971   4.0588
11.7862  8.9256   4.0512
11.7876  8.8624   4.0579
11.7607  8.7799   4.0531
