AMNH     52181    cac23ms.xls
8.6849   8.3528   2.5057   IS
9.5902   9.1917   3.4775   ID
9.7934   8.8063   3.4934   R_I12
9.7836   8.4898   3.4062   R_I2C
9.6029   7.9156   3.2584   R_CP3
9.2221   7.4275   3.1532   R_P34
8.8238   7.0294   3.1138   R_P4M1
8.399    6.5647   3.0557   R_M12
7.8928   6.0795   3.004    R_M23
7.3982   5.2573   2.982    R_DM3
9.4324   7.8862   1.7301   R_MF
9.4915   7.451    2.0417   R_PCF
8.7128   5.2035   1.8773   R_CB
7.7988   6.08     2.6918   R_CL
7.8433   3.1847   5.3822   R_COR
6.9883   2.8804   4.2424   R_NOT
6.8778   2.1003   4.5742   R_CND
9.3292   9.3701   3.5379   L_I12
8.8484   9.2467   3.4236   L_I2C
8.3485   9.1967   3.2267   L_CP3
7.8835   8.7802   3.152    L_P34
7.4797   8.4826   3.0332   L_P4M1
6.9552   8.0136   2.9757   L_M12
6.4926   7.6083   2.9699   L_M23
5.6758   7.1142   2.9535   L_DM3
8.2737   9.091    1.7358   L_MF
7.4328   8.9054   2.1451   L_PCF
5.751    8.3018   1.8195   L_CB
6.6043   7.5329   2.6317   L_CL
3.5536   7.6969   5.4023   L_COR
3.2413   7.0175   4.2898   L_NOT
2.4482   7.0746   4.4585   L_CND
9.7416   8.6485   2.5125   O1
9.0556   6.395    2.3681   O2
4.0048   7.1673   2.1299   O3
7.0749   2.887    3.0426   O4








































9.5015   9.1337   3.4804   I_SYM
9.3973   9.0341   3.4697
9.3495   8.9578   3.4197
9.2807   8.9154   3.3805
9.2449   8.8367   3.3249
9.188    8.7919   3.2801
9.0821   8.7568   3.2288
9.0594   8.6995   3.1521
9.0135   8.6604   3.1155
8.973    8.6241   3.0765
8.8985   8.5777   3.011
8.854    8.5447   2.9499
8.8071   8.482    2.8902
8.7522   8.466    2.8066
8.7347   8.4335   2.7608
8.7185   8.416    2.6951
8.6797   8.4088   2.6642
8.6586   8.4027   2.5987
8.6807   8.3602   2.5013
8.6832   8.3533   2.4412
8.7018   8.3399   2.3277
8.7095   8.3557   2.2285
8.7513   8.3693   2.1438
8.7839   8.4033   2.0699
8.8113   8.4085   1.9891
8.7385   8.3279   1.9129
8.6357   8.2988   1.8776
8.5905   8.2392   1.8462
8.5377   8.147    1.7987
8.5226   8.1029   1.7605
8.4968   8.0896   1.7362
8.468    8.0796   1.6714
8.4694   8.0488   1.6289
8.5003   8.055    1.439
8.5493   8.0691   1.373
8.5808   8.1243   1.3014
8.6328   8.1629   1.2031
8.7015   8.2027   1.1326


































































































































































7.6534   3.0723   5.37     R_RAM
7.7257   3.1506   5.3993
7.7851   3.1881   5.4248
7.8589   3.2763   5.4205
7.9333   3.3791   5.3723
7.976    3.5246   5.2635
7.9953   3.6605   5.1716
8.0069   3.724    5.0698
8.0354   3.8173   4.9503
8.0717   3.8968   4.8309
8.1132   3.9408   4.7047
8.1358   3.9784   4.5828
8.171    4.02     4.4887
8.2      4.07     4.3547
8.215    4.0785   4.2699
8.2266   4.1162   4.2126
8.1997   4.1918   3.8654
8.2009   4.239    3.6691
8.1968   4.264    3.4977
8.2003   4.2823   3.3464
8.1909   4.3318   3.2454
8.2109   4.3695   3.1401
8.1906   4.3768   3.0572
8.185    4.3737   2.8294
8.2199   4.4384   2.6144
8.2625   4.4651   2.4879
8.2795   4.5129   2.4228
8.33     4.5726   2.3115
8.3735   4.602    2.2057
8.429    4.6607   2.1334
8.4404   4.6761   2.0973
8.4906   4.751    2.031
8.5595   4.8338   1.9359







































































































































































3.5433   7.7464   5.403    L_RAM
3.6017   7.7737   5.415
3.7281   7.8373   5.3861
3.8154   7.8618   5.3262
3.9512   7.8699   5.2497
4.033    7.891    5.1685
4.1135   7.8742   5.117
4.1835   7.894    5.0369
4.2721   7.9232   4.9049
4.3498   7.9315   4.7868
4.3993   7.9629   4.6778
4.4316   7.9735   4.5944
4.4841   7.9709   4.5482
4.4995   7.9823   4.4698
4.5544   7.9786   4.3818
4.5882   7.9854   4.2845
4.5944   7.9851   4.2724
4.6141   7.9832   4.2255
4.6519   7.9781   4.139
4.66     7.9724   3.9985
4.6947   7.9455   3.8138
4.7041   7.9235   3.6948
4.6909   7.9034   3.5819
4.7003   7.894    3.4894
4.6914   7.8648   3.377
4.6964   7.848    3.2978
4.7538   7.8636   3.1534
4.7332   7.8422   3.0454
4.7792   7.8414   2.9081
4.813    7.856    2.8306
4.8376   7.8571   2.7068
4.8874   7.8661   2.5671
4.9161   7.9299   2.3777
5.0058   7.954    2.2255
5.0394   7.9956   2.1301
5.0828   8.0054   2.0982
5.1289   8.0323   2.0314
5.1627   8.0481   1.9928
5.1823   8.0889   1.9412
5.2438   8.1295   1.8937
































































































































































7.7413   7.4412   2.3964   MMF
7.1214   6.9343   3.4668   GNA
7.4772   7.7233   1.8251   O1
5.154    7.27     2.4339   O2
5.671    2.2026   3.1909   O3
1.5535   5.4923   2.4217   O4




7.8941   7.533    0.9892   E_SYM
7.8926   7.5493   1.1478
7.9037   7.5294   1.2531
7.8855   7.4994   1.3487
7.8917   7.5068   1.4482
7.8768   7.5092   1.549
7.8805   7.5103   1.6222
7.8758   7.5079   1.743
7.8489   7.5192   1.7814
7.8679   7.4662   1.8767
7.8469   7.4718   1.9556
7.8343   7.4676   2.0652
7.8266   7.4601   2.1459
7.8002   7.4274   2.2605
7.7879   7.4064   2.3598
7.7572   7.4058   2.5026
7.7052   7.3586   2.5906
7.7126   7.3941   2.4923
7.6784   7.379    2.5836
7.6646   7.3428   2.6578
7.6122   7.304    2.7833
7.5857   7.2631   2.9409
7.5053   7.1946   3.0558
7.461    7.1456   3.1297
7.42     7.098    3.2333
7.3659   7.0582   3.3053
7.3129   7.0312   3.3446
7.2729   6.9769   3.4058
7.2179   6.9722   3.4344
7.149    6.9049   3.4741










































































































































































0.6563   4.1604   1.5935   R_PRAM
0.603    4.2967   1.6547
0.5838   4.3478   1.7317
0.5739   4.412    1.776
0.5439   4.4559   1.8819
0.5668   4.5009   1.9744
0.5935   4.5499   2.122
0.5899   4.5879   2.2232
0.6335   4.6261   2.3079
0.6398   4.6511   2.3679
0.6515   4.7064   2.451
0.6828   4.7086   2.5283
0.7239   4.7479   2.6115
0.7205   4.7816   2.7153
0.7491   4.8242   2.7976
0.7745   4.847    2.8821
0.7879   4.8533   2.9362
0.8187   4.8794   3.0068
0.8439   4.8656   3.074
0.8461   4.8816   3.1431
0.9122   4.8778   3.239
1.0024   4.8946   3.4012
1.0504   4.8904   3.5128
1.1133   4.8965   3.6147
1.1817   4.8715   3.7196
1.2515   4.8364   3.8492
1.3325   4.8452   3.9499
1.4431   4.9343   4.1318
1.5182   4.9834   4.1657
1.6094   4.9932   4.253
1.691    5.0541   4.3013
1.7937   5.0926   4.3551
1.8673   5.1461   4.4102
1.9349   5.2082   4.4288
1.9965   5.1518   4.4632
2.1372   5.2826   4.4964
2.236    5.3623   4.49
2.3258   5.4465   4.4898
2.4163   5.5001   4.4849
2.4987   5.5593   4.49
2.6207   5.6518   4.4815
2.6841   5.6977   4.4816
2.8067   5.7524   4.4694
2.9411   5.8332   4.4483
3.041    5.8887   4.381
3.1445   5.9687   4.3556
3.2276   6.0207   4.3254
3.2626   6.0698   4.3179
3.3093   6.1291   4.3018
3.3546   6.1622   4.3088
3.4251   6.1945   4.2973
3.4755   6.2358   4.2851
3.5401   6.2949   4.2543
3.5901   6.3614   4.2291
3.6207   6.4111   4.2161
3.6891   6.4637   4.1817
3.7047   6.5047   4.169
3.7139   6.4893   4.1909
3.8626   6.5874   4.1508













































































































































4.1331   0.671    1.5625   L_PRAM
4.1987   0.6533   1.6419
4.2512   0.6676   1.7549
4.2959   0.6714   1.8127
4.3317   0.6684   1.9103
4.3975   0.6554   2.0846
4.4176   0.6578   2.1839
4.4611   0.6818   2.3153
4.513    0.7327   2.4221
4.523    0.7631   2.5095
4.5591   0.7965   2.6176
4.5726   0.8266   2.7133
4.6089   0.8585   2.7963
4.6131   0.9176   2.9118
4.608    0.9469   2.9951
4.6073   0.9592   3.0983
4.5955   0.9765   3.2471
4.615    0.9841   3.3434
4.6205   1.0163   3.4446
4.6445   1.069    3.5124
4.6305   1.1239   3.601
4.6532   1.2275   3.7285
4.6588   1.2818   3.7823
4.6365   1.3435   3.8959
4.6584   1.3895   3.985
4.6332   1.4327   4.0556
4.636    1.4041   4.0599
4.6751   1.533    4.1874
4.6763   1.5928   4.3167
4.7048   1.7558   4.4594
4.7623   1.8711   4.4876
4.7749   1.9832   4.5454
4.8269   2.1282   4.5845
4.8752   2.2584   4.6099
4.9436   2.3682   4.6045
4.9796   2.44     4.6042
5.0452   2.5629   4.5834
5.0939   2.6539   4.5623
5.1401   2.7308   4.5216
5.1933   2.7945   4.5242
5.2763   2.9331   4.4997
5.3356   2.9925   4.4495
5.3958   3.0604   4.4279
5.4623   3.1491   4.4069
5.5213   3.2156   4.3974
5.6268   3.3398   4.3785
5.6962   3.4012   4.3429
5.7392   3.4523   4.3535
5.8224   3.542    4.348
5.856    3.5933   4.3317
5.9423   3.6805   4.2786
5.9671   3.711    4.2741
5.9948   3.7356   4.2532
6.0655   3.8233   4.2455


















































































































































3.9053   6.596    4.1211   ARC
3.9909   6.6315   4.1045
4.0807   6.6846   4.0949
4.1427   6.6921   4.0703
4.2503   6.7444   4.0705
4.3321   6.7904   4.0499
4.3804   6.8035   4.0358
4.4876   6.8451   4.023
4.5956   6.8886   3.9834
4.7223   6.964    3.9177
4.8044   6.9982   3.8896
4.8965   7.036    3.8681
5.0363   7.0912   3.844
5.1465   7.1164   3.8184
5.2212   7.1402   3.8056
5.3292   7.1901   3.7836
5.4591   7.2429   3.765
5.5606   7.2639   3.7338
5.7017   7.3073   3.7034
5.8456   7.3396   3.662
5.998    7.3466   3.6225
6.1269   7.3444   3.5902
6.2545   7.3489   3.5735
6.3436   7.3387   3.5468
6.4495   7.3332   3.5405
6.5401   7.3057   3.534
6.6199   7.2923   3.5095
6.7196   7.232    3.5031
6.8281   7.178    3.4924
6.9282   7.106    3.4941
7.0265   7.0471   3.4808
7.126    6.9605   3.4686
7.2467   6.8201   3.4645
7.2819   6.7575   3.4833
7.3952   6.6429   3.4773
7.4205   6.5417   3.5043
7.4173   6.4245   3.5487
7.4298   6.3193   3.565
7.4168   6.2385   3.6048
7.3948   6.0681   3.6727
7.3842   5.963    3.719
7.4006   5.8633   3.748
7.3644   5.731    3.7953
7.3494   5.5797   3.8423
7.3145   5.4338   3.8984
7.2839   5.2946   3.9309
7.25     5.1821   3.9679
7.2314   5.0942   3.9889
7.1331   4.9773   4.0048
6.9933   4.7958   4.0287
6.9094   4.6467   4.0552
6.7821   4.4708   4.0739
6.689    4.3216   4.0986
6.5627   4.1488   4.1207
6.4588   4.0508   4.1544
6.3605   3.9555   4.1871
6.2743   3.8616   4.1983
6.2606   3.8455   4.1917
6.1677   3.8095   4.2264
