AMNH     52174    cac20ms.xls
8.2619   8.7025   3.0646   IS
9.3733   9.7871   3.8044   ID
9.5807   9.4757   3.904    R_I12
9.4847   9.0436   3.9316   R_I2C
9.3169   8.4751   3.8556   R_CP3
8.8618   7.9327   3.7943   R_P34
8.4854   7.4525   3.7658   R_P4M1
8.0753   6.9203   3.7895   R_M12
7.6655   6.2755   3.7841   R_M23
7.1706   5.3728   4.0421   R_DM3
9.2076   7.9044   2.455    R_MF
8.9624   7.3898   2.8174   R_PCF
8.3028   5.5661   2.48     R_CB
7.4895   6.2839   3.5773   R_CL
7.7225   3.514    6.0314   R_COR
7.1379   2.8985   5.2751   R_NOT
7.0776   1.9251   5.6285   R_CND
8.9996   9.9584   3.8917   L_I12
8.4887   9.8777   3.9376   L_I2C
7.8823   9.7099   3.8514   L_CP3
7.4048   9.0658   3.8599   L_P34
7.0102   8.6198   3.8167   L_P4M1
6.553    8.1577   3.8087   L_M12
6.0638   7.6074   3.7921   L_M23
5.2811   6.9817   3.9744   L_DM3
7.4386   9.2847   2.1903   L_MF
6.9455   9.1468   2.9651   L_PCF
5.3227   8.1688   2.5995   L_CB
6.1338   7.4768   3.5058   L_CL
3.1083   7.0263   5.9847   L_COR
2.8442   6.4782   5.2393   L_NOT
1.8424   6.1042   5.4352   L_CND
9.4493   9.2163   3.0269   O1
8.4453   6.2512   3.1604   O2
3.999    7.1706   3.2184   O3
6.9783   2.4953   4.0792   O4








































9.1905   9.694    3.9248   I_SYM
9.0856   9.5853   3.9312
8.9692   9.4548   3.8962
8.908    9.3752   3.8468
8.8215   9.2995   3.8164
8.7494   9.2199   3.7656
8.6412   9.1391   3.6881
8.5964   9.0631   3.6307
8.5478   8.9757   3.5266
8.5025   8.9296   3.4548
8.4415   8.8715   3.4096
8.3916   8.8201   3.3421
8.3543   8.7765   3.2817
8.3084   8.752    3.2072
8.2742   8.7366   3.147
8.2685   8.7181   3.0956
8.2667   8.6875   3.0149
8.2613   8.6836   2.9525
8.27     8.7071   2.8452
8.2751   8.7447   2.7265
8.3164   8.7545   2.6357
8.2515   8.6801   2.5673
8.1705   8.5809   2.5138
8.0949   8.4718   2.4511
8.0207   8.4245   2.4021
7.945    8.3837   2.2987
7.955    8.3083   2.1904
7.9158   8.2793   2.1023
7.9324   8.2632   1.9936
7.9224   8.261    1.9569
7.9151   8.2789   1.8492
7.9589   8.2549   1.794
8.032    8.3178   1.671







































































































































































7.7749   3.4432   6.0023   R_RAM
7.8277   3.544    6.0217
7.8825   3.6763   6.0271
7.8896   3.7721   6.0253
7.9033   3.8667   5.976
7.9382   3.9707   5.8955
7.9426   4.0563   5.8602
7.9705   4.1388   5.7494
7.9655   4.1967   5.695
7.9951   4.2624   5.5866
8.0062   4.3338   5.4495
8.0414   4.3844   5.2821
8.0418   4.4867   5.0523
8.0413   4.4801   4.9593
8.0435   4.4646   4.8034
8.0248   4.4586   4.6572
7.9899   4.5015   4.488
7.99     4.5022   4.4093
7.9529   4.4976   4.0773
7.9472   4.5378   3.8726
7.9552   4.5711   3.6642
7.9478   4.5967   3.5475
7.954    4.6162   3.3607
7.9601   4.6624   3.1882
7.9652   4.7015   3.0803
7.9765   4.7099   2.9856
8.0054   4.797    2.8238
8.0341   4.8261   2.7105
8.0665   4.8559   2.5904
8.0974   4.9046   2.5399










































































































































































3.047    7.0583   5.9537   L_RAM
3.1353   7.1435   5.9861
3.2051   7.1989   5.9735
3.2832   7.2628   5.9641
3.34     7.2972   5.9712
3.4049   7.3618   5.9581
3.5038   7.4267   5.9056
3.6668   7.4675   5.8219
3.7171   7.5047   5.7404
3.7948   7.5331   5.682
3.8722   7.5572   5.587
3.9046   7.5974   5.5267
3.9489   7.6181   5.4338
3.9565   7.6417   5.3552
4.0215   7.6595   5.2403
4.0482   7.6611   5.1202
4.068    7.6481   4.81
4.1075   7.5978   4.6123
4.1159   7.5822   4.4718
4.1291   7.572    4.3033
4.1699   7.5491   4.1699
4.2062   7.5349   4.069
4.2502   7.5485   3.9321
4.2754   7.5478   3.777
4.2839   7.5773   3.6394
4.3362   7.5789   3.4778
4.3406   7.5847   3.3536
4.3374   7.6045   3.2448
4.399    7.6183   3.182
4.4034   7.6384   3.0628
4.4114   7.6469   2.9588
4.4686   7.6798   2.849
4.4836   7.679    2.7919
4.5387   7.7086   2.6129
4.5991   7.7286   2.5652





































































































































































7.2748   7.2205   3.5343   MMF
6.5303   6.2528   4.3997   GNA
7.08     7.7647   2.905    O1
4.3181   6.1869   2.8851   O2
6.0745   1.9842   2.6917   O3
0.8956   4.0132   2.0712   O4




7.6049   7.7944   2.1617   E_SYM
7.6141   7.7649   2.2855
7.5858   7.6873   2.4685
7.5717   7.6309   2.6547
7.5274   7.6054   2.7724
7.4767   7.5385   2.9341
7.4145   7.5143   3.0707
7.369    7.4597   3.1888
7.323    7.3922   3.3035
7.2751   7.3403   3.429
7.2293   7.2691   3.531
7.1862   7.1966   3.6301
7.1211   7.0907   3.7598
7.0178   6.9956   3.892
6.9473   6.8838   4.0018
6.9072   6.7773   4.0935
6.8663   6.6796   4.1791
6.8351   6.5827   4.2465
6.7734   6.5317   4.3075
6.7371   6.4467   4.3755
6.6914   6.387    4.3951
6.6623   6.3284   4.4042
6.5781   6.2584   4.4033

















































































































































































0.8312   3.0817   0.7326   R_PRAM
0.7915   3.1147   0.8039
0.7555   3.1704   0.8829
0.6773   3.2096   0.9485
0.6169   3.242    1.0029
0.5655   3.2421   1.1389
0.5017   3.2507   1.2537
0.4511   3.2493   1.4025
0.4152   3.2569   1.5685
0.4032   3.3047   1.6991
0.4188   3.3537   1.8666
0.4032   3.3887   2.0797
0.4109   3.4049   2.2
0.4261   3.4408   2.3885
0.4455   3.4617   2.5253
0.4718   3.4627   2.6704
0.4787   3.4859   2.8083
0.5163   3.4373   2.9825
0.5442   3.3978   3.1291
0.571    3.3652   3.2298
0.6502   3.3233   3.3735
0.7244   3.2928   3.4737
0.8357   3.2487   3.5834
0.8819   3.2356   3.6498
0.9582   3.2263   3.7413
1.0174   3.2182   3.8464
1.1093   3.2091   3.9938
1.1991   3.2294   4.1214
1.2705   3.2488   4.2535
1.3682   3.2972   4.3392
1.4567   3.3388   4.4443
1.5691   3.4025   4.5421
1.7381   3.4845   4.5791
1.8474   3.556    4.6198
1.9192   3.618    4.6456
2.0031   3.7058   4.6409
2.138    3.7568   4.6719
2.2554   3.8485   4.6982
2.4233   3.9479   4.6837
2.5164   4.0479   4.701
2.6016   4.1331   4.7048
2.7318   4.2116   4.7385
2.8431   4.3618   4.6975
2.9875   4.4621   4.6566
3.057    4.5635   4.6492
3.159    4.6664   4.6298
3.235    4.72     4.641
3.2971   4.7667   4.6334
3.362    4.869    4.6477























































































































































4.488    0.074    0.8676   L_PRAM
4.5093   0.0306   0.9778
4.553    -0.0585  1.0882
4.6047   -0.0948  1.2823
4.6291   -0.1985  1.4364
4.6474   -0.2268  1.5836
4.6859   -0.1945  1.6833
4.7241   -0.2062  1.7859
4.7475   -0.1713  1.9513
4.8093   -0.1722  2.115
4.8511   -0.1695  2.2577
4.8495   -0.1664  2.3917
4.9246   -0.1499  2.6138
4.8205   -0.1359  2.8562
4.8568   -0.0852  3.0044
4.8055   -0.0389  3.1805
4.7013   0.076    3.3806
4.6943   0.168    3.5165
4.6448   0.2041   3.6069
4.6572   0.2183   3.6438
4.644    0.2803   3.7967
4.625    0.378    3.9486
4.6231   0.4473   4.0601
4.6438   0.5164   4.1584
4.6783   0.5889   4.2739
4.7182   0.685    4.3889
4.7585   0.7787   4.4631
4.8023   0.963    4.6082
4.8504   1.1258   4.6549
4.92     1.2466   4.6668
5.0779   1.4564   4.6972
5.1374   1.5747   4.6961
5.2082   1.7194   4.6958
5.2789   1.8401   4.6907
5.3835   2.0062   4.6839
5.4454   2.0953   4.6725
5.5131   2.2136   4.6465
5.6229   2.378    4.6303
5.6762   2.436    4.6331
5.7339   2.4983   4.6232
5.7961   2.5647   4.6005
5.8123   2.6187   4.6123
5.8682   2.69     4.6111





























































































































































3.3424   4.8798   4.6656   ARC
3.4248   4.9669   4.659
3.5378   5.0294   4.6569
3.5815   5.0862   4.6667
3.6589   5.1746   4.6684
3.7436   5.2372   4.6782
3.8408   5.3412   4.6281
3.9234   5.4241   4.6093
4.0162   5.5002   4.5885
4.1039   5.5873   4.595
4.2035   5.6654   4.5889
4.2975   5.7559   4.5833
4.4164   5.8333   4.5558
4.5247   5.9245   4.5461
4.638    6.0053   4.5479
4.7581   6.088    4.5644
4.8879   6.1562   4.5419
5.0197   6.2079   4.5324
5.1301   6.2851   4.5218
5.2753   6.3323   4.5047
5.4349   6.3829   4.4776
5.5511   6.4223   4.474
5.7178   6.4901   4.4771
5.8595   6.5338   4.4732
6.0172   6.538    4.4617
6.1646   6.4996   4.4428
6.2465   6.4633   4.4524
6.3448   6.4115   4.4469
6.4892   6.3706   4.4249
6.6091   6.2434   4.429
6.737    6.1249   4.4426
6.8224   5.9786   4.4509
6.8953   5.8488   4.4372
6.9676   5.7399   4.442
6.9631   5.5534   4.4428
6.9995   5.4266   4.4403
6.989    5.3054   4.4561
6.9893   5.1341   4.4694
6.9814   5.0087   4.4747
6.9338   4.9021   4.4961
6.9089   4.7621   4.5109
6.8681   4.6498   4.5246
6.8396   4.5173   4.5108
6.7471   4.36     4.5176
6.7045   4.2451   4.5314
6.64     4.1402   4.5453
6.6029   3.9997   4.5209
6.5312   3.8603   4.5326
6.4793   3.772    4.5478
6.4029   3.65     4.5559
6.3478   3.5515   4.5388
6.3089   3.4565   4.5328
6.2428   3.3368   4.5445
6.1587   3.2241   4.5601
6.0985   3.1477   4.5679
6.0907   3.0587   4.5755
6.0238   2.9481   4.583
6.0114   2.8917   4.5727
5.971    2.8186   4.575
5.9431   2.7914   4.5884
5.9112   2.7232   4.6074
5.9078   2.6568   4.5907
