AMNH     52190    cac28ms.xls
7.9148   8.9866   3.0391   IS
8.6797   9.7553   3.8847   ID
8.9104   9.3887   3.8269   R_I12
8.8276   9.1094   3.7944   R_I2C
8.6638   8.6352   3.6398   R_CP3
8.26     8.1532   3.5744   R_P34
7.9069   7.7474   3.4581   R_P4M1
7.4497   7.2494   3.3904   R_M12
6.934    6.7004   3.3698   R_M23
6.4992   5.9891   3.5759   R_DM3
8.5792   8.4766   2.2861   R_MF
8.4248   7.9049   2.7487   R_PCF
7.5895   6.0914   2.392    R_CB
6.8518   6.5896   3.1254   R_CL
6.9324   3.9333   5.8194   R_COR
6.3599   3.6334   4.9724   R_NOT
6.2748   2.5817   5.1541   R_CND
8.4219   9.8797   3.8652   L_I12
7.9974   9.8169   3.7696   L_I2C
7.5658   9.6975   3.6475   L_CP3
7.0616   9.3329   3.6005   L_P34
6.6483   8.9895   3.5384   L_P4M1
6.1437   8.5174   3.4493   L_M12
5.5537   8.0614   3.438    L_M23
4.883    7.5546   3.652    L_DM3
7.4085   9.6914   2.3757   L_MF
6.6702   9.4991   2.7534   L_PCF
5.0079   8.8177   2.3074   L_CB
5.6096   8.0434   3.1994   L_CL
3.0021   7.9554   6.0331   L_COR
2.6872   7.4981   5.116    L_NOT
1.7608   7.3803   5.4336   L_CND
8.8917   9.3379   3.2145   O1
7.9163   6.8534   2.5547   O2
3.474    7.8839   3.1824   O3
6.1144   3.2761   3.8366   O4








































8.6639   9.7129   3.9139   I_SYM
8.5849   9.6319   3.8507
8.5061   9.5601   3.7922
8.4042   9.4383   3.6799
8.3762   9.4087   3.6391
8.3028   9.3621   3.5727
8.2392   9.3156   3.5087
8.1494   9.282    3.4401
8.0711   9.246    3.3659
8.0743   9.182    3.3171
8.0226   9.1466   3.2757
7.9711   9.1025   3.2297
7.9145   9.0783   3.1887
7.8973   9.0307   3.1067
7.8474   9.0242   3.0561
7.8704   9.0059   3.0164
7.8877   8.9933   2.9167
7.9005   9.0285   2.8214
7.9702   9.1017   2.7111
7.9113   9.0507   2.6301
7.873    8.9853   2.5747
7.7339   8.9019   2.5086
7.6779   8.8461   2.3955
7.6277   8.8296   2.2754
7.6624   8.8001   2.1363
7.6657   8.8343   2.0101
7.7487   8.8562   1.8872
7.7991   8.9163   1.7809
7.8516   8.9976   1.7046











































































































































































6.9176   3.8748   5.7637   R_RAM
6.9816   3.9322   5.7665
7.0328   4.0281   5.7479
7.0683   4.1016   5.7262
7.1009   4.2048   5.659
7.1072   4.2961   5.609
7.111    4.4003   5.5576
7.1272   4.5136   5.462
7.1471   4.6272   5.3535
7.1495   4.715    5.2355
7.1629   4.7865   5.0896
7.1717   4.8179   4.9934
7.1692   4.8708   4.8529
7.1723   4.9088   4.6765
7.1807   4.9281   4.5428
7.1716   4.943    4.3734
7.1342   4.9632   4.1752
7.1142   5.0074   3.9177
7.0916   4.9928   3.7894
7.0891   4.96     3.6288
7.0449   5.0043   3.4296
7.0294   5.029    3.1601
7.0264   5.05     3.1088
7.0397   5.0783   2.9831
7.0469   5.0864   2.8512
7.0409   5.1103   2.7623
7.0859   5.1719   2.648
7.0956   5.1907   2.6051
7.1394   5.2348   2.5033
7.1665   5.2804   2.4254
7.2405   5.3581   2.3147
7.2737   5.3975   2.2746
7.3562   5.5097   2.1779







































































































































































2.9584   7.9306   5.9961   L_RAM
3.0015   7.9906   6.0201
3.0716   8.0207   6.0279
3.197    8.0548   5.9948
3.312    8.1031   5.9295
3.4461   8.1345   5.8119
3.4912   8.1557   5.7493
3.5913   8.174    5.6352
3.6809   8.2042   5.5094
3.7288   8.2439   5.3844
3.7721   8.2495   5.2868
3.8112   8.2766   5.1491
3.8508   8.2973   4.9754
3.9536   8.3131   4.5327
3.9862   8.2633   4.3381
4.0258   8.2762   4.1355
4.0455   8.287    3.917
4.0332   8.2674   3.7243
4.0126   8.2477   3.4384
4.0523   8.2491   3.1574
4.0526   8.2437   2.9388
4.1341   8.2999   2.805
4.2395   8.3862   2.649
4.2968   8.4521   2.5416
4.3755   8.5183   2.473
4.4688   8.5739   2.4123
4.5062   8.6194   2.3373













































































































































































6.3563   7.3448   2.7621   MMF
5.8191   6.6722   3.6625   GNA
6.129    7.6306   2.1124   O1
3.6743   6.6449   2.96     O2
4.8506   2.269    2.7495   O3
0.1256   4.6738   2.0314   O4




6.5286   7.4385   1.4865   E_SYM
6.5446   7.4592   1.6176
6.5478   7.4671   1.7551
6.5233   7.4638   1.8439
6.5072   7.4765   1.9056
6.4986   7.4625   2.0101
6.4805   7.4624   2.1599
6.4903   7.4526   2.2549
6.489    7.4566   2.3138
6.4655   7.4306   2.3838
6.4522   7.4122   2.4796
6.4286   7.3919   2.5929
6.3969   7.367    2.6888
6.3944   7.3214   2.7762
6.345    7.2911   2.8611
6.307    7.2787   2.9222
6.2595   7.215    3.0032
6.2252   7.1807   3.0792
6.1749   7.179    3.1318
6.1435   7.1278   3.2051
6.0688   7.071    3.2973
6.0362   7.0613   3.3577
5.9862   6.9784   3.4701
5.9785   6.9378   3.4961
5.9251   6.8774   3.5942
5.8884   6.8769   3.6201
5.8482   6.8164   3.6557
5.8383   6.7829   3.664
5.7744   6.7065   3.6911











































































































































































9999     9999     9999     R_PRAM







































































































































































































2.6694   5.6352   4.3429   L_PRAM
2.7541   5.6966   4.3079
2.8142   5.7584   4.2937
2.9027   5.8212   4.2799
2.9724   5.8875   4.2627
3.0463   5.955    4.2659
3.1294   5.9934   4.2444
3.2143   6.055    4.2176
3.2988   6.1139   4.2187
3.3484   6.1609   4.2146
3.4346   6.2187   4.2056
3.5251   6.2702   4.1922
3.6273   6.3636   4.1794
3.715    6.4214   4.1663
3.8154   6.4623   4.1945
3.9077   6.5193   4.1375
3.9848   6.549    4.1385
4.0868   6.5945   4.1121
4.155    6.6295   4.0887
4.2098   6.6679   4.0803
4.3139   6.7259   4.0581
4.3789   6.761    4.047
4.4802   6.8525   4.0339
4.6104   6.8961   3.9894
4.737    6.9249   3.952
4.8478   6.9574   3.8996
4.9273   7.0028   3.8896
5.0415   7.0247   3.8488
5.1161   7.0341   3.8138
5.2034   6.9849   3.7572
5.3084   7.0063   3.7659
5.3945   6.9699   3.753
5.5162   6.9612   3.7416
5.6207   6.8684   3.7173
5.6548   6.8182   3.7267
5.7472   6.7663   3.6905
5.8497   6.6263   3.6813
5.9199   6.5152   3.6958
5.991    6.4627   3.7074
6.0728   6.4005   3.7478
6.1647   6.342    3.7485
6.1505   6.1726   3.7881
6.1774   6.1088   3.8237
6.1881   5.9628   3.8582
6.2163   5.9152   3.8695
6.1492   5.7222   3.92
6.0888   5.5737   3.9757
6.031    5.419    4.0098
5.9638   5.2717   4.0566
5.8913   5.1251   4.0936
5.8342   5.0258   4.1152
5.7703   4.9114   4.1399
5.7202   4.7971   4.1585
5.6561   4.6938   4.1832
5.6008   4.5738   4.1672
5.5071   4.4294   4.1921
5.4431   4.2812   4.23
5.3803   4.1419   4.2294
5.288    4.047    4.2633
5.1514   3.8909   4.2817
5.1222   3.8041   4.29
5.084    3.7433   4.3052
4.9934   3.6134   4.3335
4.947    3.5576   4.3422
4.9072   3.4879   4.3471
4.8829   3.4414   4.3696
4.8394   3.3693   4.3923





































































































































2.6779   5.6063   4.3365   ARC
2.7445   5.6261   4.307
2.8426   5.7249   4.2914
2.9122   5.7962   4.2876
2.9913   5.8403   4.2686
3.0539   5.9095   4.255
3.1483   5.9834   4.2343
3.1728   6.0218   4.2322
3.2724   6.0625   4.2075
3.3748   6.1541   4.2073
3.4831   6.218    4.1766
3.5889   6.3054   4.1841
3.7055   6.3566   4.1582
3.7998   6.4359   4.1538
3.936    6.5299   4.1325
4.0365   6.5541   4.1152
4.1596   6.6324   4.092
4.2074   6.6621   4.0886
4.3106   6.7292   4.0634
4.3859   6.7728   4.0496
4.4662   6.8251   4.0284
4.6167   6.9023   3.9831
4.7075   6.9326   3.9452
4.808    6.9481   3.9039
4.958    6.9613   3.8597
5.0332   7.0193   3.8404
5.1051   7.0054   3.8292
5.2037   7.0277   3.8009
5.2985   7.0316   3.7699
5.3922   6.9813   3.7389
5.468    6.9554   3.7446
5.5266   6.8938   3.7074
5.6156   6.8243   3.6926
5.6955   6.776    3.6863
5.826    6.6727   3.6831
5.9183   6.6023   3.701
5.9913   6.4496   3.7308
6.0538   6.3453   3.7327
6.1172   6.2488   3.7414
6.1479   6.0952   3.8095
6.1504   5.9061   3.8775
6.1346   5.7693   3.9114
6.1045   5.6021   3.9723
6.0512   5.4603   4.0124
6.0041   5.322    4.0457
5.9866   5.242    4.0475
5.9087   5.1314   4.0905
5.8564   5.0119   4.1185
5.7783   4.8901   4.1266
5.7186   4.7742   4.1498
5.636    4.6099   4.1808
5.6071   4.5471   4.1838
5.5105   4.4276   4.1908
5.4164   4.2324   4.2209
5.3541   4.1319   4.2331
5.2597   3.9661   4.2566
5.1661   3.8617   4.2936
5.1077   3.7577   4.3009
5.0237   3.6117   4.3297
4.9784   3.5444   4.3507
4.9027   3.4979   4.3622
4.8894   3.4519   4.3751
4.8967   3.3982   4.3835
