AMNH     52202    cac34ms.xls
10.0841  8.4866   2.7629   IS
11.045   9.2758   3.3839   ID
11.1768  8.9346   3.3742   R_I12
11.1735  8.586    3.2619   R_I2C
10.7941  8.0925   3.2611   R_CP3
10.507   7.7211   3.2637   R_P34
10.0951  7.2236   3.246    R_P4M1
9.6367   6.7053   3.2541   R_M12
9.1038   6.1249   3.3054   R_M23
8.5388   5.4186   3.4261   R_DM3
10.6442  7.792    1.9406   R_MF
10.3693  7.0502   2.4301   R_PCF
9.6281   5.5089   2.4624   R_CB
8.9426   6.0826   3.0936   R_CL
9.1023   3.854    5.5981   R_COR
8.4411   3.4605   4.6611   R_NOT
8.1872   2.5973   4.9794   R_CND
10.7342  9.4986   3.373    L_I12
10.262   9.5058   3.3201   L_I2C
9.7648   9.2143   3.2959   L_CP3
9.3982   8.9036   3.3151   L_P34
8.9031   8.52     3.2584   L_P4M1
8.3636   8.0999   3.2579   L_M12
7.7224   7.682    3.3237   L_M23
6.9649   7.1587   3.4528   L_DM3
9.5051   9.0885   1.9711   L_MF
8.8821   8.9558   2.548    L_PCF
7.1938   8.3232   2.4743   L_CB
7.8036   7.6547   3.0715   L_CL
5.3806   8.0049   5.6949   L_COR
4.9315   7.3627   4.7805   L_NOT
4.0368   7.2041   5.0581   L_CND
11.0422  8.6057   2.5022   O1
9.8804   6.0301   2.5408   O2
6.0678   7.723    2.7524   O3
8.242    3.2352   3.4059   O4








































11.0187  9.2974   3.3494   I_SYM
10.9179  9.1964   3.3254
10.8184  9.1542   3.3144
10.695   9.0354   3.2824
10.6605  9        3.2373
10.5525  8.948    3.1678
10.5102  8.8889   3.1363
10.4431  8.8405   3.0996
10.3934  8.8121   3.0529
10.347   8.7503   3.0603
10.2235  8.6761   2.9947
10.1576  8.6322   2.9588
10.129   8.5885   2.9205
10.0982  8.5547   2.8749
10.0768  8.5383   2.8372
10.0512  8.5272   2.7863
10.0562  8.4949   2.7454
10.0626  8.4634   2.6277
10.0915  8.4789   2.5315
10.1251  8.513    2.4705
10.1512  8.535    2.3981
10.1422  8.5334   2.3414
10.083   8.4794   2.2593
9.9921   8.4376   2.1718
9.9456   8.3639   2.1094
9.9351   8.3092   2.0877
9.8681   8.2505   2.0466
9.8298   8.2216   1.9845
9.8134   8.2158   1.9389
9.8195   8.213    1.8296
9.8326   8.2391   1.7486
9.8406   8.2439   1.7288
9.8622   8.3087   1.6069
9.9164   8.355    1.5335
9.926    8.3492   1.538





































































































































































9.1293   3.8026   5.5674   R_RAM
9.1903   3.9247   5.6072
9.2243   4.0205   5.5916
9.261    4.1497   5.5528
9.2729   4.2363   5.469
9.2839   4.3098   5.4352
9.3005   4.381    5.3628
9.3513   4.479    5.2628
9.3399   4.5115   5.1924
9.3493   4.5836   5.1168
9.3376   4.6243   5.0149
9.3204   4.6503   4.8815
9.3198   4.6705   4.8282
9.3046   4.7008   4.7355
9.2804   4.7126   4.6547
9.2723   4.7406   4.5735
9.2338   4.7263   4.4459
9.2338   4.731    4.3545
9.2376   4.7553   4.2422
9.2513   4.6962   4.17
9.2529   4.711    4.0508
9.2648   4.7166   3.9611
9.2601   4.736    3.8916
9.2629   4.7604   3.8001
9.2235   4.6939   3.6753
9.2087   4.6954   3.548
9.1572   4.6964   3.3252
9.1728   4.7094   3.2192
9.2119   4.7773   3.0638
9.2347   4.7963   2.9608
9.2932   4.8659   2.809
9.294    4.9063   2.6809
9.3276   4.9334   2.5555
9.3656   4.9874   2.4866
9.4205   5.046    2.3998
9.4761   5.0951   2.2997
9.5069   5.1291   2.2021
9.5514   5.1973   2.1626


































































































































































5.2615   7.9125   5.6663   L_RAM
5.345    7.9642   5.7027
5.3869   7.996    5.7071
5.4616   8.0106   5.7178
5.5258   8.0676   5.714
5.6288   8.0943   5.6803
5.7199   8.1054   5.6394
5.8144   8.08     5.6052
5.896    8.1093   5.5206
5.9602   8.0885   5.4908
6.0232   8.0952   5.4256
6.0767   8.1118   5.3445
6.1369   8.1113   5.2304
6.2036   8.0804   5.1787
6.2107   8.0564   5.0715
6.2134   8.0658   5.0074
6.2235   8.0583   4.8581
6.2304   8.0319   4.7663
6.2374   8.018    4.5075
6.2579   8.0042   4.3265
6.2444   8.0191   4.1087
6.2551   8.0017   3.9902
6.2972   8.0046   3.9084
6.2842   7.9907   3.7095
6.3097   7.9849   3.6313
6.3306   7.9923   3.5535
6.3308   7.9679   3.4004
6.3237   7.9571   3.2364
6.3882   7.9669   3.1981
6.4039   7.962    3.0866
6.4322   7.9685   2.9325
6.4689   7.9805   2.7658
6.5162   8.016    2.6835
6.5876   8.0514   2.567
6.6457   8.0941   2.5261
6.6748   8.1111   2.4999
6.691    8.1765   2.4254



































































































































































12.7797  10.8914  2.3475   MMF
12.1519  10.3296  3.2986   GNA
12.4284  11.2244  2.0961   O1
9.7679   10.2485  2.5251   O2
11.2093  6.3622   2.7648   O3
6.7766   8.7329   2.3433   O4




13.0005  11.0392  1.2859   E_SYM
13.0025  11.0669  1.4666
12.9512  11.0259  1.6586
12.9622  11.0116  1.7408
12.95    10.9921  1.8913
12.9368  10.9602  2.0624
12.847   10.9331  2.1699
12.7962  10.8892  2.3367
12.7492  10.8581  2.4609
12.6744  10.8405  2.5602
12.6491  10.7756  2.6607
12.5831  10.7534  2.7389
12.5348  10.7144  2.8203
12.5028  10.6482  2.8925
12.461   10.6116  2.9614
12.3847  10.5552  3.0677
12.3617  10.5327  3.1167
12.2816  10.4626  3.2126
12.2386  10.4411  3.2577
12.1817  10.3754  3.2997
12.1519  10.3163  3.309



















































































































































































6.1786   7.7253   1.1923   R_PRAM
6.1499   7.8449   1.2743
6.1537   7.942    1.4005
6.1369   7.9928   1.5157
6.1294   8.0451   1.6036
6.151    8.0891   1.6975
6.1531   8.1284   1.8362
6.1248   8.1683   1.9997
6.1351   8.2123   2.1649
6.1589   8.2318   2.2731
6.1765   8.2993   2.4416
6.2036   8.3281   2.5839
6.2039   8.3231   2.7563
6.2421   8.3404   2.8811
6.2792   8.3552   3.0704
6.3635   8.3347   3.2014
6.4121   8.3339   3.2953
6.468    8.3386   3.3991
6.5045   8.3136   3.492
6.5804   8.3154   3.561
6.6365   8.3252   3.6342
6.6877   8.3364   3.7231
6.761    8.3782   3.782
6.8158   8.3993   3.8586
6.8983   8.4534   3.9348
6.973    8.4901   3.9935
7.0261   8.5612   4.0485
7.1229   8.6022   4.081
7.2582   8.6832   4.1413
7.3763   8.7329   4.1657
7.4321   8.7639   4.1928
7.5353   8.8491   4.2507
7.6951   8.9174   4.2365
7.7904   8.999    4.2213
7.8875   9.0524   4.2295
7.9818   9.0971   4.2089
8.1172   9.1657   4.1921
8.2166   9.2051   4.1762
8.358    9.285    4.1482
8.4381   9.3585   4.1172
8.5135   9.4259   4.0661
8.5632   9.4497   4.0401
8.6057   9.4699   4.037
8.6727   9.5235   4.0117




























































































































































9.4713   4.3627   1.1708   L_PRAM
9.5545   4.3486   1.2751
9.6302   4.3408   1.3764
9.7062   4.3327   1.4779
9.7481   4.3155   1.6214
9.7892   4.3084   1.7509
9.8149   4.337    1.8848
9.8288   4.3342   2.0196
9.83     4.3675   2.169
9.8446   4.4199   2.2989
9.8322   4.4658   2.4677
9.8459   4.5081   2.6469
9.8398   4.5269   2.7733
9.8426   4.5641   2.8992
9.8124   4.5812   2.9984
9.814    4.6341   3.0896
9.8152   4.6599   3.2356
9.8483   4.6893   3.3626
9.8559   4.7518   3.4768
9.8622   4.8487   3.5961
9.8431   4.9349   3.7311
9.8347   5.0412   3.8381
9.877    5.1083   3.9062
9.9073   5.2142   3.9915
9.9582   5.2957   4.0683
10.0278  5.4344   4.1501
10.0825  5.5359   4.2061
10.1744  5.6453   4.2263
10.25    5.808    4.2659
10.3266  5.9064   4.2915
10.4326  6.0431   4.2953
10.528   6.1432   4.2916
10.546   6.2065   4.2887
10.6289  6.3637   4.2682
10.7626  6.4809   4.2276
10.8722  6.5754   4.1727
10.9409  6.7135   4.1482
11.0095  6.794    4.1009
11.0587  6.8208   4.0725
11.1387  6.9233   4.0592
































































































































































8.7411   9.5053   4.0024   ARC
8.8856   9.568    3.9521
8.9479   9.6312   3.9393
9.0617   9.6897   3.9203
9.1691   9.7407   3.9175
9.2528   9.7746   3.8989
9.3674   9.8333   3.8814
9.5284   9.9024   3.8479
9.6377   9.9393   3.8283
9.7729   9.9897   3.808
9.9038   10.0696  3.8083
10.0576  10.1173  3.7868
10.1314  10.1427  3.7825
10.267   10.2245  3.7727
10.4082  10.2773  3.7514
10.5469  10.3401  3.7304
10.68    10.3871  3.7023
10.8434  10.4503  3.6709
10.9447  10.462   3.6294
11.1186  10.5165  3.583
11.2335  10.524   3.5296
11.4001  10.5806  3.485
11.5404  10.5736  3.4282
11.6753  10.5654  3.3773
11.6831  10.535   3.3734
11.7758  10.5378  3.3515
11.8782  10.5041  3.3211
11.9811  10.4799  3.3149
12.0114  10.4371  3.3069
12.1324  10.4106  3.3149
12.1855  10.3655  3.2966
12.2285  10.2647  3.3084
12.3276  10.1862  3.3051
12.4043  10.1002  3.3166
12.4353  9.9524   3.3563
12.4663  9.8309   3.3982
12.4531  9.6524   3.4672
12.4263  9.5081   3.5088
12.4124  9.3716   3.5529
12.371   9.2508   3.5991
12.3527  9.1278   3.6452
12.2984  9.0146   3.6816
12.2449  8.8694   3.7198
12.2219  8.7842   3.7341
12.1346  8.6443   3.7751
12.0868  8.5307   3.789
12.0198  8.4316   3.811
11.9877  8.3114   3.821
11.9242  8.2181   3.8257
11.8952  8.1329   3.831
11.8413  8.059    3.8311
11.7679  7.9345   3.8423
11.7122  7.8407   3.8462
11.6848  7.7382   3.8698
11.5422  7.5921   3.8875
11.5128  7.5052   3.917
11.4819  7.4265   3.9194
11.3962  7.3507   3.9389
11.3737  7.3016   3.9469
11.3147  7.2332   3.968
11.2537  7.1634   3.9942
11.2447  7.1087   4.0051
11.2053  7.0628   4.0212
11.1855  7.0275   4.0193
11.1652  6.9731   4.0395
11.1011  6.927    4.0562
