AMNH     52200    cac32ms.xls
8.0779   7.4861   2.9013   IS
9.1938   8.4213   3.6475   ID
9.3222   8.0631   3.748    R_I12
9.1085   7.6514   3.6305   R_I2C
8.9266   7.0472   3.5678   R_CP3
8.5098   6.5803   3.5111   R_P34
8.1242   6.2025   3.4449   R_P4M1
7.5698   5.7366   3.3979   R_M12
7.0079   5.1398   3.36     R_M23
6.5139   4.3848   3.6561   R_DM3
8.7731   6.8182   2.0905   R_MF
8.5404   6.1958   2.6431   R_PCF
7.5569   4.3974   2.261    R_CB
6.99     5.0578   3.0331   R_CL
6.9973   2.7309   5.7567   R_COR
6.3233   2.176    4.9624   R_NOT
5.9274   0.9242   5.3583   R_CND
8.8389   8.5312   3.7277   L_I12
8.4458   8.3455   3.7082   L_I2C
7.8787   8.3759   3.615    L_CP3
7.3818   7.9324   3.5864   L_P34
6.8897   7.6013   3.5319   L_P4M1
6.2866   7.1544   3.4785   L_M12
5.6498   6.7082   3.4741   L_M23
4.8868   6.1965   3.7028   L_DM3
7.3405   8.1522   2.1515   L_MF
6.727    7.9428   2.756    L_PCF
5.0766   7.3796   2.3856   L_CB
5.6568   6.6694   3.22     L_CL
3.3389   6.9183   5.8842   L_COR
2.6911   6.3021   5.0946   L_NOT
1.4514   5.9967   5.4665   L_CND
9.1829   7.9119   3.0984   O1
8.1776   5.5361   2.4297   O2
3.6345   6.5946   3.1941   O3
5.9228   1.5972   4.3025   O4








































9.0928   8.3876   3.8054   I_SYM
9.0085   8.2777   3.8068
8.9253   8.1521   3.7439
8.8283   8.108    3.7404
8.7517   8.0181   3.6908
8.6124   7.9447   3.6328
8.5256   7.8618   3.5507
8.4454   7.7901   3.4711
8.327    7.7436   3.3843
8.2892   7.6929   3.3248
8.2018   7.6452   3.2525
8.1464   7.5968   3.18
8.1125   7.5446   3.1049
8.0822   7.5144   3.0243
8.0578   7.4994   2.9591
8.0693   7.5026   2.7785
8.0883   7.5138   2.6727
8.1135   7.5357   2.5516
8.0827   7.5361   2.4692
8.0285   7.4731   2.4008
7.9438   7.4026   2.3344
7.8535   7.3302   2.2936
7.8034   7.2524   2.2186
7.7198   7.2467   2.0956
7.7544   7.1973   1.9699
7.8043   7.2332   1.7419
7.8441   7.2717   1.6321
7.9472   7.3527   1.5605
8        7.3985   1.5295











































































































































































6.9018   2.6974   5.761    R_RAM
7.0373   2.8363   5.7757
7.1201   2.9818   5.7626
7.1467   3.0816   5.725
7.1407   3.2166   5.6495
7.1777   3.3304   5.4943
7.1816   3.4274   5.3487
7.186    3.478    5.1974
7.1832   3.506    5.041
7.1747   3.5264   4.897
7.1876   3.5138   4.7418
7.152    3.5235   4.4717
7.1145   3.4667   4.3321
7.0574   3.4945   4.1962
7.0441   3.4911   4.0868
7.0101   3.4404   3.9967
7.001    3.4418   3.799
6.9867   3.4579   3.5913
6.9827   3.4495   3.5509
7.0092   3.5023   3.4316
7.0432   3.4984   3.3287
7.012    3.5319   3.2316
7.0408   3.553    3.1182
7.0578   3.5851   3.0051
7.0942   3.6256   2.9074
7.1303   3.6451   2.8425
7.1437   3.6755   2.7631
7.1732   3.7022   2.6911
7.1944   3.7471   2.6069
7.2481   3.7864   2.5386
7.2507   3.816    2.4618
7.2815   3.8602   2.3403
7.2947   3.8638   2.2929







































































































































































3.3281   6.8891   5.8973   L_RAM
3.4093   6.9354   5.9154
3.536    6.9544   5.8685
3.6029   6.9631   5.8478
3.7129   6.9687   5.8114
3.8257   6.9743   5.682
3.8455   6.9986   5.6085
3.9222   6.994    5.5464
3.9899   6.9908   5.4088
4.0359   7.0009   5.3509
4.0645   6.9877   5.2422
4.1149   6.9857   5.1267
4.1328   6.9977   5.0762
4.1562   6.9848   4.9969
4.1694   6.9848   4.9322
4.0939   7.0207   4.7476
4.0689   7.0009   4.6269
4.0923   6.9602   4.5248
4.075    6.9216   4.3375
4.0747   6.857    4.2222
4.0202   6.8099   4.036
4.0636   6.8012   3.906
4.0544   6.8001   3.7401
4.0344   6.8159   3.6099
4.0509   6.8127   3.4661
4.0534   6.862    3.2774
4.0677   6.8228   3.1684
4.0862   6.8202   3.0964
4.1166   6.8563   2.9812
4.1699   6.8732   2.9237
4.275    6.9348   2.8377
4.2793   6.9686   2.7457
4.3394   7.0066   2.7422
4.3686   7.0557   2.5764
4.3853   7.0844   2.4461





































































































































































9.8892   8.2735   3.1555   MMF
9.0227   7.6073   3.9516   GNA
9.8209   8.6371   2.3228   O1
7.3119   8.0736   3.1383   O2
7.5855   3.3835   2.6809   O3
3.0519   6.4448   1.4597   O4




10.2748  8.5285   1.8718   E_SYM
10.2427  8.5067   1.98
10.1836  8.4968   2.0729
10.1501  8.4693   2.1868
10.1185  8.439    2.2565
10.0821  8.405    2.3919
10.0538  8.4126   2.4997
10.0311  8.4006   2.5686
9.9902   8.3498   2.6804
10.0269  8.3342   2.7891
9.9924   8.3329   2.9332
9.9385   8.3004   3.0474
9.8989   8.3048   3.1373
9.8532   8.2679   3.2277
9.8147   8.2445   3.3011
9.6959   8.2015   3.441
9.6516   8.1303   3.5015
9.613    8.079    3.5579
9.5449   8.0182   3.6321
9.4913   7.9595   3.6997
9.4167   7.9241   3.7541
9.3564   7.8746   3.795
9.2809   7.825    3.8607
9.2391   7.7927   3.8938
9.1978   7.7395   3.9242
9.1464   7.6875   3.9515
9.0978   7.6259   3.9602
9.0634   7.5841   3.9548












































































































































































2.6202   5.5953   0.792    R_PRAM
2.6305   5.6574   0.8958
2.6317   5.722    0.9836
2.6459   5.7444   1.0563
2.6278   5.8078   1.2027
2.5875   5.8053   1.3407
2.573    5.8051   1.5303
2.5946   5.8283   1.5943
2.5764   5.8547   1.6883
2.5973   5.8598   1.7788
2.622    5.8876   1.899
2.616    5.9432   2.0535
2.622    5.9512   2.1662
2.602    5.957    2.2855
2.5878   5.9129   2.4127
2.574    5.8689   2.5266
2.5846   5.8162   2.6127
2.6017   5.8138   2.6728
2.6091   5.7868   2.7397
2.6259   5.7662   2.8131
2.652    5.7713   2.8903
2.7391   5.7916   2.9931
2.7217   5.7598   3.0944
2.7516   5.7634   3.2061
2.8484   5.7567   3.3307
2.8609   5.7641   3.3816
2.9294   5.752    3.5069
2.9844   5.7605   3.571
3.0396   5.7729   3.631
3.1165   5.815    3.7257
3.2263   5.8303   3.855
3.2493   5.8303   3.8682
3.3875   5.8698   3.9603
3.4752   5.9087   4.024
3.5821   5.9447   4.0713
3.6664   5.9637   4.0861
3.7738   5.9999   4.1233
3.8387   6.0349   4.1468
3.9135   6.0633   4.1853
3.9799   6.0854   4.196
4.0942   6.0956   4.2102
4.1634   6.1502   4.2519
4.2438   6.1731   4.2486
4.3584   6.2007   4.255
4.4712   6.2763   4.2672
4.5565   6.315    4.269
4.6817   6.3603   4.2443
4.7578   6.4251   4.234
4.8474   6.4941   4.2139
4.9685   6.5796   4.1904
5.0757   6.6677   4.201
5.1811   6.7464   4.1856
5.254    6.8331   4.2024
5.3112   6.8804   4.2102
5.3689   6.9354   4.1925
5.4174   6.974    4.1978
5.4438   6.9788   4.2063
5.4914   7.0459   4.2267














































































































































5.8332   1.7179   0.9693   L_PRAM
5.8643   1.7013   1.065
5.8919   1.7058   1.1221
5.9368   1.7047   1.1954
5.9622   1.7139   1.3032
5.9765   1.7373   1.4426
5.99     1.7294   1.5066
5.9936   1.7146   1.6465
6.0354   1.7334   1.718
6.0782   1.765    1.8289
6.113    1.7671   1.927
6.1657   1.7878   1.9907
6.1799   1.7842   2.1478
6.1701   1.7701   2.2677
6.1096   1.7681   2.3644
6.0747   1.7556   2.5346
6.0141   1.7404   2.6869
5.9646   1.7574   2.9157
5.9612   1.7932   3.0266
5.9377   1.8641   3.1382
5.9194   1.9252   3.2396
5.9171   1.9784   3.3703
5.9321   2.0281   3.469
5.9021   2.025    3.4618
5.9052   2.0804   3.5417
5.9257   2.1522   3.6002
5.9795   2.2113   3.6878
6.0096   2.2588   3.7889
6.0967   2.3434   3.8968
6.1805   2.3999   3.9765
6.2195   2.4489   4.0445
6.3069   2.5355   4.1094
6.3875   2.6387   4.1861
6.4564   2.7531   4.229
6.5328   2.8787   4.2875
6.6065   2.9947   4.3205
6.6886   3.0876   4.3315
6.7671   3.1715   4.3613
6.8694   3.3101   4.3675
6.9407   3.3893   4.3508
7.0448   3.4936   4.3199
7.1133   3.609    4.3064
7.1787   3.6853   4.2813
7.2456   3.7676   4.2537
7.3307   3.8312   4.2445
7.4033   3.9201   4.2535
7.4969   4.0053   4.2369
7.5953   4.1004   4.2509
7.6781   4.1835   4.244
7.7609   4.2661   4.2377
7.809    4.2931   4.2287
7.8586   4.3746   4.2314




















































































































































5.5716   7.0377   4.2103   ARC
5.7006   7.0728   4.2007
5.762    7.1259   4.2253
5.9095   7.1895   4.2248
5.9871   7.2349   4.2302
6.1428   7.3255   4.2419
6.2252   7.3585   4.248
6.3791   7.462    4.2559
6.509    7.5214   4.2495
6.6477   7.6109   4.2383
6.7389   7.6418   4.2503
6.8566   7.7027   4.2366
6.9837   7.7535   4.2386
7.1546   7.7993   4.1954
7.2412   7.8336   4.209
7.3819   7.8876   4.1919
7.4989   7.9096   4.1762
7.625    7.944    4.1607
7.7674   7.99     4.1561
7.8616   7.9954   4.1309
8.0325   8.021    4.0972
8.177    8.019    4.0629
8.2935   7.9901   4.0401
8.4409   8.0042   4.0332
8.5288   7.9826   4.0251
8.634    7.9433   4.0126
8.7389   7.909    3.989
8.8692   7.8698   3.9879
8.9369   7.7793   3.9798
9.0137   7.7056   3.9638
9.0965   7.573    3.9636
9.1713   7.4341   3.9553
9.213    7.2723   3.9819
9.2487   7.1318   3.9954
9.2559   7.0255   4.0125
9.2522   6.8969   4.0339
9.2587   6.8156   4.0412
9.2471   6.679    4.0468
9.1718   6.4753   4.0997
9.1628   6.3625   4.1205
9.1334   6.2146   4.1471
9.0696   6.0682   4.1862
9.042    5.968    4.1987
8.9633   5.8385   4.2367
8.8891   5.7088   4.2432
8.8248   5.6119   4.2591
8.7477   5.5066   4.2501
8.6899   5.3739   4.2379
8.6208   5.2988   4.2545
8.5099   5.1622   4.2507
8.4573   5.0817   4.2418
8.3668   4.9986   4.2485
8.3126   4.8914   4.2332
8.236    4.8296   4.2486
8.2166   4.7692   4.2445
8.1653   4.6967   4.2284
8.0939   4.631    4.2375
8.033    4.5586   4.2377
7.9816   4.5115   4.2206
7.9551   4.4407   4.23
7.9248   4.3873   4.2266
7.896    4.3419   4.2277
