AMNH     52150    cac4ms.xls
9.2308   10.81    2.441    IS
10.0538  11.5945  3.0184   ID
10.2213  11.2467  3.0096   R_I12
10.1651  10.8632  3.02     R_I2C
10.0368  10.4057  2.938    R_CP3
9.7017   9.976    2.8741   R_P34
9.3321   9.4434   2.8381   R_P4M1
8.9582   8.9579   2.831    R_M12
8.498    8.3702   2.8637   R_M23
7.9453   7.6203   3.1611   R_DM3
10.0502  10.1388  1.6792   R_MF
9.8887   9.524    2.081    R_PCF
9.2176   7.7245   2.1302   R_CB
8.403    8.2922   2.637    R_CL
8.8135   5.9225   5.3252   R_COR
8.0992   5.589    4.4956   R_NOT
7.9562   4.7311   4.4715   R_CND
9.677    11.8018  3.0381   L_I12
9.2606   11.6677  3.0165   L_I2C
8.7617   11.5802  2.8831   L_CP3
8.3435   11.2562  2.8297   L_P34
7.9082   10.9353  2.8131   L_P4M1
7.4236   10.5201  2.878    L_M12
6.8649   9.9626   2.8924   L_M23
6.0861   9.31     3.1034   L_DM3
8.4469   11.5119  1.7036   L_MF
7.7018   11.2721  2.0518   L_PCF
6.2394   10.6943  1.8518   L_CB
6.8531   9.9004   2.6557   L_CL
4.3222   10.242   5.383    L_COR
3.9633   9.4578   4.5572   L_NOT
3.1762   9.3472   4.6321   L_CND
10.1446  11.0626  2.2696   O1
9.3313   8.2497   2.2554   O2
5.1163   10.0257  2.5924   O3
7.8634   5.2534   2.7682   O4








































9.9392   11.532   3.0583   I_SYM
9.8012   11.3949  3.0375
9.6679   11.2982  2.9818
9.581    11.2067  2.9346
9.4758   11.1446  2.8623
9.411    11.0602  2.799
9.3174   10.9789  2.727
9.2945   10.9105  2.6722
9.2489   10.8646  2.5943
9.2047   10.8326  2.5063
9.2225   10.824   2.4446
9.2563   10.8163  2.269
9.3029   10.8754  2.0452
9.283    10.8294  1.9103
9.1454   10.693   1.7658
9.1117   10.621   1.5843
9.1264   10.6514  1.4625
9.2198   10.749   1.1881
9.3333   10.8087  1.0895





















































































































































































8.8075   5.8811   5.3048   R_RAM
8.8503   5.9969   5.3399
8.8973   6.1197   5.2973
8.9074   6.2387   5.2561
8.8994   6.38     5.2067
8.9124   6.4741   5.0883
8.9141   6.5618   4.9821
8.8949   6.6616   4.8288
8.9083   6.7481   4.6999
8.9086   6.8375   4.5092
8.9016   6.8561   4.3158
8.8719   6.9178   4.1157
8.8281   6.9343   3.9454
8.8131   6.967    3.8174
8.8429   6.9061   3.4412
8.807    6.8907   3.2012
8.8157   6.9278   2.9978
8.8199   6.9312   2.8733
8.8691   6.9721   2.7401
8.9137   6.9993   2.5736
8.959    7.0555   2.4354
9.01     7.1231   2.3093
9.0402   7.1528   2.1946
9.0881   7.2067   2.0732
9.1264   7.2576   1.9891















































































































































































4.289    10.2255  5.3632   L_RAM
4.4761   10.2972  5.3868
4.6815   10.3058  5.2926
4.8365   10.3194  5.1506
4.9548   10.3279  5.0377
5.0815   10.3361  4.8443
5.1629   10.3208  4.706
5.2177   10.3068  4.4846
5.3099   10.2542  3.8022
5.3274   10.2586  3.5985
5.3914   10.269   3.3748
5.3971   10.2603  3.1502
5.4598   10.2725  2.9504
5.478    10.2969  2.758
5.572    10.3425  2.5477
5.6085   10.3691  2.4223
5.6378   10.4035  2.2637
5.695    10.4312  2.188
5.7574   10.4936  2.0673
5.8309   10.5559  1.9776




















































































































































































8.3073   10.1197  2.0781   MMF
7.8177   9.6706   3.0845   GNA
8.0065   10.2739  1.8044   O1
5.178    9.5323   2.48     O2
6.895    5.3006   2.5633   O3
2.1811   8.0948   2.8265   O4




8.4118   10.0797  1.0657   E_SYM
8.4433   10.1287  1.2178
8.4487   10.1171  1.3719
8.3956   10.0973  1.5508
8.3425   10.0916  1.6944
8.3663   10.0895  1.7609
8.3553   10.0825  1.8562
8.3433   10.1257  2.0041
8.3198   10.0858  2.1652
8.2661   10.0429  2.3142
8.2308   10.0081  2.4282
8.2219   9.9585   2.5064
8.171    9.8989   2.63
8.1356   9.8637   2.7432
8.0474   9.7675   2.9043
8.0016   9.7573   2.9562
7.9586   9.6977   3.0393
7.8977   9.6553   3.0935
7.8458   9.6264   3.1235





















































































































































































1.6804   6.9732   1.5192   R_PRAM
1.6594   7.1345   1.6222
1.5881   7.2481   1.6887
1.5421   7.334    1.803
1.5071   7.3792   1.8803
1.4456   7.4317   2.0075
1.4433   7.4682   2.2224
1.4395   7.5254   2.3499
1.4455   7.5686   2.457
1.4677   7.6238   2.5776
1.4972   7.6503   2.7211
1.497    7.6992   2.9018
1.5213   7.7331   3.0734
1.5365   7.7274   3.2041
1.6494   7.6939   3.4691
1.7664   7.7133   3.6429
1.8805   7.7308   3.7866
1.9687   7.7734   3.9143
2.0343   7.8046   3.9962
2.1074   7.8056   4.1086
2.2342   7.8443   4.2129
2.3789   7.8868   4.3092
2.5623   8.0022   4.4082
2.7262   8.095    4.4663
2.8955   8.2175   4.5166
3.0423   8.3036   4.5302
3.2288   8.3861   4.5356
3.3887   8.4533   4.5372
3.5519   8.5416   4.5027
3.6678   8.6122   4.4869
3.8012   8.6937   4.4246
3.9007   8.7471   4.3823
4.0363   8.8156   4.2922
4.1446   8.9207   4.2348
4.2846   8.9958   4.1672
4.4092   9.053    4.0966
4.509    9.1391   4.0694
4.6096   9.2258   4.0243


































































































































































5.1422   3.4458   1.538    L_PRAM
5.21     3.4251   1.6337
5.3231   3.3888   1.7599
5.3756   3.3536   1.8688
5.4024   3.3437   2.0584
5.4301   3.3275   2.2475
5.4958   3.3618   2.4017
5.5419   3.3777   2.57
5.5458   3.407    2.6894
5.5908   3.4345   2.802
5.5992   3.4641   2.9057
5.6334   3.4794   3.0397
5.6151   3.5223   3.1999
5.6023   3.548    3.3474
5.6689   3.5531   3.5282
5.7024   3.6475   3.6543
5.7569   3.7973   3.8644
5.7988   3.9083   3.9958
5.8279   4.0285   4.19
5.9136   4.2184   4.347
5.9744   4.3408   4.4293
6.0696   4.5088   4.5
6.093    4.5021   4.4786
6.1848   4.6824   4.5481
6.2733   4.8542   4.566
6.3587   5.0326   4.5871
6.4346   5.1893   4.562
6.5456   5.4348   4.5252
6.6134   5.59     4.5008
6.6805   5.7173   4.4395
6.7658   5.8696   4.315
6.8124   5.9452   4.2578
6.9246   6.0918   4.1695
7.0094   6.209    4.0832
7.0879   6.3208   4.0374
7.1199   6.3723   4.0174
7.146    6.4225   4.0058
7.2319   6.5235   3.9918


































































































































































4.6652   9.198    4.0068   ARC
4.8496   9.2982   3.944
4.9835   9.38     3.9077
5.1096   9.4534   3.8776
5.2128   9.469    3.8627
5.358    9.5437   3.8112
5.5153   9.6047   3.7711
5.7034   9.6712   3.7125
5.8817   9.7333   3.6769
6.0896   9.8114   3.6128
6.2572   9.8601   3.557
6.5587   9.9131   3.5417
6.6606   9.9348   3.4326
6.8823   9.9416   3.3576
7.0473   9.939    3.3044
7.2755   9.9274   3.2489
7.4292   9.8757   3.21
7.6044   9.8195   3.1592
7.7228   9.7516   3.1253
7.9111   9.6658   3.0825
8.0502   9.4702   3.1104
8.1516   9.2389   3.164
8.1712   9.1017   3.2121
8.1856   8.8574   3.2971
8.1403   8.6471   3.3569
8.0585   8.3717   3.4295
7.9836   8.1275   3.5057
7.8995   7.8331   3.5933
7.8397   7.6743   3.6405
7.7377   7.4979   3.7042
7.6586   7.2851   3.7637
7.576    7.1017   3.8207
7.5253   6.9484   3.8507
7.4216   6.7813   3.906
7.3806   6.6915   3.9313
7.3257   6.5903   3.9515
7.3212   6.5179   3.9638
7.2736   6.4257   3.9905
