AMNH     52151    cac5ms.xls
9.0276   10.2605  2.3672   IS
9.7154   11.0455  3.1439   ID
9.9826   10.835   3.1457   R_I12
9.8803   10.4178  3.0994   R_I2C
9.6806   9.8644   3.0454   R_CP3
9.4088   9.3473   3.0538   R_P34
9.1131   8.9704   3.038    R_P4M1
8.7265   8.4206   3.0422   R_M12
8.3197   7.8245   3.0654   R_M23
7.8327   6.935    3.3255   R_DM3
9.8201   9.5566   1.6387   R_MF
9.7953   9.1903   2.1562   R_PCF
9.0903   7.2323   2.2085   R_CB
8.2238   7.6896   2.8777   R_CL
8.5503   5.2299   5.4575   R_COR
7.9989   4.7815   4.5859   R_NOT
7.9585   3.8152   5.0497   R_CND
9.4605   11.2404  3.1903   L_I12
9.0209   11.0519  3.1264   L_I2C
8.4972   10.9121  3.0464   L_CP3
8.0954   10.5046  3.0183   L_P34
7.6996   10.1162  3.0241   L_P4M1
7.2495   9.669    2.9862   L_M12
6.6897   9.1446   3.0091   L_M23
5.9617   8.6124   3.2498   L_DM3
8.3314   10.9321  1.658    L_MF
7.6047   10.5336  2.1605   L_PCF
6.1526   9.8083   2.0569   L_CB
6.7774   9.1009   2.7129   L_CL
4.0747   9.1887   5.3979   L_COR
3.7711   8.4451   4.5318   L_NOT
2.7682   8.1783   4.9967   L_CND
9.8415   10.8869  2.2893   O1
9.2684   7.9282   2.2242   O2
4.8523   9.016    2.806    O3
7.8845   4.3031   3.3799   O4








































9.6696   11.013   3.199    I_SYM
9.5819   10.9069  3.1916
9.4677   10.8005  3.1358
9.3782   10.7163  3.0724
9.3      10.6402  2.9874
9.2247   10.554   2.8734
9.1425   10.4775  2.769
9.1131   10.4463  2.6916
9.0555   10.3633  2.5705
8.9919   10.308   2.4475
9.0056   10.256   2.3772
9.0617   10.2706  2.1607
9.1305   10.351   2.0385
9.1377   10.3491  1.9745
9.127    10.2973  1.8283
9.0394   10.2368  1.7916
8.9786   10.1809  1.7572
8.9395   10.1249  1.7111
8.9029   10.0853  1.6448
8.8686   10.0683  1.6109
8.8733   10.0324  1.4977
8.8713   10.0414  1.417
8.903    10.0555  1.3123

















































































































































































8.6033   5.2301   5.4434   R_RAM
8.6852   5.3714   5.506
8.7296   5.5503   5.5155
8.7933   5.7659   5.3477
8.7802   5.8605   5.2409
8.7649   5.9498   5.1036
8.7803   6.0341   4.9599
8.7796   6.0796   4.8425
8.7605   6.1578   4.6703
8.783    6.1987   4.492
8.7449   6.2398   4.3225
8.7199   6.2531   4.0603
8.7173   6.296    3.9034
8.7011   6.3132   3.7579
8.7901   6.3031   3.2855
8.7769   6.3369   3.0565
8.7671   6.3411   2.931
8.7843   6.3697   2.7665
8.8375   6.4216   2.5531
8.8448   6.446    2.4006
8.8607   6.5211   2.3429
8.9022   6.5978   2.2054
8.9002   6.6654   2.1045

















































































































































































4.0293   9.1472   5.3855   L_RAM
4.1184   9.1868   5.4448
4.2459   9.2518   5.4698
4.376    9.3066   5.4296
4.4883   9.3534   5.3942
4.5911   9.3643   5.3086
4.7063   9.3757   5.1284
4.8196   9.3941   4.956
4.9239   9.3994   4.7443
4.9805   9.3937   4.6048
5.0362   9.4053   4.491
5.0716   9.3788   4.4099
5.1079   9.3741   3.6318
5.1526   9.3775   3.4675
5.2019   9.3695   3.3335
5.229    9.3772   3.2256
5.3058   9.3895   2.9042
5.3393   9.4093   2.7829
5.4247   9.4302   2.6389
5.4577   9.4498   2.4931
5.4744   9.4666   2.3766
5.5376   9.4907   2.2963
5.567    9.5345   2.2307
5.6032   9.5539   2.193
5.5958   9.58     2.0569















































































































































































8.1515   8.9616   2.5739   MMF
7.5858   8.3365   3.6206   GNA
8.066    9.0752   2.202    O1
5.2039   8.1919   2.7622   O2
6.7178   3.8901   2.5111   O3
1.633    6.357    2.308    O4




8.1547   8.9424   1.3829   E_SYM
8.2173   8.9851   1.6163
8.192    8.9907   1.7574
8.1938   8.9884   1.8941
8.2095   8.9723   2.0783
8.1944   8.953    2.3397
8.186    8.9265   2.5152
8.1695   8.8914   2.6662
8.1126   8.8342   2.8423
8.0647   8.7673   2.9684
7.9663   8.7302   3.0874
7.8997   8.6485   3.2126
7.8263   8.5856   3.3449
7.7703   8.505    3.4508
7.7168   8.4709   3.5274
7.6355   8.4073   3.6104
7.614    8.3617   3.6228
7.5589   8.3085   3.6216






















































































































































































1.1674   5.3358   1.295    R_PRAM
1.0621   5.4638   1.3527
1.0735   5.5852   1.4261
1.0328   5.6789   1.5454
1.0005   5.7569   1.6412
0.9678   5.8113   1.7349
0.9396   5.8568   1.8805
0.9698   5.9372   2.022
1.0006   5.9996   2.1509
1.0224   6.0307   2.2805
1.0714   6.0626   2.396
1.1269   6.0645   2.4895
1.1322   6.0919   2.5977
1.1651   6.1065   2.6683
1.1959   6.0993   2.7795
1.2289   6.1129   2.8507
1.2546   6.1168   2.92
1.2653   6.0933   3.0082
1.4223   6.0604   3.2181
1.5392   5.9984   3.3854
1.5932   5.9684   3.4397
1.6708   5.9586   3.5529
1.7129   5.908    3.6611
1.7985   5.9179   3.8322
1.8663   5.8834   4.0082
1.9236   5.875    4.1488
2.0194   5.8856   4.2457
2.1505   5.9346   4.3393
2.2592   6.0208   4.406
2.3644   6.0965   4.455
2.5158   6.1405   4.5401
2.7121   6.1893   4.5804
2.8689   6.2784   4.5909
2.966    6.3312   4.585
3.0876   6.3748   4.5715
3.2928   6.4557   4.5723
3.462    6.54     4.5668
3.5969   6.6279   4.5255
3.7169   6.7495   4.4845
3.8408   6.8494   4.4502
3.9827   6.974    4.4044
4.0648   7.0665   4.3828
4.1721   7.1147   4.3399
4.2169   7.1543   4.349




























































































































































5.1069   1.6913   1.3212   L_PRAM
5.172    1.6594   1.3566
5.2262   1.6398   1.4535
5.2668   1.6038   1.513
5.3394   1.6092   1.6489
5.4337   1.5974   1.9268
5.4867   1.6184   2.0367
5.5443   1.6485   2.224
5.587    1.7006   2.3708
5.6261   1.7472   2.5416
5.6472   1.7921   2.6885
5.6977   1.8246   2.8391
5.6855   1.8899   3.0075
5.623    1.9782   3.1808
5.596    2.0443   3.304
5.5888   2.148    3.4385
5.5077   2.224    3.6102
5.4872   2.3617   3.7974
5.5161   2.4418   3.9586
5.532    2.5406   4.1145
5.5308   2.5975   4.1995
5.5358   2.7439   4.3234
5.6284   2.8673   4.3856
5.6461   3.0187   4.458
5.6937   3.0083   4.4656
5.7293   3.1571   4.5158
5.7486   3.3019   4.5405
5.8115   3.4976   4.5626
5.874    3.6682   4.5451
5.9599   3.8381   4.527
6.0576   4.0435   4.5051
6.142    4.2036   4.4707
6.2016   4.3202   4.4416
6.3459   4.5143   4.4041
6.4201   4.6344   4.3759
6.4845   4.7502   4.3303
6.5269   4.8112   4.3167
6.5952   4.9209   4.2957


































































































































































4.1776   7.1762   4.342    ARC
4.2935   7.2559   4.315
4.4222   7.3262   4.3001
4.5512   7.4125   4.2827
4.6623   7.4896   4.2612
4.7876   7.5782   4.2508
4.9426   7.6725   4.2208
5.1002   7.7703   4.187
5.2088   7.8599   4.1584
5.3022   7.9184   4.1363
5.4403   7.9804   4.0976
5.5428   8.0459   4.084
5.6768   8.1199   4.0463
5.8085   8.2237   4.0283
5.8842   8.2669   3.9998
6.0019   8.311    3.97
6.1617   8.4042   3.941
6.2873   8.4544   3.9042
6.4014   8.4947   3.8782
6.5725   8.5467   3.8378
6.7781   8.5397   3.7982
6.8956   8.5546   3.7958
7.0675   8.5677   3.7388
7.1698   8.5393   3.7319
7.2957   8.4739   3.7061
7.4269   8.4219   3.68
7.4779   8.3507   3.6414
7.6302   8.2741   3.6425
7.7034   8.0853   3.6956
7.7613   7.8895   3.7438
7.791    7.7463   3.7684
7.7958   7.5989   3.7778
7.761    7.4524   3.8115
7.7277   7.2636   3.8535
7.6854   7.0654   3.8968
7.6499   6.9276   3.9247
7.6012   6.7897   3.9684
7.5108   6.5882   4.0299
7.4719   6.4549   4.0524
7.4212   6.3449   4.0858
7.3188   6.1685   4.1453
7.2791   6.0503   4.14
7.1993   5.9293   4.1774
7.1361   5.7922   4.2101
7.0702   5.6343   4.2315
7.0066   5.5314   4.252
6.9061   5.3598   4.2795
6.8157   5.2499   4.3022
6.7721   5.1721   4.2868
6.7193   5.0642   4.2789
6.6891   5.0235   4.2895
6.6552   4.9244   4.3081
6.652    4.8899   4.294
