AMNH     52153    cac7ms.xls
8.829    10.0413  2.2252   IS
9.6254   11.0169  2.9821   ID
9.8658   10.6462  2.8839   R_I12
9.749    10.2175  2.9791   R_I2C
9.6431   9.7705   2.8772   R_CP3
9.295    9.2304   2.7774   R_P34
8.9703   8.7344   2.7434   R_P4M1
8.5831   8.2296   2.7822   R_M12
8.1247   7.6193   2.8182   R_M23
7.8117   6.6607   3.1112   R_DM3
9.4629   9.504    1.5775   R_MF
9.4443   8.9831   2.0997   R_PCF
8.6379   7.0457   2.0235   R_CB
8.1318   7.6317   2.5599   R_CL
8.2305   4.9265   5.2827   R_COR
7.7259   4.6645   4.0978   R_NOT
7.7091   3.7075   4.6993   R_CND
9.3095   11.1653  2.9271   L_I12
8.7977   11.0315  2.9488   L_I2C
8.3312   10.7976  2.8677   L_CP3
7.8455   10.3716  2.7556   L_P34
7.445    9.9622   2.758    L_P4M1
7.0123   9.5129   2.7754   L_M12
6.4927   8.8772   2.8127   L_M23
5.7582   8.3279   3.0114   L_DM3
8.1279   10.5196  1.6413   L_MF
7.4429   10.2566  1.9691   L_PCF
5.9812   9.3769   1.9977   L_CB
6.5939   8.9386   2.4359   L_CL
3.9558   8.5793   5.2357   L_COR
3.6646   7.9488   4.0727   L_NOT
2.7036   7.6485   4.6677   L_CND
9.7018   10.4749  2.2627   O1
9.0395   8.0984   2.2161   O2
4.3654   8.2693   3.2265   O3
7.5494   4.3084   3.2264   O4








































9.554    11.0187  2.9903   I_SYM
9.4569   10.8697  2.9751
9.3737   10.7329  2.9286
9.2362   10.6506  2.8815
9.1719   10.5493  2.8223
9.0869   10.4703  2.7687
9.028    10.3942  2.6829
8.9811   10.3184  2.6316
8.8856   10.2246  2.5501
8.8314   10.1766  2.4733
8.7896   10.101   2.3744
8.7908   10.0929  2.3386
8.7618   10.0475  2.2203
8.8448   10.048   2.0432
8.8886   10.0991  1.9131
8.8883   10.1039  1.806
8.7844   9.9828   1.788
8.6668   9.8158   1.7166
8.6081   9.7395   1.5678
8.5953   9.7069   1.4181
8.6288   9.7486   1.3227
8.6888   9.7811   1.2399
8.702    9.7979   1.1206
8.7164   9.8358   1.0517
















































































































































































8.2564   5.0217   5.3016   R_RAM
8.2983   5.14     5.3294
8.3436   5.3032   5.2754
8.3887   5.4062   5.2131
8.3878   5.5471   5.1302
8.3781   5.6846   5.025
8.3928   5.7818   4.8599
8.3898   5.8742   4.6876
8.3813   5.9338   4.5176
8.3771   6.0214   4.2878
8.3729   6.0365   4.194
8.3583   6.0713   4.0345
8.4059   6.0361   3.791
8.4281   6.091    3.5004
8.4071   6.1567   3.2814
8.3864   6.1826   3.019
8.4074   6.2735   2.8449
8.4106   6.3276   2.5151
8.4409   6.4111   2.3468
8.4506   6.4632   2.1473
8.4748   6.5028   1.9987
8.488    6.5574   1.9041


















































































































































































3.901    8.5419   5.2309   L_RAM
4.0377   8.6094   5.2437
4.1627   8.6752   5.2262
4.2935   8.7352   5.14
4.4201   8.7699   5.0473
4.5531   8.8207   4.8489
4.6454   8.8524   4.712
4.7586   8.8796   4.5067
4.8366   8.8974   4.3267
4.8839   8.8824   4.1656
4.8814   8.9067   3.5216
4.9813   8.8956   3.1466
5.0287   8.8789   2.893
5.1739   8.8861   2.4281
5.281    8.9876   2.3592
5.3486   9.0274   2.1117
5.4438   9.0693   2.035
5.5081   9.1206   1.9418






















































































































































































8.092    9.1797   2.1288   MMF
7.5771   8.5391   3.2074   GNA
7.8882   9.3964   1.7359   O1
5.6884   8.3754   2.3463   O2
6.5366   3.7218   1.8965   O3
2.0979   6.181    2.2549   O4




8.2631   9.3196   1.0662   E_SYM
8.2938   9.3384   1.1926
8.2879   9.2786   1.3634
8.2378   9.2514   1.4711
8.2206   9.213    1.5696
8.2246   9.1878   1.67
8.1961   9.2107   1.7948
8.156    9.1935   1.9304
8.1211   9.1587   2.0683
8.1123   9.1543   2.1534
8.0769   9.1287   2.2628
8.0502   9.1078   2.3535
7.9804   9.0724   2.4918
7.9041   9.0014   2.6311
7.8673   8.9298   2.7396
7.805    8.8856   2.8422
7.7929   8.7989   2.922
7.7064   8.7224   3.0534
7.6702   8.663    3.1181
7.6386   8.5812   3.1779
7.5778   8.5024   3.2114



















































































































































































1.6885   5.2228   1.2951   R_PRAM
1.6719   5.3185   1.3724
1.6455   5.3524   1.4512
1.6112   5.4382   1.5366
1.5739   5.4965   1.642
1.5375   5.4955   1.7527
1.5212   5.516    1.9653
1.5509   5.5462   2.107
1.6017   5.5621   2.2459
1.5589   5.5986   2.352
1.6138   5.5779   2.5036
1.6502   5.569    2.666
1.6487   5.5888   2.8371
1.663    5.6035   2.9479
1.6925   5.5962   3.0272
1.7417   5.6386   3.3199
1.8127   5.5887   3.5001
1.9023   5.5896   3.6454
2.0205   5.5923   3.7735
2.0596   5.5819   3.8335
2.1348   5.6054   3.9407
2.2278   5.632    4.0442
2.3083   5.6575   4.13
2.3534   5.6908   4.2071
2.4275   5.748    4.2939
2.4777   5.793    4.3492
2.5438   5.8333   4.4058
2.6729   5.9137   4.479
2.824    6.0167   4.5272
2.9428   6.0969   4.565
3.0837   6.2021   4.5746
3.1702   6.23     4.5911
3.2423   6.2937   4.6033
3.3323   6.343    4.5946
3.4062   6.3788   4.5938
3.4952   6.4454   4.5728
3.5596   6.5019   4.5701
3.6049   6.5414   4.5464
3.7125   6.6198   4.5055
3.814    6.7432   4.4533
3.9416   6.8305   4.3724
4.0465   6.9291   4.2967
4.1623   7.0418   4.2256
4.271    7.1083   4.1964
4.3799   7.2123   4.1337
4.4367   7.2587   4.1065
4.5279   7.3325   4.0893

























































































































































5.2204   2.1167   1.2582   L_PRAM
5.3      2.1421   1.3733
5.3869   2.1186   1.4386
5.4181   2.1245   1.5134
5.4711   2.0992   1.6134
5.5068   2.0626   1.6943
5.5389   1.9942   1.8616
5.5448   1.9856   2.0026
5.6063   2.0241   2.1293
5.6532   2.0613   2.242
5.6148   2.0774   2.3675
5.6274   2.1113   2.4765
5.6627   2.1236   2.664
5.634    2.1618   2.8387
5.6142   2.2213   3.0766
5.5825   2.288    3.2298
5.5839   2.3445   3.3674
5.5593   2.4295   3.5201
5.5759   2.4838   3.5976
5.575    2.5267   3.6854
5.6088   2.6125   3.8335
5.6102   2.7926   4.0622
5.6717   2.9061   4.1788
5.7514   3.0849   4.2846
5.777    3.2582   4.3765
5.8212   3.3905   4.4205
5.8909   3.5458   4.4357
5.9437   3.6939   4.4308
5.9734   3.8021   4.4288
6.0644   3.9669   4.3972
6.1324   4.095    4.3966
6.2019   4.209    4.3823
6.3115   4.3775   4.353
6.3948   4.5476   4.3115
6.5124   4.7262   4.2158
6.6248   4.8775   4.1027
6.6945   5.0067   4.0408
6.7523   5.1095   3.9908
6.8172   5.2202   3.9529
6.8629   5.2633   3.9291
6.9053   5.3406   3.9281































































































































































4.5566   7.354    4.0616   ARC
4.6409   7.4139   4.0412
4.7341   7.46     4.0137
4.8527   7.5593   3.987
4.9693   7.6608   3.9531
5.0381   7.6921   3.9228
5.1606   7.7754   3.8748
5.2539   7.845    3.85
5.3356   7.9186   3.817
5.4334   7.9853   3.7846
5.5118   8.0454   3.7725
5.5584   8.1043   3.751
5.641    8.1615   3.7311
5.7669   8.206    3.6816
5.9162   8.3132   3.6435
6.0313   8.3818   3.6112
6.199    8.4826   3.5468
6.3333   8.5496   3.5209
6.4701   8.639    3.4717
6.6319   8.7153   3.4128
6.7468   8.7479   3.3705
6.8644   8.7537   3.3223
7.0109   8.7502   3.2446
7.1678   8.7969   3.2143
7.3153   8.7346   3.2193
7.4349   8.6693   3.2117
7.5161   8.6001   3.2079
7.5469   8.5462   3.2101
7.7135   8.4143   3.2038
7.8262   8.2427   3.1703
7.8965   8.1122   3.1723
7.9466   7.9698   3.198
7.9452   7.7479   3.2737
7.9343   7.5622   3.3401
7.9366   7.4195   3.3846
7.8533   7.3213   3.4247
7.7855   7.0984   3.4982
7.7292   6.9135   3.5472
7.6748   6.7702   3.5752
7.5807   6.5952   3.6173
7.5134   6.4736   3.6516
7.452    6.2934   3.6893
7.386    6.1849   3.7307
7.3142   6.0781   3.7386
7.1813   5.8972   3.7928
7.0851   5.6867   3.8314
7.0274   5.5656   3.8479
6.9819   5.4613   3.8864
7.0038   5.4044   3.8965
6.9662   5.273    3.9412
