AMNH     55068    cak14ms.xls
9.3643   8.7946   -2.3902  IS
10.1538  9.2964   -2.9008  ID
9.7952   9.531    -2.8675  R_I12
9999     9999     9999     R_I2C
9.0711   9.4622   -2.9731  R_CP3
8.6954   9.2442   -2.9584  R_P34
8.356    9.0275   -2.891   R_P4M1
7.99     8.6833   -2.8826  R_M12
7.5535   8.36     -2.918   R_M23
7.0946   7.9959   -2.9908  R_DM3
8.532    8.9479   -1.7899  R_MF
8.3591   9.0788   -2.224   R_PCF
7.0274 8.6459 -2.3853 R_CB
7.5015 8.1451 -2.7528 R_CL
5.5096   8.4614   -4.9562  R_COR
5.2315   7.9686   -4.4128  R_NOT
4.4726   7.767    -4.6304  R_CND
10.3615  9.0074   -2.8828  L_I12
10.2463  8.6386   -3.0229  L_I2C
10.1585  8.351    -3.0158  L_CP3
9.869    7.9807   -2.9713  L_P34
9.608    7.6898   -2.9102  L_P4M1
9.2779   7.2154   -2.879   L_M12
8.9326   6.854    -2.8994  L_M23
8.522    6.4493   -3.0129  L_DM3
9.542    7.7663   -1.7118  L_MF
9.687    7.571    -2.1558  L_PCF
9.2339 6.4487 -2.3686 L_CB
8.8178 6.9366 -2.6752 L_CL
8.9009   4.6739   -4.8503  L_COR
8.436    4.5633   -4.2924  L_NOT
8.2263   3.8149   -4.4999  L_CND
10.2295  8.5599   -2.3887  O1
7.3158   8.7439   -2.4849  O2
8.8072   5.561    -2.2912  O3
4.9817   7.6387   -2.7785  O4








































10.1021  9.4433   -2.9437  I_SYM
10.0447  9.3891   -2.9324
9.9337   9.2907   -2.9315
9.8484   9.2197   -2.8817
9.7611   9.1244   -2.8361
9.7053   9.0413   -2.787
9.6193   8.9442   -2.7069
9.5233   8.8796   -2.6358
9.4818   8.8209   -2.5681
9.4458   8.7785   -2.5018
9.4144   8.7617   -2.449
9.4023   8.7487   -2.3863
9.3398   8.7569   -2.2112
9.3868   8.7811   -2.1268
9.2704   8.7078   -2.0153
9.2278   8.6739   -1.9164
9.2248   8.6272   -1.8701
9.1816   8.6105   -1.7477
9.1918   8.6041   -1.6852
9.1725   8.5887   -1.6495
9.2142   8.6485   -1.5251



















































































































































































5.5444   8.5264   -4.9436  R_RAM
5.6442   8.5667   -4.8797
5.7439   8.5976   -4.8151
5.8007   8.595    -4.7827
5.9384   8.5938   -4.6082
6.0385   8.5536   -4.4404
6.1114   8.5263   -4.3134
6.1371   8.49     -4.1772
6.1859   8.4601   -4.079
6.238    8.4247   -3.9306
6.238    8.4062   -3.7978
6.2515   8.3856   -3.6678
6.2823   8.4012   -3.5279
6.2899   8.4002   -3.379
6.3196   8.3952   -3.2542
6.3263   8.4034   -3.1705
6.3421   8.4      -3.0519
6.3813   8.4121   -2.9442
6.4196   8.4325   -2.8656
6.4295   8.4542   -2.8021




















































































































































































8.8664   4.7046   -4.8894  L_RAM
8.9161   4.788    -4.8709
8.9975   4.9164   -4.8214
9.0343   5.0465   -4.7302
9.0267   5.1504   -4.6223
9.0489   5.2616   -4.4474
9.013    5.3425   -4.3106
8.9823   5.4021   -4.1455
8.9594   5.4295   -4.0086
8.9507   5.4319   -3.9764
8.9323   5.4785   -3.7377
8.9032   5.4948   -3.6352
8.9027   5.5436   -3.4513
8.8968   5.5826   -3.2923
8.9006   5.601    -3.1294
8.9018   5.6393   -3.0625
8.9334   5.695    -2.8224
8.9661   5.7672   -2.7679






















































































































































































7.8577   7.1633   -2.7269  MMF
7.4134   6.7147   -3.171   GNA
7.4192   7.7264   -2.296   O1
7.4039   4.9382   -2.3862  O2
4.3653   6.6866   -2.6031  O3
6.0375   2.7184   -2.1807  O4




8.2818   7.5749   -1.8872  E_SYM
8.2677   7.5764   -1.9964
8.2304   7.5469   -2.0906
8.1972   7.501    -2.1615
8.1314   7.4607   -2.2528
8.1043   7.4342   -2.3526
8.0721   7.3868   -2.4647
8.0029   7.3224   -2.5592
7.9745   7.2866   -2.6156
7.9301   7.2652   -2.6428
7.9016   7.2174   -2.6996
7.8782   7.1853   -2.7364
7.8588   7.1789   -2.8196
7.7867   7.1002   -2.9031
7.7268   7.0455   -2.9908
7.6452   6.9759   -3.0546
7.5686   6.8875   -3.1212
7.5165   6.8533   -3.1353
7.453    6.7966   -3.179
7.4266   6.7593   -3.1831
7.367    6.7317   -3.1915



















































































































































































5.4634   2.3708   -1.0123  R_PRAM
5.4945   2.3465   -1.1133
5.55     2.3334   -1.2471
5.585    2.3376   -1.3496
5.6316   2.3673   -1.5287
5.6432   2.3758   -1.6485
5.6363   2.3805   -1.7595
5.6383   2.3864   -1.8964
5.628    2.3729   -2.0049
5.5982   2.3983   -2.2254
5.6156   2.3994   -2.3471
5.5993   2.4238   -2.4285
5.6166   2.4878   -2.649
5.6471   2.589    -2.8279
5.6398   2.6936   -2.9717
5.664    2.7911   -3.116
5.657    2.9413   -3.2233
5.7175   3.0145   -3.29
5.8102   3.119    -3.3365
5.8502   3.1783   -3.3578
5.9306   3.2631   -3.3853
5.9815   3.3169   -3.4109
6.0141   3.392    -3.4291
6.097    3.4824   -3.4347
6.1319   3.5765   -3.4393
6.1896   3.6594   -3.4381
6.2509   3.7279   -3.4346
6.3304   3.8134   -3.4506
6.3789   3.8883   -3.4477
6.4141   3.9499   -3.455
6.4456   4.0266   -3.4511
6.49     4.097    -3.4615
6.5317   4.1628   -3.4489
6.5661   4.1988   -3.4497
6.5856   4.2614   -3.4664





































































































































































2.5593   5.4539   -1.0974  L_PRAM
2.5706   5.4737   -1.2076
2.5851   5.5424   -1.3338
2.6053   5.5599   -1.4387
2.624    5.5925   -1.5621
2.6449   5.6065   -1.6301
2.661    5.638    -1.7862
2.6387   5.6427   -1.8796
2.6508   5.6217   -2.0439
2.6499   5.6154   -2.1442
2.6527   5.6115   -2.2761
2.6603   5.5919   -2.4463
2.6907   5.6071   -2.5845
2.7339   5.6152   -2.796
2.8418   5.5736   -2.9294
2.9703   5.5363   -3.0625
3.069    5.542    -3.1744
3.1555   5.5247   -3.2632
3.2431   5.6001   -3.3367
3.3704   5.6986   -3.3878
3.5277   5.7753   -3.4417
3.6174   5.8276   -3.4823
3.6465   5.7479   -3.4634
3.8102   5.8356   -3.4952
3.9643   5.9263   -3.4818
4.0891   6.001    -3.4734
4.2425   6.0714   -3.4728
4.367    6.1095   -3.4565
4.4861   6.1874   -3.4676
4.5885   6.2053   -3.4724
4.6868   6.2394   -3.5916









































































































































































6.7025   4.5337   -3.4453  ARC
6.7535   4.6518   -3.4617
6.7974   4.771    -3.4635
6.8774   4.9221   -3.4742
6.9141   5.0268   -3.483
6.9764   5.183    -3.4717
7.0228   5.323    -3.4675
7.1453   5.5641   -3.447
7.1739   5.6927   -3.4238
7.2665   5.8928   -3.3899
7.296    6.0446   -3.3519
7.3505   6.1669   -3.3167
7.3959   6.284    -3.2811
7.453    6.4117   -3.2619
7.4733   6.5539   -3.232
7.4784   6.6301   -3.2065
7.474    6.6891   -3.1996
7.4054   6.6221   -3.1965
7.3379   6.7219   -3.1931
7.2179   6.81     -3.1945
7.0194   6.8212   -3.256
6.7707   6.7554   -3.3091
6.6435   6.7408   -3.3317
6.4425   6.6545   -3.3701
6.2994   6.6138   -3.4218
6.0717   6.5748   -3.4533
5.8969   6.5002   -3.4801
5.8216   6.4978   -3.4866
5.6643   6.4468   -3.5132
5.4799   6.4011   -3.5153
5.3353   6.3472   -3.531
5.1535   6.3189   -3.5315
5.0367   6.2746   -3.5286
4.9572   6.2288   -3.5134
4.846    6.1732   -3.5053
4.7872   6.1545   -3.4962
