AMNH     55058    cak13ms.xls
9.3443   9.8104   -2.1607  IS
9.9895   10.4583  -2.8414  ID
9.6862   10.627   -2.8953  R_I12
9.4162   10.5163  -2.7895  R_I2C
9.0025   10.5411  -2.8186  R_CP3
8.7071   10.2111  -2.7048  R_P34
8.4369   9.9234   -2.5991  R_P4M1
8.069    9.6115   -2.5328  R_M12
7.6713   9.1559   -2.4819  R_M23
7.2809   8.7446   -2.5488  R_DM3
8.4733   9.9598   -1.4456  R_MF
8.4037   10.0618  -1.9396  R_PCF
7.1331   9.4528   -1.9313  R_CB
7.6912   9.0656   -2.2292  R_CL
5.4322   8.9597   -4.1627  R_COR
5.4373   8.467    -3.6356  R_NOT
4.8058   8.3539   -3.7175  R_CND
10.1569  10.2     -2.8551  L_I12
10.1557  9.7764   -2.7296  L_I2C
10.086   9.5758   -2.751   L_CP3
9.9048   9.226    -2.6924  L_P34
9.7014   8.8592   -2.5603  L_P4M1
9.4371   8.4535   -2.5212  L_M12
9.15     7.9607   -2.4836  L_M23
8.8176   7.4872   -2.5565  L_DM3
9.7362   9.111    -1.439   L_MF
9.8625   9.0373   -1.9002  L_PCF
9.5432   7.7149   -2.0748  L_CB
9.0089   7.967    -2.2886  L_CL
9.3952   5.8061   -4.0927  L_COR
8.8886   5.6178   -3.4947  L_NOT
8.8421   4.975    -3.5779  L_CND
9.4542   10.6467  -2.276   O1
9.6826   8.2613   -1.7936  O2
6.4511   9.029    -1.7286  O3
8.784    5.6537   -2.1842  O4








































9.9425   10.5586  -2.8801  I_SYM
9.8717   10.4715  -2.87
9.8272   10.3891  -2.8249
9.7683   10.2999  -2.7774
9.7274   10.2442  -2.6899
9.6514   10.1473  -2.6346
9.5795   10.078   -2.5574
9.5563   10.008   -2.502
9.5279   9.9782   -2.4684
9.5056   9.9348   -2.4093
9.4574   9.8926   -2.3695
9.4171   9.8401   -2.3109
9.3797   9.8377   -2.2518
9.3465   9.7996   -2.1849
9.3117   9.7859   -2.1023
9.308    9.7775   -2.0472
9.3017   9.7638   -1.9942
9.2789   9.7793   -1.916
9.2806   9.7973   -1.8694
9.2466   9.765    -1.7855
9.198    9.7142   -1.689
9.1569   9.6324   -1.6437
9.1386   9.6218   -1.5996
9.1223   9.6099   -1.5623
9.122    9.6085   -1.4886
9.088    9.614    -1.4242
9.0884   9.5891   -1.3749
9.0699   9.5991   -1.3436
9.0445   9.5758   -1.3134











































































































































































5.4318   8.9633   -4.0923  R_RAM
5.5011   9.0292   -4.1535
5.5925   9.0718   -4.1598
5.6889   9.1342   -4.1178
5.7847   9.1585   -4.0409
5.8865   9.2012   -3.8898
5.9402   9.198    -3.8286
6.0231   9.1946   -3.6792
6.0876   9.1793   -3.6358
6.129    9.16     -3.5562
6.2371   9.1336   -3.382
6.267    9.1032   -3.2855
6.3216   9.0827   -3.1995
6.3383   9.067    -3.1282
6.3437   9.0665   -3.0193
6.3605   9.0323   -2.8786
6.4005   9.0299   -2.7417
6.3777   9.028    -2.5663
6.3835   9.0386   -2.4382
6.399    9.057    -2.3711




















































































































































































9.4569   5.8007   -4.0686  L_RAM
9.5174   5.8914   -4.0395
9.5418   5.9776   -4.026
9.5645   6.031    -4.0084
9.5656   6.1088   -3.9815
9.5783   6.1842   -3.9243
9.5632   6.2496   -3.8557
9.5604   6.3165   -3.7776
9.5508   6.3526   -3.7025
9.5357   6.4226   -3.6546
9.5248   6.4735   -3.5718
9.4847   6.5396   -3.4637
9.4577   6.5519   -3.3435
9.423    6.6246   -3.1808
9.399    6.6461   -3.1375
9.3683   6.6718   -3.0284
9.3088   6.8079   -2.689
9.3435   6.8176   -2.5729
9.3486   6.8809   -2.4865
9.3762   6.8703   -2.3947
9.4014   6.9023   -2.3059



















































































































































































7.4568   7.6126   -2.3069  MMF
6.9994   6.9507   -2.8388  GNA
8.0186   7.5423   -1.6832  O1
5.5433   7.3985   -2.2477  O2
6.8401   4.4121   -2.5467  O3
3.1408   6.1382   -2.0016  O4




7.8109   7.8923   -1.1715  E_SYM
7.8308   7.9199   -1.2376
7.8335   7.9098   -1.2925
7.8437   7.9084   -1.3507
7.8319   7.8884   -1.4098
7.8144   7.8588   -1.4766
7.8043   7.8422   -1.5207
7.7913   7.8256   -1.5605
7.793    7.8229   -1.6235
7.7605   7.8274   -1.6976
7.7583   7.8059   -1.763
7.7496   7.8014   -1.8004
7.7472   7.7725   -1.8905
7.7339   7.7354   -1.9579
7.7131   7.7021   -2.0127
7.7007   7.6406   -2.1054
7.6486   7.6005   -2.1753
7.6314   7.5739   -2.2191
7.5953   7.5405   -2.2862
7.5645   7.5028   -2.3606
7.5357   7.4818   -2.4047
7.4815   7.4117   -2.4735
7.4127   7.3538   -2.5379
7.4017   7.3434   -2.5483
7.3646   7.2924   -2.5981
7.3235   7.2376   -2.6394
7.2713   7.2198   -2.6698
7.2242   7.1713   -2.714
7.1815   7.1133   -2.7571
7.1379   7.0711   -2.7898
7.0825   7.0342   -2.8226
7.0546   7.0189   -2.8368
7.0191   6.9733   -2.8567
6.9991   6.9574   -2.8471
7.0063   6.9477   -2.7824





































































































































































5.6492   2.7329   -1.0332  R_PRAM
5.6998   2.7275   -1.1349
5.7884   2.733    -1.3377
5.8436   2.7727   -1.4634
5.8882   2.8059   -1.6595
5.9186   2.8249   -1.7547
5.9504   2.8559   -1.9158
5.9833   2.8742   -2.066
5.9896   2.883    -2.2242
6.0012   2.9063   -2.3542
6.0019   2.96     -2.461
5.9727   2.9991   -2.5882
5.9857   3.0473   -2.6958
5.9717   3.1115   -2.768
5.9566   3.1951   -2.8299
5.9442   3.2388   -2.9092
5.9548   3.3121   -2.9751
5.9661   3.3841   -3.0375
5.9753   3.4384   -3.0592
5.9848   3.5692   -3.1496
6.0087   3.6355   -3.2126
6.0455   3.7414   -3.2363
6.1025   3.8262   -3.2639
6.1941   3.9342   -3.2655
6.2693   4.0672   -3.2436
6.3519   4.211    -3.1972
6.4065   4.3011   -3.1766
6.4646   4.3968   -3.1439
6.5167   4.5079   -3.1181
6.563    4.6085   -3.141
6.6225   4.7105   -3.1231
6.6586   4.7782   -3.121
6.6754   4.8225   -3.1124
6.722    4.9044   -3.1365






































































































































































2.6898   5.4134   -1.1285  L_PRAM
2.6696   5.4771   -1.2078
2.6669   5.5394   -1.2743
2.6509   5.5676   -1.3568
2.6729   5.6262   -1.4624
2.7229   5.655    -1.5488
2.7534   5.6896   -1.6906
2.8037   5.7315   -1.8023
2.8217   5.7607   -1.9339
2.8283   5.7673   -2.0358
2.8464   5.7867   -2.1285
2.8541   5.7923   -2.2403
2.8856   5.8081   -2.3407
2.9302   5.8195   -2.449
2.9911   5.8264   -2.5865
3.0538   5.817    -2.7187
3.139    5.8351   -2.8263
3.28     5.8912   -2.9494
3.3611   5.8961   -3.0233
3.4318   5.9264   -3.0481
3.5075   5.9588   -3.0981
3.5936   5.9865   -3.1425
3.633    5.9786   -3.1449
3.7218   6.0135   -3.1755
3.7915   6.0741   -3.1686
3.8533   6.1326   -3.1704
3.9497   6.2156   -3.1672
4.0515   6.2979   -3.152
4.1532   6.3681   -3.1326
4.2505   6.447    -3.1055
4.367    6.5084   -3.0913
4.4407   6.5436   -3.0904
4.5247   6.5905   -3.0957
4.5881   6.6152   -3.0835
4.6621   6.6462   -3.0824
4.6994   6.6755   -3.092
4.7374   6.7001   -3.1007
4.8203   6.7516   -3.116


































































































































































6.7538   4.8822   -3.1431  ARC
6.7567   4.9727   -3.149
6.7703   5.0612   -3.1439
6.7941   5.1715   -3.1241
6.8047   5.2434   -3.1442
6.8492   5.3614   -3.1541
6.877    5.4396   -3.1772
6.9163   5.5427   -3.1659
6.949    5.6182   -3.1731
6.9838   5.7321   -3.1686
7.0086   5.8364   -3.1425
7.0447   5.9183   -3.1381
7.0668   6.0004   -3.1183
7.0905   6.1212   -3.087
7.105    6.1873   -3.0732
7.1638   6.3166   -3.0635
7.1574   6.3658   -3.0402
7.1613   6.4717   -2.9845
7.1527   6.5717   -2.9407
7.1933   6.6508   -2.9219
7.1566   6.6998   -2.8951
7.1686   6.7845   -2.888
7.1686   6.8746   -2.8809
7.1281   6.952    -2.8639
7.0612   6.9949   -2.8429
7.0264   7.0502   -2.8316
6.8838   7.032    -2.8595
6.7743   7.0536   -2.8769
6.6618   7.0837   -2.9022
6.5433   7.1125   -2.9439
6.4278   7.1018   -2.9869
6.3062   7.074    -3.0336
6.2174   7.0605   -3.0532
6.0885   7.0263   -3.0836
6.0101   7.0116   -3.0963
5.9072   6.9961   -3.1249
5.7971   6.9479   -3.1436
5.6997   6.9221   -3.1547
5.611    6.8875   -3.1642
5.5241   6.8781   -3.1557
5.4461   6.8668   -3.1516
5.3522   6.8157   -3.1601
5.2422   6.7753   -3.1432
5.1657   6.7531   -3.1317
5.0823   6.7153   -3.1358
4.9999   6.6773   -3.1335
4.9288   6.6883   -3.1314
4.8823   6.6746   -3.1285
4.7948   6.6346   -3.1313
4.7219   6.6191   -3.1291
