AMNH     55033    cak11ms.xls
11.665   9.5239   -2.2497  IS
12.2559  9.8731   -2.6468  ID
12.1     10.114   -2.6809  R_I12
11.8261  10.0319  -2.7067  R_I2C
11.4339  10.1677  -2.7596  R_CP3
11.0242  9.921    -2.7011  R_P34
10.6027  9.7106   -2.7579  R_P4M1
10.179   9.4156   -2.7692  R_M12
9.7876   9.0885   -2.7967  R_M23
9.2002   8.7337   -2.8848  R_DM3
11.0642  9.8084   -1.8809  R_MF
10.8208  9.8187   -2.164   R_PCF
9.2686 9.4192 -2.3432 R_CB
9.7913 8.9356 -2.5064 R_CL
7.8785   9.2648   -4.6838  R_COR
7.6727   8.7564   -4.0138  R_NOT
7.0186   8.7485   -4.1497  R_CND
9999     9999     9999     L_I12
12.4448  9.2531   -2.7638  L_I2C
12.312   8.9745   -2.7556  L_CP3
11.8669  8.5602   -2.651   L_P34
11.704   8.2564   -2.6227  L_P4M1
11.3772  7.9414   -2.641   L_M12
11.0027  7.6045   -2.6816  L_M23
10.5298  7.1748   -2.7953  L_DM3
11.8992  8.7916   -1.6866  L_MF
11.9516  8.5684   -2.0901  L_PCF
11.2454 7.2918 -2.2457 L_CB
10.8097 7.6509 -2.5068 L_CL
11.057   5.5815   -4.244   L_COR
10.449   5.5965   -3.6629  L_NOT
9999     9999     9999     L_CND
11.7604  10.191   -2.3319  O1
9.6922   9.5414   -2.1347  O2
10.7777  6.609    -2.1018  O3
7.5215   8.7322   -3.2721  O4








































12.2148  9.9455   -2.6938  I_SYM
12.1542  9.8931   -2.6672
12.1023  9.8513   -2.6561
12.0566  9.798    -2.6271
12.0107  9.7343   -2.5957
11.9497  9.7026   -2.5749
11.8933  9.6675   -2.5193
11.8174  9.5884   -2.4511
11.7684  9.5525   -2.4306
11.7319  9.5211   -2.393
11.7201  9.5484   -2.3906
11.689   9.5267   -2.2866
11.6721  9.5139   -2.2307
11.6957  9.5434   -2.0733
11.6716  9.5242   -1.9886
11.6183  9.5054   -1.9354
11.5555  9.4624   -1.8934
11.4918  9.4623   -1.8002
11.4569  9.4283   -1.731
11.4629  9.3953   -1.6777
11.4738  9.445    -1.549
11.4662  9.4352   -1.4825


















































































































































































7.8648   9.3069   -4.7016  R_RAM
7.9755   9.3396   -4.6677
8.084    9.3715   -4.6095
8.1837   9.3762   -4.5207
8.2897   9.3723   -4.4189
8.4156   9.376    -4.3019
8.466    9.3625   -4.2063
8.5374   9.3402   -4.0982
8.6372   9.294    -3.9268
8.6719   9.2714   -3.8119
8.7178   9.2686   -3.6332
8.7769   9.2427   -3.4603
8.825    9.2365   -3.329
8.8657   9.2379   -3.1766
8.9026   9.2447   -3.0078
8.9281   9.2896   -2.8652
8.9652   9.3097   -2.7461
8.9784   9.3217   -2.6654






















































































































































































11.0569  5.5949   -4.2559  L_RAM
11.1245  5.7324   -4.1678
11.1528  5.8606   -4.1638
11.1382  5.94     -4.0979
11.1346  6.0039   -4.0357
11.1284  6.0982   -3.9514
11.126   6.205    -3.8282
11.1147  6.2737   -3.7063
11.0799  6.3617   -3.5831
11.0662  6.4185   -3.4934
11.0572  6.4651   -3.3689
11.0378  6.5024   -3.2948
11.0099  6.5427   -3.2425
10.999   6.5674   -3.1871
10.9912  6.5999   -3.0912
10.968   6.6671   -2.9858
10.9798  6.7041   -2.8941
11.009   6.7379   -2.7489
11.017   6.7608   -2.6576
11.0358  6.7916   -2.5155




















































































































































































10.2236  8.8275   -2.3767  MMF
9.79     8.3495   -2.9773  GNA
10.6627  8.5187   -2.1226  O1
9.7643   6.7002   -2.439   O2
6.8872   8.0123   -2.2969  O3
8.6403   4.5322   -1.4259  O4




10.472   9.0462   -1.8605  E_SYM
10.4278  9.019    -1.9543
10.3575  8.9827   -2.0703
10.3306  8.9518   -2.1897
10.2762  8.9451   -2.302
10.2362  8.8988   -2.3605
10.2173  8.9082   -2.4832
10.133   8.8424   -2.6302
10.0362  8.7482   -2.7629
9.9821   8.6269   -2.8401
9.8711   8.5343   -2.9222
9.7957   8.4607   -2.9703
9.7656   8.4392   -2.9798
9.7461   8.4192   -2.9923


























































































































































































8.0641   4.2262   -0.8579  R_PRAM
8.1138   4.175    -1.0106
8.1479   4.1793   -1.1297
8.1879   4.1891   -1.2506
8.1967   4.2014   -1.442
8.2171   4.2105   -1.5771
8.2198   4.2254   -1.7672
8.2289   4.2292   -1.9402
8.2284   4.2514   -2.0381
8.2343   4.2483   -2.1708
8.2431   4.2518   -2.3048
8.2698   4.2713   -2.4091
8.2445   4.3252   -2.6496
8.2405   4.4359   -2.7899
8.2492   4.5073   -2.8646
8.2756   4.6011   -2.9519
8.2698   4.6768   -3.0398
8.276    4.7481   -3.078
8.2872   4.8385   -3.156
8.3606   4.9682   -3.2126
8.4285   5.1419   -3.2374
8.5053   5.2544   -3.2455
8.629    5.3734   -3.2339
8.6688   5.4139   -3.2448
8.7715   5.5737   -3.1955
8.8442   5.6663   -3.1897
8.9186   5.7931   -3.1544
8.9704   5.8835   -3.1541
9.0064   5.9409   -3.1524
9.0275   5.9981   -3.1361










































































































































































9999     9999     9999     L_PRAM







































































































































































































9.1693   6.2585   -3.1127  ARC
9.2542   6.4065   -3.1362
9.3618   6.6223   -3.149
9.4323   6.7943   -3.1533
9.4837   6.8962   -3.1704
9.5855   7.0911   -3.1744
9.6202   7.2281   -3.1751
9.6631   7.312    -3.1701
9.7236   7.4659   -3.1537
9.7706   7.6379   -3.1314
9.8288   7.7564   -3.1158
9.8654   7.8117   -3.0899
9.8773   7.9518   -3.0646
9.8821   8.0368   -3.0316
9.9246   8.1553   -3.0175
9.9206   8.2049   -3.0101
9.8977   8.2721   -2.983
9.915    8.3662   -2.9942
9.8688   8.4271   -2.9733
9.8181   8.49     -2.9407
9.7097   8.4214   -3.0201
9.5794   8.4741   -3.0139
9.368    8.4931   -3.0263
9.225    8.4732   -3.0637
8.9924   8.4295   -3.1168
8.855    8.3988   -3.133
8.7233   8.3342   -3.1467
8.5697   8.2489   -3.1557
8.3871   8.2039   -3.1602
8.2808   8.1803   -3.1662
8.123    8.113    -3.1589
7.941    8.0251   -3.1396
7.8039   8.0041   -3.1304
7.7073   7.9665   -3.1308
7.5522   7.8886   -3.1162
7.4788   7.8583   -3.1034
7.3756   7.7937   -3.1009
7.3132   7.7684   -3.098
