NMNH     367884   can1ms.xls
11.1341  10.8405  2.2676   IS
11.8931  11.5662  2.6468   ID
12.0519  11.2341  2.6654   R_I12
11.9432  10.884   2.6966   R_I2C
11.7464  10.4918  2.6521   R_CP3
11.4195  10.1181  2.6116   R_P34
11.1256  9.754    2.5395   R_P4M1
10.8055  9.3078   2.4839   R_M12
10.375   8.8095   2.4177   R_M23
9.9888   8.2426   2.5172   R_DM3
11.3121  10.0866  1.329    R_MF
11.3573  9.9428   1.9214   R_PCF
10.7418  8.4325   1.9417   R_CB
10.2502  8.9192   2.2828   R_CL
10.2357  6.696    3.9555   R_COR
9.6744   6.3698   3.4281   R_NOT
9.4461   5.557    3.5554   R_CND
11.633   11.6891  2.7036   L_I12
11.2385  11.5822  2.701    L_I2C
10.8695  11.4608  2.6915   L_CP3
10.4789  11.1637  2.623    L_P34
10.1106  10.903   2.5534   L_P4M1
9.697    10.6012  2.4949   L_M12
9.1505   10.1564  2.4168   L_M23
8.6196   9.8159   2.4856   L_DM3
10.1605  10.9782  1.3205   L_MF
10.3427  11.2298  2.1735   L_PCF
8.7866   10.5549  2.0211   L_CB
9.237    10.0686  2.2464   L_CL
7.0935   10.2223  4.0681   L_COR
6.6196   9.5677   3.5324   L_NOT
5.7443   9.3512   3.7442   L_CND
12.0269  11.1546  2.3467   O1
10.9977  9.0247   1.9352   O2
7.4939   9.8027   1.9633   O3
9.4904   6.3743   2.3554   O4








































11.8179  11.4738  2.7987   I_SYM
11.7723  11.4027  2.7562
11.7178  11.3585  2.7221
11.6292  11.3019  2.6976
11.5671  11.2458  2.6825
11.5025  11.2077  2.6493
11.4554  11.1752  2.6252
11.3926  11.0989  2.5681
11.3291  11.0622  2.528
11.2734  11.0163  2.4544
11.1904  10.9049  2.4039
11.1514  10.8849  2.3546
11.1325  10.8747  2.3122
11.1144  10.8274  2.2466
11.0876  10.8266  2.1617
11.1179  10.8257  2.1397
11.1074  10.8272  2.0515
11.1591  10.8839  1.9803
11.2397  10.9189  1.807
11.0778  10.7939  1.7366
11.0642  10.7731  1.702
11.0373  10.7512  1.677
11.0072  10.7458  1.6413
10.9947  10.7055  1.5622
11.0017  10.7161  1.5006
11.0219  10.7065  1.4286














































































































































































10.33    6.7532   3.975    R_RAM
10.4323  6.8686   3.8984
10.502   7.0133   3.8052
10.5395  7.1209   3.7056
10.5055  7.2055   3.5483
10.5112  7.2472   3.4834
10.4956  7.32     3.352
10.4823  7.3655   3.266
10.4387  7.4041   3.1581
10.4335  7.4314   3.0346
10.4199  7.4159   2.9194
10.3867  7.4108   2.7826
10.3716  7.4372   2.6565
10.3851  7.4908   2.5214
10.3848  7.5143   2.4178
10.4016  7.5655   2.3181
10.4307  7.6301   2.2571
10.4867  7.708    2.1806
10.5312  7.796    2.042
10.5853  7.8605   1.9876
10.6034  7.8851   1.9623
10.6329  7.9222   1.88


















































































































































































7.2777   10.3063  4.0176   L_RAM
7.3651   10.3464  3.9277
7.5078   10.3998  3.85
7.5008   10.3397  3.7301
7.5837   10.3326  3.6019
7.6605   10.3044  3.4059
7.6655   10.301   3.3266
7.6931   10.2702  3.2037
7.726    10.248   3.0971
7.8077   10.2173  3.0823
7.8076   10.2607  2.9093
7.7926   10.2056  2.8078
7.8406   10.2376  2.7486
7.8753   10.2051  2.6188
7.901    10.2151  2.532
7.9063   10.2593  2.3483
7.9848   10.2701  2.3097
8.0287   10.2988  2.203
8.0946   10.3656  2.1511
8.1009   10.371   2.0931
8.2064   10.4176  1.9373



















































































































































































9.0415   8.7515   2.2647   MMF
8.5548   8.2866   2.8888   GNA
8.9397   9.0449   1.6711   O1
6.7577   8.2092   2.1068   O2
7.4628   4.7239   2.654    O3
4.0506   6.7001   1.8826   O4




9.2711   8.9544   1.3798   E_SYM
9.2465   8.9627   1.4583
9.2408   8.9376   1.6166
9.2158   8.9159   1.6935
9.1888   8.9106   1.7944
9.1595   8.8911   1.8913
9.1472   8.8637   1.9792
9.0833   8.857    2.0852
9.0665   8.8022   2.1835
9.0083   8.7765   2.2569
8.9531   8.7713   2.3617
8.9227   8.7172   2.4365
8.8595   8.6895   2.553
8.8072   8.644    2.6312
8.7476   8.5869   2.7057
8.6945   8.5101   2.7809
8.6329   8.4461   2.8461
8.6042   8.4318   2.8649
8.5517   8.3796   2.901
8.5291   8.3128   2.8851




















































































































































































3.5426   5.7516   1.0837   R_PRAM
3.4617   5.8674   1.1558
3.4557   5.9276   1.249
3.4734   6.051    1.397
3.4954   6.1211   1.5089
3.5499   6.1689   1.6039
3.5955   6.2221   1.7761
3.6457   6.2394   1.9125
3.6522   6.2431   2.0272
3.6696   6.2647   2.1551
3.7102   6.2722   2.2727
3.7257   6.302    2.3752
3.7703   6.2905   2.4699
3.78     6.2679   2.5629
3.8259   6.2343   2.6666
3.8684   6.2171   2.7335
3.911    6.1793   2.8303
3.957    6.1561   2.8936
4.0222   6.1227   2.9612
4.0797   6.0936   3.0044
4.1505   6.0843   3.0815
4.197    6.0955   3.1174
4.2458   6.1336   3.1874
4.2401   6.1106   3.1814
4.3224   6.1402   3.2356
4.3738   6.1997   3.2669
4.5291   6.2474   3.3382
4.6304   6.3134   3.3575
4.7127   6.3836   3.3681
4.8433   6.4538   3.3718
4.8787   6.5131   3.3825
4.9936   6.6109   3.3567
5.0603   6.6906   3.3475
5.1126   6.7556   3.3286
5.2166   6.8513   3.2783
5.281    6.9245   3.2822
5.2994   6.9357   3.2417
5.3631   7.0254   3.2388
5.4651   7.0884   3.2149
5.5532   7.169    3.2013
5.6125   7.2277   3.2
5.7149   7.264    3.19
5.739    7.2803   3.1978
5.7595   7.2825   3.1909




























































































































































6.3484   2.9694   1.5345   L_PRAM
6.3664   3.0078   1.5798
6.3952   3.0349   1.6467
6.4314   3.0932   1.7166
6.4727   3.1251   1.8236
6.5036   3.2088   1.9789
6.5045   3.2606   2.089
6.5221   3.3047   2.2495
6.5038   3.3593   2.3472
6.5095   3.4087   2.4797
6.4873   3.4669   2.6396
6.4866   3.5281   2.7822
6.4172   3.6007   2.9216
6.3597   3.6773   3.0085
6.2872   3.7441   3.0744
6.2696   3.7972   3.1581
6.2554   3.8535   3.2382
6.2403   3.9882   3.3363
6.2323   4.0856   3.3919
6.2846   4.1992   3.4824
6.3347   4.3489   3.6101
6.4067   4.4841   3.6492
6.4796   4.6132   3.6662
6.5812   4.7631   3.7079
6.634    4.8269   3.6121
6.7315   4.909    3.5949
6.9108   5.0229   3.5556
7.0087   5.1047   3.5398
7.0711   5.1776   3.5322
7.1393   5.2636   3.5313
7.2227   5.3581   3.5217
7.2549   5.4363   3.5059
7.333    5.5297   3.5075
7.3438   5.5779   3.4926
7.4067   5.653    3.494
7.2923   5.672    3.5732




































































































































































5.8963   7.3949   3.1819   ARC
5.9978   7.4656   3.1647
6.0748   7.4838   3.1587
6.1536   7.5618   3.1532
6.2335   7.586    3.1361
6.3423   7.6721   3.1258
6.4261   7.7039   3.1144
6.5246   7.7591   3.1093
6.5974   7.7958   3.0817
6.6619   7.8655   3.0834
6.72     7.8962   3.0783
6.818    7.9265   3.0565
6.8888   7.9591   3.0523
6.9625   8.0127   3.054
7.0579   8.0757   3.0571
7.1208   8.086    3.0582
7.2058   8.1324   3.0603
7.2907   8.1875   3.0473
7.3505   8.217    3.043
7.4745   8.2654   3.0114
7.5836   8.3045   3.0036
7.6752   8.3231   2.971
7.782    8.3806   2.9581
7.8532   8.4027   2.9544
7.9165   8.4247   2.9395
8.0422   8.4582   2.9087
8.1515   8.4736   2.9002
8.2672   8.4778   2.8848
8.3545   8.4545   2.8628
8.4387   8.4414   2.8639
8.5037   8.4272   2.8818
8.5976   8.3203   2.8915
8.6297   8.1684   2.9106
8.6402   8.0798   2.9202
8.6261   7.905    2.9759
8.5769   7.7616   3.0399
8.5328   7.645    3.0867
8.4652   7.4755   3.167
8.4213   7.3669   3.2144
8.3498   7.2153   3.2597
8.2829   7.0615   3.3049
8.2211   6.9521   3.3184
8.1592   6.8608   3.3321
8.1062   6.727    3.34
8.0381   6.6282   3.3548
7.9672   6.553    3.3541
7.9457   6.4602   3.3657
7.8807   6.3698   3.3942
7.7859   6.2589   3.3925
7.7309   6.1221   3.4163
7.6729   6.0463   3.4222
7.6085   5.9894   3.4241
7.5381   5.9189   3.4382
7.52     5.8709   3.4446
7.4579   5.8061   3.4628
7.4544   5.7352   3.4753
