NMNH     367903   can11ms.xls
12.0769  9.985    2.0846   IS
12.8526  10.7373  2.5831   ID
13.0279  10.4387  2.6337   R_I12
12.9336  10.0483  2.6425   R_I2C
12.684   9.6014   2.6205   R_CP3
12.3469  9.1807   2.5554   R_P34
11.9883  8.7893   2.5006   R_P4M1
11.6385  8.302    2.4623   R_M12
11.1796  7.7869   2.4415   R_M23
10.8011  7.2502   2.6235   R_DM3
12.3263  9.2521   1.3216   R_MF
12.3418  9.1336   1.8182   R_PCF
11.6294  7.4698   1.8475   R_CB
11.0765  7.9198   2.263    R_CL
11.2202  6.162    4.0224   R_COR
10.7077  5.7789   3.6092   R_NOT
10.3657  4.9594   3.816    R_CND
12.5921  10.8747  2.6559   L_I12
12.2374  10.92    2.6727   L_I2C
11.7969  10.6694  2.5937   L_CP3
11.3204  10.3419  2.5528   L_P34
10.8701  10.0194  2.4786   L_P4M1
10.4439  9.678    2.4505   L_M12
9.9512   9.2836   2.4232   L_M23
9.2858   8.9519   2.5117   L_DM3
11.4518  10.3075  1.3559   L_MF
11.1496  10.3035  2.01     L_PCF
9.5892   9.7269   2.0437   L_CB
9.99     9.1897   2.3024   L_CL
8.1853   9.5205   4.0616   L_COR
7.67     8.9855   3.6736   L_NOT
6.8966   8.8247   3.8246   L_CND
12.9619  10.1862  2.1522   O1
11.8166  7.9636   1.8201   O2
8.781    9.4127   1.9902   O3
10.5772  5.7979   2.3326   O4








































12.8308  10.6704  2.7203   I_SYM
12.7323  10.5421  2.6507
12.6633  10.5326  2.6448
12.614   10.4692  2.6308
12.5406  10.4284  2.6005
12.4973  10.3965  2.5695
12.4766  10.3602  2.529
12.4146  10.295   2.4905
12.3688  10.259   2.4276
12.3252  10.2264  2.3973
12.2417  10.145   2.3143
12.1871  10.0706  2.2379
12.15    10.0491  2.2238
12.0915  9.9902   2.1361
12.0774  9.9726   2.0283
12.1004  9.9696   1.9269
12.129   10.0168  1.823
12.136   10.0282  1.6927
12.0691  9.9652   1.5515
12.0328  9.9061   1.5484
11.9723  9.8925   1.5015
11.9526  9.8615   1.4458
11.9226  9.8146   1.3768
11.8986  9.7984   1.312
11.8588  9.8208   1.2399















































































































































































11.2047  6.1533   4.0419   R_RAM
11.3602  6.3629   3.8765
11.3902  6.4612   3.7738
11.4043  6.5418   3.646
11.4156  6.6944   3.4408
11.4099  6.7213   3.2998
11.4031  6.7571   3.1776
11.3923  6.7892   3.0019
11.3767  6.8049   2.8805
11.3844  6.8447   2.8057
11.4214  6.8948   2.5756
11.438   6.9262   2.5378
11.4716  6.9643   2.375
11.5041  6.9802   2.2812
11.5138  7.0068   2.2307
11.5705  7.057    2.1571
11.5536  7.0628   2.0397























































































































































































8.136    9.5238   4.0567   L_RAM
8.2435   9.5725   4.0144
8.3292   9.5999   3.9629
8.4222   9.6342   3.8984
8.478    9.6386   3.8
8.5246   9.6447   3.7379
8.5861   9.6483   3.6227
8.6435   9.6457   3.5348
8.6715   9.6373   3.4358
8.6962   9.6184   3.3698
8.7363   9.6167   3.2855
8.7807   9.5904   3.0918
8.7921   9.5869   2.969
8.8254   9.5836   2.884
8.865    9.5771   2.7952
8.8786   9.6014   2.5789
8.8972   9.6045   2.5132
8.9201   9.6277   2.4576
8.9514   9.6167   2.401
8.9739   9.6485   2.3373
8.9799   9.6437   2.337
9.0403   9.6838   2.311
9.0601   9.6787   2.228
9.0909   9.6796   2.1524
















































































































































































10.1106  8.0319   2.373    MMF
9.5472   7.543    2.8247   GNA
9.9328   8.5867   1.7947   O1
7.648    7.6019   2.2586   O2
8.8719   4.4557   2.0747   O3
5.3948   6.5091   1.8073   O4




10.4407  8.4833   1.3936   E_SYM
10.4668  8.4551   1.5225
10.4341  8.4535   1.6458
10.3854  8.4132   1.7217
10.3503  8.3403   1.921
10.2954  8.3064   2.1233
10.2119  8.2361   2.2144
10.1414  8.1165   2.3456
10.033   8.0175   2.5276
9.8765   7.8966   2.6824
9.7773   7.8355   2.7334
9.6681   7.724    2.8018
9.5865   7.6421   2.8374
9.5451   7.5821   2.8294


























































































































































































4.6315   5.6624   0.708    R_PRAM
4.6555   5.7128   0.7916
4.624    5.7982   0.9076
4.6284   5.8356   1.0138
4.658    5.8981   1.1381
4.7003   5.9425   1.2699
4.7504   5.9814   1.369
4.8235   6.0301   1.5626
4.8809   6.0408   1.7685
4.9176   6.0786   1.8805
4.9247   6.0647   1.9566
4.9337   6.1146   2.0409
4.97     6.0848   2.1141
5.0509   6.0633   2.3232
5.1269   6.0447   2.3877
5.2408   6.0481   2.5458
5.341    6.0345   2.6306
5.4009   6.0532   2.769
5.5272   6.047    2.8069
5.6743   6.0855   2.8783
5.8298   6.1806   2.9863
6.0082   6.2878   3.0244
6.2247   6.4247   3.0149
6.289    6.4793   2.9938
6.4417   6.6034   2.9854
6.5624   6.7375   2.9923
6.6752   6.7985   2.9946
6.7868   6.8384   2.9997
6.9115   6.9223   3.0007











































































































































































7.4031   2.7779   0.5833   L_PRAM
7.4764   2.7569   0.6803
7.5571   2.7335   0.8454
7.6231   2.7483   0.9279
7.6357   2.7591   0.9853
7.7134   2.8306   1.2038
7.7573   2.8749   1.3145
7.7559   2.9615   1.5011
7.779    3.0124   1.701
7.7882   3.0057   1.7831
7.8104   3.0141   1.9657
7.8078   3.0611   2.0712
7.8246   3.1611   2.2781
7.7769   3.3437   2.4663
7.789    3.465    2.6072
7.8579   3.6438   2.7522
7.8917   3.7565   2.8179
7.9829   3.9402   2.915
8.1322   4.0989   2.9354
8.2697   4.2939   2.9325
8.3783   4.4394   2.9367
8.4541   4.5062   2.9183
8.5367   4.6343   2.9321
8.6357   4.7995   2.9609
8.688    4.8825   2.9856
8.7583   4.9612   2.9856














































































































































































7.1263   7.0376   3.0037   ARC
7.2131   7.0559   3.0143
7.4519   7.1758   3.0141
7.6706   7.27     3.0359
7.7781   7.3322   2.998
8.0053   7.4474   2.995
8.2393   7.523    3.0163
8.459    7.6207   2.9924
8.7087   7.6587   3.0011
8.9105   7.693    2.9726
9.0733   7.7301   2.9329
9.2646   7.7291   2.9146
9.4797   7.6905   2.8798
9.6352   7.5225   2.8412
9.6058   7.3247   2.8409
9.6154   7.1159   2.922
9.5473   6.8077   2.9578
9.5214   6.6588   2.9888
9.4948   6.5304   3.002
9.3758   6.2553   2.9928
9.2807   6.0064   2.9843
9.1474   5.7936   2.9889
9.0636   5.7169   2.9925
8.9697   5.5125   2.9932
8.9035   5.2999   2.9984
8.8422   5.1959   2.9901
8.7982   5.0593   2.9771
