NMNH     367908   can14ms.xls
12.4909  10.9274  2.6468   IS
13.1547  11.5531  3.3109   ID
13.3144  11.2679  3.2983   R_I12
13.302   10.8814  3.2641   R_I2C
13.0813  10.4413  3.1378   R_CP3
12.6737  10.0214  2.9899   R_P34
12.2814  9.624    2.8614   R_P4M1
11.9574  9.305    2.7809   R_M12
11.5047  8.8161   2.6443   R_M23
11.1597  8.2253   2.6273   R_DM3
12.8355  10.2319  1.7987   R_MF
12.8561  10.034   2.2213   R_PCF
12.0101  8.3129   2.2297   R_CB
11.4618  8.8918   2.5092   R_CL
11.3626  6.6002   4.2861   R_COR
10.7437  6.403    3.5196   R_NOT
10.3842  5.649    3.6347   R_CND
12.947   11.6924  3.3081   L_I12
12.5105  11.6791  3.2428   L_I2C
12.1136  11.4716  3.0873   L_CP3
11.5987  11.157   2.9058   L_P34
11.2996  10.8329  2.7563   L_P4M1
10.8814  10.472   2.6776   L_M12
10.3757  10.0662  2.5508   L_M23
9.6905   9.8201   2.5574   L_DM3
11.8571  11.2661  1.8364   L_MF
11.6988  11.3445  2.3235   L_PCF
10.0435  10.681   2.1437   L_CB
10.4262  10.0227  2.3305   L_CL
8.1892   10.3506  4.1577   L_COR
7.9001   9.7287   3.4461   L_NOT
7.0038   9.4003   3.5344   L_CND
13.3521  11.0412  2.7973   O1
12.3333  8.9382   1.9548   O2
9.0906   10.3147  2.3955   O3
10.8374  6.5485   2.3787   O4








































13.1595  11.4957  3.3526   I_SYM
13.0296  11.3818  3.2924
12.9582  11.3704  3.2584
12.8807  11.3033  3.1991
12.8314  11.2411  3.1481
12.7482  11.1636  3.038
12.7051  11.1323  2.9709
12.6554  11.0893  2.9287
12.6011  11.0382  2.8623
12.5696  11.0271  2.8293
12.5146  10.9303  2.7212
12.5048  10.9093  2.6373
12.504   10.9248  2.522
12.5063  10.9316  2.4408
12.5309  10.9286  2.3515
12.5423  10.9894  2.3177
12.4824  10.9149  2.247
12.5275  10.9119  2.1189
12.4809  10.824   2.0241
12.4425  10.8068  1.9719
12.4092  10.7576  1.886
12.3924  10.7367  1.8531
12.3582  10.7494  1.7091
12.3687  10.7683  1.6691
















































































































































































11.3899  6.6592   4.2785   R_RAM
11.5934  6.9237   4.1781
11.6309  7.0156   4.047
11.6621  7.1596   3.8983
11.6842  7.2791   3.7674
11.701   7.3527   3.6214
11.6902  7.4214   3.5004
11.6813  7.5448   3.3274
11.6819  7.5499   3.1781
11.6633  7.5911   3.0785
11.6533  7.6361   2.987
11.6615  7.6341   2.8891
11.6365  7.5793   2.779
11.6901  7.6651   2.6954
11.7147  7.7343   2.6029
11.7473  7.7695   2.4952
11.7619  7.7908   2.423
11.8165  7.852    2.2698
11.8188  7.8856   2.1631





















































































































































































8.1908   10.3469  4.153    L_RAM
8.2724   10.3929  4.1521
8.3486   10.4504  4.1127
8.5544   10.4732  4.0307
8.6131   10.4855  3.9914
8.6688   10.5002  3.9184
8.7226   10.4982  3.8361
8.8405   10.5051  3.6798
8.8749   10.4765  3.593
8.9503   10.4583  3.4523
9.0098   10.4652  3.2381
9.0395   10.4452  3.1355
9.1242   10.434   3.0106
9.1499   10.405   2.8874
9.2258   10.4031  2.8008
9.2644   10.4183  2.6678
9.3915   10.4313  2.5533
9.4122   10.46    2.4282
9.5187   10.5022  2.3205
9.5352   10.5129  2.3334
9.6763   10.5544  2.2553



















































































































































































10.4123  8.7702   2.3301   MMF
9.8636   8.3005   2.9078   GNA
10.1923  9.2205   1.7653   O1
8.0046   8.3532   2.5003   O2
9.1232   5.0462   1.9131   O3
5.5112   7.1129   1.9355   O4




10.7444  9.1343   1.3024   E_SYM
10.7307  9.1376   1.3984
10.7333  9.1257   1.4786
10.7158  9.1089   1.564
10.6956  9.0536   1.6698
10.6691  9.0459   1.7508
10.634   9.0537   1.805
10.5818  9.0397   1.8963
10.5411  8.9627   2.0222
10.4725  8.9377   2.1441
10.4311  8.9054   2.218
10.3781  8.7999   2.3627
10.2938  8.777    2.4907
10.2767  8.7491   2.5465
10.2184  8.6596   2.6403
10.1456  8.619    2.7189
10.0781  8.5522   2.8141
9.9924   8.4662   2.8786
9.9413   8.4294   2.9107
9.8904   8.3392   2.9355
9.8448   8.2967   2.9344
9.7993   8.2502   2.9001


















































































































































































4.7165   6.1373   0.9688   R_PRAM
4.7172   6.1957   1.0823
4.7495   6.2671   1.1583
4.8093   6.3729   1.3198
4.8372   6.4217   1.436
4.9636   6.4885   1.6896
5.0435   6.5288   1.8236
5.0775   6.5556   1.9164
5.144    6.6022   2.1513
5.1687   6.6495   2.255
5.2441   6.739    2.4819
5.3036   6.7492   2.6653
5.4386   6.7718   2.8682
5.4673   6.8137   2.9309
5.5646   6.8775   3.0708
5.7182   6.9745   3.2389
5.8894   7.0232   3.3421
5.9707   7.0876   3.3925
6.0782   7.1331   3.4158
6.2516   7.174    3.3988
6.4745   7.3332   3.351
6.6723   7.417    3.3036
6.7689   7.4514   3.277
6.8843   7.4922   3.2498
6.9875   7.5632   3.2485
7.1133   7.5808   3.2308
7.1729   7.6146   3.2368













































































































































































7.5257   3.2056   1.0954   L_PRAM
7.5997   3.2456   1.2131
7.6817   3.3224   1.3981
7.7194   3.3824   1.5028
7.7866   3.4844   1.694
7.8155   3.5422   1.7767
7.846    3.6037   1.8391
7.8942   3.6845   2.0428
7.9288   3.7337   2.1636
7.982    3.8064   2.367
8.0186   3.8093   2.4582
8.0787   3.8308   2.5522
8.1277   3.8896   2.6857
8.1544   3.884    2.7376
8.2175   3.9769   2.8933
9999     9999     9999
8.8401   5.0973   3.3663
8.8755   5.1896   3.363
8.9706   5.3404   3.3228
9.0112   5.4098   3.3126
9.0335   5.4662   3.2952



















































































































































































7.4952   7.7505   3.1916   ARC
7.5912   7.8028   3.197
7.7366   7.8641   3.1937
7.8979   7.9331   3.1895
8.0169   8.0008   3.189
8.217    8.0679   3.1762
8.3425   8.0774   3.1561
8.4489   8.1439   3.1448
8.6429   8.1896   3.1199
8.8398   8.2628   3.0792
9.0294   8.2789   3.0464
9.2061   8.3267   3.0151
9.3713   8.3744   2.9903
9.4074   8.3901   2.979
9.5012   8.3955   2.9421
9.6412   8.4054   2.937
9.7672   8.3973   2.9139
9.8667   8.4035   2.9208
9.9667   8.1732   2.9389
9.9423   8.0113   2.9498
9.8932   7.7437   3.0173
9.8179   7.4315   3.1146
9.7181   7.1982   3.1296
9.6675   7.0766   3.1592
9.5845   6.8494   3.1879
9.5075   6.6189   3.2296
9.4005   6.346    3.2607
9.3595   6.1897   3.2526
9.2356   6.0388   3.2483
9.1784   5.8961   3.2517
9.1188   5.8123   3.2634
