NMNH     367913   can16ms.xls
10.8654  9.8399   2.3819   IS
11.5077  10.5374  2.9788   ID
11.7455  10.2967  2.9487   R_I12
11.6838  9.9099   2.8882   R_I2C
11.5676  9.4719   2.7759   R_CP3
11.1688  9.0476   2.7114   R_P34
10.9045  8.7407   2.5932   R_P4M1
10.6431  8.3491   2.5305   R_M12
10.1686  7.8952   2.4193   R_M23
9.8075   7.3333   2.4221   R_DM3
11.0763  9.192    1.4869   R_MF
11.2153  9.0916   1.8948   R_PCF
10.4916  7.5562   1.6894   R_CB
10.0342  7.943    2.2539   R_CL
10.0007  5.8503   3.7621   R_COR
9.4186   5.438    3.275    R_NOT
9.1672   4.6925   3.1779   R_CND
11.3417  10.7439  2.8681   L_I12
10.8403  10.618   2.8698   L_I2C
10.5515  10.5492  2.7787   L_CP3
10.1105  10.194   2.671    L_P34
9.7253   9.9172   2.5565   L_P4M1
9.2821   9.633    2.4661   L_M12
8.8527   9.258    2.381    L_M23
8.2516   8.8866   2.4058   L_DM3
10.1659  10.0205  1.3978   L_MF
9.9211   10.1859  2.0307   L_PCF
8.4638   9.5822   2.0544   L_CB
8.9743   9.182    2.2098   L_CL
6.7703   9.1763   3.7514   L_COR
6.3564   8.6552   3.2341   L_NOT
5.5856   8.4006   3.0842   L_CND
11.746   10.03    2.3382   O1
10.696   8.0824   1.6773   O2
7.5665   9.1187   2.0611   O3
9.2886   5.5897   2.1379   O4








































11.572   10.5706  3.0061   I_SYM
11.5069  10.4474  2.9572
11.4226  10.4186  2.8973
11.3768  10.3674  2.8727
11.3205  10.3193  2.8133
11.2719  10.2636  2.7625
11.1697  10.1839  2.6871
11.1427  10.1406  2.6423
11.0967  10.129   2.6264
11.0668  10.0611  2.5763
11.0143  10.0391  2.5438
10.9722  9.972    2.4958
10.9354  9.9551   2.4804
10.9044  9.9058   2.4316
10.8788  9.8648   2.4076
10.8616  9.8374   2.356
10.8789  9.8231   2.307
10.9016  9.8736   2.1861
10.9239  9.8836   2.1155
11.0192  9.9575   1.9029
10.9371  9.875    1.8593
10.885   9.8374   1.8605
10.8288  9.7935   1.8353
10.8157  9.7738   1.8083
10.7574  9.7268   1.7557
10.7339  9.6914   1.6848
10.7175  9.6668   1.6233
10.705   9.6278   1.5725
10.6689  9.6138   1.5039
10.6538  9.5913   1.4705
10.6313  9.566    1.2889
10.6357  9.6001   1.2549








































































































































































9.9971   5.7982   3.7543   R_RAM
10.1197  6.0272   3.7169
10.1314  6.1258   3.6698
10.1591  6.2095   3.6009
10.148   6.2983   3.5289
10.1312  6.398    3.4075
10.1159  6.4138   3.3011
10.1099  6.4989   3.1347
10.1099  6.5535   3.0137
10.1074  6.5936   2.7614
10.1233  6.6994   2.5188
10.1614  6.7611   2.2863
10.2419  6.8542   2.161
10.2385  6.8793   2.0896
10.2716  6.9096   2.0394
10.3248  7.0261   1.9643
























































































































































































6.7209   9.2342   3.717    L_RAM
6.79     9.2608   3.721
6.8702   9.3017   3.6944
6.9572   9.3043   3.6573
7.0366   9.3319   3.5897
7.092    9.3395   3.5433
7.1444   9.3342   3.5142
7.162    9.3293   3.4732
7.248    9.3213   3.4018
7.3538   9.2954   3.1848
7.4055   9.286    3.122
7.4344   9.2772   3.0487
7.4576   9.2672   2.9853
7.5648   9.2487   2.8113
7.5799   9.2293   2.7157
7.6078   9.2328   2.6256
7.6474   9.2496   2.4963
7.6833   9.2774   2.4174
7.7075   9.2933   2.3466
7.7661   9.3111   2.2977
7.7971   9.3601   2.2615
7.8294   9.3738   2.2007
7.8615   9.3802   2.1614
7.9012   9.4151   2.0477
















































































































































































8.9602   8.1393   2.2432   MMF
8.4033   7.4792   2.8808   GNA
8.7588   8.5049   1.7941   O1
6.8189   7.4919   2.4581   O2
7.8491   4.3534   1.9734   O3
4.2991   6.0864   2.025    O4




9.3429   8.4119   1.3039   E_SYM
9.3149   8.449    1.4196
9.2851   8.406    1.5544
9.2624   8.3829   1.5992
9.2144   8.3559   1.7027
9.1916   8.332    1.7808
9.1523   8.3116   1.9067
9.0259   8.2111   2.1374
8.9322   8.1462   2.3248
8.8891   8.1053   2.4111
8.8083   7.9794   2.5844
8.7201   7.8838   2.6736
8.593    7.755    2.7742
8.5629   7.6996   2.8007
8.4627   7.6006   2.8585
8.4091   7.5375   2.8833
8.4216   7.5261   2.8704
8.3645   7.4553   2.8518






















































































































































































3.6082   5.3543   1.4067   R_PRAM
3.6258   5.4497   1.4993
3.7203   5.6072   1.673
3.7515   5.6323   1.748
3.8749   5.6774   1.9867
3.9305   5.6682   2.0948
3.9646   5.6552   2.2126
4.0563   5.656    2.535
4.1488   5.627    2.6979
4.2052   5.6118   2.7263
4.3448   5.6153   2.8763
4.4905   5.6735   2.9705
4.6435   5.7556   3.0855
4.7942   5.8732   3.1517
4.8381   5.8493   3.1444
4.9649   5.8816   3.1676
5.0441   5.964    3.1638
5.1875   6.1623   3.129
5.2541   6.217    3.099
5.4076   6.329    3.0889
5.5644   6.4454   3.0598
5.7267   6.5419   3.0559
5.8668   6.6218   3.056
5.9837   6.6939   3.0585
















































































































































































6.477    2.5538   1.4351   L_PRAM
6.6246   2.6209   1.5462
6.7017   2.7395   1.7576
6.728    2.7714   1.8493
6.7665   2.8685   2.0044
6.7948   2.8897   2.1403
6.7855   3.037    2.476
6.7524   3.1328   2.6147
6.7002   3.1912   2.6852
6.6475   3.2839   2.777
6.6706   3.3686   2.8563
6.6635   3.4277   2.9425
6.6884   3.4796   2.9647
6.7258   3.5517   3.0209
6.7569   3.6131   3.0605
6.7942   3.6897   3.0949
6.8454   3.7558   3.105
6.8818   3.8722   3.1391
6.8706   3.8725   3.1319
6.9553   4.0189   3.1403
7.037    4.1502   3.1352
7.1516   4.2421   3.0455
7.2402   4.3202   3.0057
7.3698   4.4296   3.0161
7.4999   4.5747   2.9896
7.5568   4.7011   3.0052
7.6391   4.8362   3
7.6796   4.9041   3.0218












































































































































































6.1134   6.7993   3.0616   ARC
6.1857   6.8262   3.0703
6.3857   6.9274   3.0659
6.4708   6.9946   3.0694
6.7425   7.117    3.0815
6.9044   7.1772   3.0825
7.1988   7.3063   3.0811
7.3466   7.3344   3.0745
7.5337   7.4377   3.0684
7.6385   7.4897   3.0472
7.8878   7.5353   2.9853
7.9924   7.555    2.959
8.1433   7.614    2.9312
8.2925   7.5572   2.9184
8.3531   7.5306   2.8898
8.4238   7.4692   2.8956
8.5572   7.3499   2.8889
8.5025   7.202    2.9028
8.4749   7.0838   2.928
8.4967   6.8709   2.9925
8.483    6.7834   3.0124
8.3996   6.5744   3.0331
8.3092   6.355    3.0342
8.2359   6.1099   3.0339
8.1473   5.893    3.0444
8.1188   5.8195   3.0483
8.0534   5.6428   3.0229
7.9645   5.4411   3.0179
7.8435   5.2555   3.0144
7.7737   5.1221   3.0205
7.7238   4.9935   3.0111
