NMNH     367901   can10ms.xls
11.0777  10.076   2.184    IS
11.9602  10.898   2.8093   ID
12.1173  10.5732  2.7591   R_I12
12.0306  10.1708  2.77     R_I2C
11.8738  9.7258   2.7289   R_CP3
11.4859  9.3469   2.6479   R_P34
11.1542  8.9909   2.6002   R_P4M1
10.8101  8.5837   2.5698   R_M12
10.3163  8.0646   2.5291   R_M23
10.0072  7.5857   2.659    R_DM3
11.4845  9.4731   1.3862   R_MF
11.5972  9.3703   1.9869   R_PCF
10.8515  7.6683   1.9808   R_CB
10.2703  8.1456   2.3625   R_CL
10.4713  6.1699   3.9843   R_COR
9.838    5.7543   3.4686   R_NOT
9.5669   4.838    3.5818   R_CND
11.7129  11.0598  2.7242   L_I12
11.283   10.9339  2.7962   L_I2C
10.8907  10.8514  2.7535   L_CP3
10.4445  10.4849  2.6922   L_P34
10.0847  10.2066  2.641    L_P4M1
9.6153   9.8346   2.583    L_M12
9.1022   9.4558   2.5227   L_M23
8.6152   9.1423   2.6674   L_DM3
10.399   10.5307  1.5727   L_MF
10.3946  10.6256  2.1605   L_PCF
8.8201   9.9903   1.9897   L_CB
9.1721   9.3558   2.347    L_CL
7.272    9.6223   4.1181   L_COR
6.8341   9.0586   3.5583   L_NOT
5.9048   8.8572   3.7212   L_CND
12.0696  10.2721  2.2126   O1
11.0806  8.1989   1.9297   O2
7.8151   9.4719   2.4611   O3
9.6907   5.6466   2.4565   O4








































11.9592  10.856   2.8238   I_SYM
11.8476  10.7826  2.8446
11.784   10.7031  2.7962
11.7304  10.6393  2.7554
11.6572  10.5638  2.7078
11.5756  10.4756  2.6387
11.5017  10.399   2.5924
11.4403  10.3426  2.5381
11.3822  10.2916  2.4747
11.2971  10.2386  2.4032
11.246   10.218   2.3702
11.2179  10.1531  2.3407
11.1457  10.1199  2.3092
11.1154  10.0716  2.2606
11.1014  10.0496  2.1938
11.0784  10.0571  2.0477
11.0931  10.0806  1.9441
11.1232  10.087   1.8577
11.0834  10.0688  1.7433
11.0574  10.0504  1.7189
11.0301  10.0293  1.6528
10.9741  9.9851   1.5787
10.9723  9.9829   1.5445
10.9516  9.9532   1.4738
10.9463  9.9472   1.3931















































































































































































10.456   6.179    3.9777   R_RAM
10.5099  6.2837   3.9133
10.5192  6.4176   3.8078
10.5124  6.4853   3.7001
10.5372  6.5757   3.5542
10.5205  6.6015   3.4874
10.5295  6.6938   3.3853
10.5313  6.7271   3.2531
10.5207  6.8176   3.1965
10.5089  6.8307   3.1131
10.5148  6.8475   3.0062
10.5207  6.892    2.9523
10.5056  6.8976   2.8081
10.5299  6.9411   2.7088
10.536   6.9641   2.6218
10.5608  6.9763   2.575
10.5794  6.9769   2.4855
10.6291  7.0717   2.3742
10.647   7.0766   2.3109
10.6828  7.1421   2.2649
10.7024  7.2052   2.1585
10.7098  7.2398   2.121


















































































































































































7.2606   9.6168   4.1297   L_RAM
7.3587   9.6747   4.1125
7.4278   9.6261   4.0872
7.456    9.6715   4.0069
7.5345   9.6985   3.9219
7.5673   9.6964   3.8418
7.6443   9.7129   3.76
7.6643   9.6883   3.6636
7.7272   9.6896   3.5246
7.7745   9.7023   3.4369
7.8333   9.674    3.3474
7.8683   9.6695   3.2988
7.9098   9.666    3.0903
7.9382   9.6748   2.9586
7.959    9.6867   2.8165
7.9947   9.6891   2.7611
8.0211   9.6971   2.7193
8.0495   9.7167   2.6735
8.0856   9.7563   2.6077
8.134    9.7663   2.4903
8.2008   9.8118   2.2355



















































































































































































9.5791   8.3349   2.5189   MMF
9.1454   7.9286   3.0184   GNA
9.228    8.8334   1.8657   O1
7.2289   7.8992   2.3433   O2
8.4174   4.5904   1.9061   O3
4.6023   6.504    2.0431   O4




9.8594   8.7541   1.3951   E_SYM
9.8541   8.7578   1.5496
9.8588   8.7396   1.6445
9.8278   8.7062   1.7266
9.792    8.7069   1.7794
9.7892   8.6963   1.8759
9.765    8.6876   1.9559
9.7431   8.6625   2.0455
9.7193   8.6221   2.1227
9.6812   8.5958   2.2136
9.6514   8.562    2.2821
9.6383   8.5266   2.3235
9.5992   8.4985   2.3925
9.5755   8.4672   2.4403
9.5177   8.3864   2.5547
9.4445   8.3538   2.6616
9.4142   8.3034   2.7195
9.3756   8.2651   2.7673
9.354    8.2351   2.8098
9.3189   8.1955   2.8392
9.2398   8.105    2.9162
9.166    8.0159   2.9712
9.1364   7.9999   2.9975
9.1124   7.9762   2.9995
9.0916   7.9307   3.0177















































































































































































4.1271   5.6497   1.323    R_PRAM
4.1326   5.7253   1.3945
4.1138   5.7946   1.4864
4.105    5.866    1.5808
4.1131   5.9444   1.6827
4.1633   6.0463   1.9395
4.1962   6.0956   2.0515
4.2079   6.1175   2.1306
4.2595   6.1316   2.2165
4.2903   6.1553   2.329
4.3586   6.2003   2.397
4.3597   6.2232   2.4678
4.3753   6.2426   2.5677
4.4258   6.2477   2.6279
4.4198   6.2711   2.6868
4.5569   6.1834   2.9335
4.5758   6.1677   2.9674
4.6654   6.151    3.0631
4.7107   6.1588   3.1062
4.7559   6.1638   3.1349
4.8251   6.1735   3.1841
4.8702   6.1795   3.2199
4.9679   6.13     3.2685
5.0462   6.1576   3.3125
5.1103   6.1863   3.338
5.1605   6.2162   3.3758
5.2319   6.2421   3.3996
5.2579   6.2659   3.4089
5.3431   6.2902   3.4209
5.4084   6.3037   3.4385
5.4645   6.3425   3.4367
5.4867   6.3438   3.4492
5.5456   6.3573   3.4479
5.626    6.3986   3.4406
5.6871   6.4803   3.4206
5.754    6.5062   3.4124
5.7923   6.5415   3.356
5.8561   6.6211   3.3134
5.8826   6.6814   3.2836
5.9286   6.7291   3.2774
6.0031   6.7933   3.2342
6.0517   6.847    3.2167
6.1046   6.8667   3.2291
6.1879   6.9083   3.1966
6.2264   6.9343   3.1964
6.2604   6.9614   3.2032
6.3017   6.9934   3.1916
6.3442   7.041    3.1934
6.4186   7.0793   3.1932
6.4914   7.0815   3.2036
6.6083   7.1206   3.2148
6.6548   7.13     3.2205
6.6851   7.1518   3.1961
6.7251   7.1762   3.1965
6.7371   7.2188   3.1937

















































































































































7.0646   2.8346   1.2309   L_PRAM
7.1258   2.8543   1.3163
7.196    2.8774   1.3963
7.2559   2.8761   1.4552
7.2955   2.8964   1.5503
7.3458   2.9058   1.6265
7.3704   2.9242   1.7216
7.3813   2.9434   1.8005
7.4199   2.9578   1.8782
7.4695   3.0098   1.9851
7.516    3.023    2.077
7.5663   3.0628   2.1573
7.585    3.1101   2.2427
7.6407   3.1363   2.3318
7.637    3.1585   2.4462
7.6657   3.1795   2.5062
7.6745   3.1986   2.604
7.5912   3.3132   2.8118
7.5848   3.4025   2.8701
7.546    3.4641   2.9663
7.5335   3.5227   3.0209
7.5029   3.5887   3.0699
7.5112   3.6442   3.1188
7.5316   3.681    3.1572
7.535    3.6844   3.1542
7.575    3.807    3.2318
7.6015   3.9839   3.3165
7.6178   4.087    3.3571
7.6501   4.1552   3.3744
7.7124   4.2564   3.3822
7.7514   4.3212   3.364
7.7875   4.4093   3.334
7.8934   4.529    3.3125
7.9288   4.5515   3.2673
7.9799   4.5949   3.2145
8.0766   4.6266   3.1483
8.1116   4.7096   3.1307
8.1486   4.7888   3.1076
8.1957   4.8501   3.1057
8.223    4.9489   3.1117
8.3034   5.0446   3.1368
8.3602   5.1521   3.1008
8.3858   5.2329   3.1265
8.4277   5.3523   3.1349
8.4393   5.3536   3.1307



























































































































































6.9342   7.2922   3.1636   ARC
6.9922   7.2904   3.1583
7.0742   7.3406   3.145
7.1251   7.3968   3.1635
7.2078   7.4104   3.1462
7.2523   7.4432   3.1366
7.3433   7.4804   3.135
7.445    7.5128   3.1665
7.5113   7.5568   3.2267
7.5908   7.6071   3.2047
7.6513   7.6419   3.2002
7.8126   7.7062   3.2127
7.9293   7.7456   3.1959
7.9861   7.7924   3.191
8.0792   7.8011   3.1847
8.1713   7.8522   3.1992
8.2559   7.8803   3.1847
8.36     7.9107   3.185
8.4615   7.9615   3.1793
8.5459   7.9685   3.1612
8.6578   7.9972   3.1082
8.8073   8.0434   3.0765
8.8642   8.0123   3.046
8.9659   8.0414   3.0371
9.0261   7.9571   3.0319
9.0892   7.8891   3.0215
9.1799   7.8075   3.0395
9.2543   7.6794   3.0702
9.2503   7.5254   3.0804
9.2252   7.3957   3.1202
9.2195   7.3028   3.1355
9.2015   7.1618   3.1675
9.153    7.0702   3.1734
9.1128   6.9491   3.1831
9.0599   6.8738   3.1682
9.0079   6.7612   3.1659
8.9362   6.6072   3.164
8.9094   6.5119   3.1553
8.8971   6.4032   3.1418
8.8436   6.3056   3.1394
8.7876   6.1356   3.1265
8.7351   5.9769   3.1117
8.6798   5.9038   3.1166
8.6548   5.8464   3.1127
8.643    5.803    3.1102
8.6109   5.7384   3.1084
8.5876   5.6938   3.1281
8.5524   5.6319   3.1232
8.5398   5.5767   3.1156
