NMNH     367911   can15ms.xls
12.2133  10.3763  2.3366   IS
12.9841  10.95    2.8144   ID
13.0842  10.5932  2.8809   R_I12
12.8687  10.3017  2.8403   R_I2C
12.6995  9.9665   2.763    R_CP3
12.4835  9.6002   2.6495   R_P34
12.1232  9.2777   2.5472   R_P4M1
11.6726  8.866    2.4819   R_M12
11.2756  8.4327   2.3959   R_M23
10.7519  7.8971   2.4296   R_DM3
12.3251  9.5581   1.4148   R_MF
12.4623  9.558    1.8774   R_PCF
11.6506  8.0225   1.8466   R_CB
11.1843  8.5796   2.2254   R_CL
11.0607  6.5293   3.7172   R_COR
10.3987  6.32     3.0976   R_NOT
10.1568  5.5511   3.0951   R_CND
12.8017  11.1278  2.9705   L_I12
12.3518  10.9755  2.8877   L_I2C
12.0282  10.9805  2.7727   L_CP3
11.6827  10.7556  2.7046   L_P34
11.2706  10.5416  2.6145   L_P4M1
10.7585  10.2075  2.5215   L_M12
10.2376  9.8784   2.452    L_M23
9.5652   9.5786   2.5197   L_DM3
11.4247  10.7126  1.4951   L_MF
11.3745  10.7715  2.1097   L_PCF
9.8659   10.3982  1.9629   L_CB
10.289   9.8058   2.1991   L_CL
8.2997   10.066   4.0313   L_COR
7.9998   9.583    3.4631   L_NOT
7.1922   9.5237   3.4319   L_CND
13.1433  10.6435  2.5844   O1
11.993   8.753    1.6825   O2
8.8539   9.9463   2.3433   O3
10.4072  6.5069   2.1279   O4








































12.8306  10.7674  2.8799   I_SYM
12.76    10.7602  2.8516
12.6836  10.7206  2.8334
12.6261  10.6506  2.7722
12.5284  10.6188  2.7276
12.493   10.5847  2.6667
12.478   10.5611  2.6061
12.3619  10.4764  2.5171
12.2659  10.4242  2.4716
12.2519  10.4016  2.4456
12.2139  10.3829  2.3666
12.2174  10.3677  2.2724
12.2413  10.3663  2.1782
12.2562  10.3689  2.1258
12.2397  10.4073  2.0657
12.2813  10.4566  1.982
12.2506  10.4099  1.889
12.1752  10.3528  1.8136
12.1412  10.3414  1.7811
12.112   10.2971  1.7159
12.0746  10.2623  1.6431
12.0708  10.2624  1.5284
12.072   10.2741  1.4529

















































































































































































11.0795  6.5746   3.7344   R_RAM
11.2371  6.7924   3.5687
11.2578  6.9461   3.3797
11.2474  7.0289   3.318
11.237   7.0866   3.199
11.2244  7.1459   3.105
11.2185  7.2721   2.8426
11.2276  7.2947   2.707
11.2695  7.3449   2.6536
11.2624  7.3567   2.5543
11.3021  7.3863   2.4368
11.33    7.4098   2.3701
11.3777  7.476    2.2207
11.4279  7.5372   2.0695
11.4698  7.6194   1.9092
11.5142  7.6556   1.8434
























































































































































































8.2862   10.1103  4.0258   L_RAM
8.3457   10.1573  4.0352
8.4623   10.2205  3.9823
8.545    10.2364  3.9374
8.5938   10.2297  3.8996
8.6424   10.2278  3.838
8.6857   10.2343  3.7609
8.6889   10.2337  3.6985
8.7941   10.2445  3.5897
8.84     10.2351  3.4459
8.8586   10.1847  3.3955
8.8801   10.1579  3.3532
8.9654   10.1688  3.3105
8.9765   10.1706  3.1254
8.9889   10.1707  3.0396
8.9936   10.1803  2.9584
9.0359   10.1672  2.8776
9.0923   10.1916  2.7513
9.1605   10.2402  2.6327
9.1748   10.2233  2.5357
9.2523   10.2483  2.4327
9.3266   10.2878  2.1761
9.3929   10.3194  2.1044

















































































































































































10.3542  8.7696   2.1551   MMF
9.8313   8.3557   2.8019   GNA
10.2364  9.1032   1.4826   O1
8.2461   8.4684   2.4127   O2
8.8458   5.0695   2.1193   O3
5.7239   7.2315   2.1634   O4




10.5166  8.9962   1.2216   E_SYM
10.5225  8.9995   1.3336
10.506   8.9799   1.4566
10.4754  8.9475   1.5993
10.2809  8.7213   2.2883
10.2303  8.7095   2.3741
10.0932  8.5608   2.5744
9.9868   8.4829   2.6879
9.9186   8.4491   2.734
9.8431   8.3667   2.7917
9.8413   8.3608   2.803





























































































































































































4.9736   6.4059   1.4457   R_PRAM
5.017    6.4715   1.5643
5.0224   6.5082   1.6712
5.0423   6.6143   1.8754
5.1323   6.6334   1.8908
5.2133   6.6754   1.9674
5.2722   6.7092   2.0238
5.3258   6.7487   2.1016
5.433    6.7836   2.2511
5.5623   6.8075   2.4099
5.6144   6.8097   2.4877
5.6403   6.8312   2.5877
5.6788   6.8112   2.6582
5.71     6.7991   2.7755
5.7528   6.7931   2.8872
5.7695   6.7747   2.924
5.8221   6.7811   3.0159
5.8329   6.7826   3.0772
5.871    6.7956   3.1305
5.9241   6.797    3.1874
6.0354   6.8033   3.2557
6.0819   6.8159   3.2843
6.1887   6.8697   3.3844
6.2411   6.8929   3.4211
6.3336   6.9263   3.4471
6.3427   6.9141   3.4446
6.4514   7.0169   3.4409
6.5717   7.1291   3.3553
6.7014   7.2529   3.2639
6.7345   7.29     3.2535
6.8444   7.3959   3.2288
6.9793   7.4697   3.2
7.0281   7.5196   3.194







































































































































































7.5184   3.6169   1.552    L_PRAM
7.5698   3.6854   1.6712
7.6324   3.6764   1.7802
7.6723   3.6943   1.8549
7.7298   3.7565   1.9547
7.8206   3.9401   2.1402
7.8322   3.9913   2.2037
7.8977   4.1285   2.3716
7.9032   4.1853   2.4936
7.9366   4.2894   2.6358
7.9413   4.3793   2.8999
7.909    4.4262   2.9771
7.9135   4.4739   3.0388
7.8995   4.5104   3.1149
7.8937   4.6495   3.2975
7.9117   4.6873   3.3721
7.9961   4.8831   3.4275
8.0703   4.9849   3.4659
8.068    5.0132   3.487
8.1225   5.1009   3.5247
8.237    5.2364   3.4961
8.3678   5.3576   3.3972
8.4363   5.4142   3.3369
8.4716   5.4651   3.3182
8.5741   5.5988   3.302
8.6502   5.6586   3.3387














































































































































































7.2338   7.7217   3.187    ARC
7.3382   7.7803   3.1993
7.4463   7.8447   3.2009
7.5684   7.9085   3.1919
7.6248   7.948    3.1612
7.7961   8.0184   3.1525
7.9251   8.0818   3.1412
8.124    8.1309   3.1518
8.2865   8.2298   3.1173
8.4735   8.3096   3.0907
8.5853   8.3252   3.0768
8.7307   8.3863   3.0382
8.9298   8.3697   2.9722
9.1642   8.4215   2.942
9.2515   8.4313   2.9031
9.4249   8.4744   2.8791
9.6025   8.4633   2.8247
9.7793   8.4191   2.7967
9.8944   8.3125   2.8024
9.8917   8.1309   2.8502
9.8827   8.0294   2.8896
9.8704   7.8429   2.9514
9.8197   7.7443   2.9996
9.7393   7.6228   3.0587
9.7107   7.5169   3.056
9.6621   7.4197   3.0778
9.5285   7.1643   3.1502
9.4508   6.9976   3.2079
9.3995   6.9014   3.2192
9.3815   6.8454   3.2199
9.2721   6.6627   3.2235
9.1859   6.5373   3.2312
9.0766   6.335    3.2416
8.996    6.2348   3.2478
8.8885   6.0305   3.3011
8.7983   5.9      3.3098
8.7559   5.819    3.3119
