NMNH     368572   can20ms.xls
9.4791   8.1862   2.3638   IS
10.1407  8.8029   2.8501   ID
10.289   8.4892   2.8292   R_I12
10.0568  8.1462   2.8709   R_I2C
9.8764   7.7033   2.8053   R_CP3
9.5616   7.3421   2.6821   R_P34
9.251    7.0503   2.6008   R_P4M1
8.9461   6.7117   2.5552   R_M12
8.5362   6.2651   2.4408   R_M23
8.182    5.763    2.4694   R_DM3
9.7113   7.5293   1.5471   R_MF
9.7186   7.4065   1.9598   R_PCF
8.9068   5.7153   1.9645   R_CB
8.5002   6.3679   2.2457   R_CL
8.2852   4.1874   4.0584   R_COR
7.7582   4.0563   3.3118   R_NOT
7.5529   3.4675   3.3289   R_CND
9.9211   8.9579   2.9204   L_I12
9.549    8.7526   2.8439   L_I2C
9.1587   8.7392   2.7259   L_CP3
8.6874   8.3652   2.6836   L_P34
8.3224   8.1163   2.5421   L_P4M1
7.936    7.8432   2.4821   L_M12
7.412    7.5452   2.4075   L_M23
6.8974   7.3422   2.4532   L_DM3
8.8504   8.5543   1.7825   L_MF
8.7431   8.574    2.0568   L_PCF
7.033    8.081    1.9742   L_CB
7.4887   7.5352   2.2986   L_CL
5.2504   7.7802   4.0925   L_COR
5.0598   7.3669   3.3767   L_NOT
4.4579   7.2528   3.3757   L_CND
10.29    8.3488   2.3349   O1
9.2345   6.4955   1.8933   O2
6.3885   7.7518   1.881    O3
7.7756   4.1914   2.3089   O4








































10.065   8.6984   2.9718   I_SYM
9.9734   8.6252   2.9115
9.9382   8.594    2.8807
9.8744   8.5411   2.8354
9.8131   8.5111   2.7891
9.7336   8.4356   2.7199
9.7022   8.3707   2.6566
9.6364   8.3147   2.5332
9.595    8.2751   2.4925
9.5493   8.2482   2.4633
9.5139   8.216    2.4263
9.4702   8.1731   2.3437
9.485    8.1681   2.2135
9.5291   8.2003   2.1158
9.5793   8.2582   2.0452
9.6167   8.2807   1.9222
9.5302   8.2063   1.8824
9.4554   8.1619   1.7831
9.4191   8.1156   1.75
9.3842   8.0707   1.7079
9.3138   8.0345   1.6276
9.2906   8.0042   1.5843
9.2638   7.9683   1.5052
9.2419   7.9377   1.4491
















































































































































































8.3051   4.2131   4.0246   R_RAM
8.3778   4.3135   4.0135
8.4366   4.3979   3.9799
8.4759   4.4792   3.9073
8.5114   4.5597   3.8404
8.5213   4.585    3.7304
8.5483   4.6478   3.6364
8.5542   4.6908   3.5633
8.5806   4.7596   3.4622
8.5634   4.8308   3.3318
8.5645   4.8588   3.2219
8.59     4.9361   3.1654
8.6079   4.9932   3.0868
8.5875   5.0392   2.9708
8.621    5.1142   2.844
8.625    5.1334   2.7303
8.6347   5.1704   2.6624
8.7004   5.2006   2.5509
8.6956   5.2135   2.4744
8.6987   5.2358   2.332
8.7329   5.2739   2.2967
8.7566   5.2991   2.2533
8.7722   5.3318   2.1472
8.7705   5.3478   2.1269
8.7948   5.3909   2.0921
8.8204   5.463    1.9776














































































































































































5.2634   7.8141   4.0763   L_RAM
5.3251   7.8555   4.0512
5.4114   7.8836   3.9882
5.492    7.9092   3.9468
5.5471   7.9116   3.8988
5.6177   7.922    3.8305
5.7287   7.9307   3.763
5.814    7.9458   3.667
5.8814   7.9244   3.5736
5.9621   7.9279   3.438
6.018    7.9248   3.3521
6.0559   7.9213   3.2172
6.1043   7.9139   3.1103
6.1614   7.9309   3.0701
6.2012   7.9059   3.0209
6.2538   7.9031   2.97
6.3192   7.9062   2.9283
6.3483   7.9195   2.6413
6.3934   7.9281   2.5382
6.4649   7.9544   2.4555
6.5414   7.9494   2.4042
6.5985   7.9706   2.2935
6.6331   7.9965   2.1933
6.6917   8.0033   2.1236
6.7092   8.0107   2.0655
6.7502   8.025    2.0054














































































































































































8.0807   6.7229   1.7942   MMF
7.4748   6.3273   2.6032   GNA
7.8163   7.0456   1.3976   O1
5.899    6.5267   2.2977   O2
6.4544   3.4545   2.4733   O3
3.269    5.6585   2.4212   O4




2.5326   4.8725   1.9962   E_SYM
2.56     4.9387   2.1001
2.587    5.0058   2.1625
2.61     5.0758   2.2401
2.6586   5.1237   2.3037
2.7206   5.1796   2.3893
2.7709   5.2027   2.4598
2.8187   5.2337   2.5454
2.8638   5.2632   2.6217
2.945    5.2831   2.7249
2.985    5.3026   2.7951
3.0256   5.3139   2.8784
3.0962   5.3374   2.9687
3.1763   5.3352   3.0756
3.2273   5.3235   3.1387
3.2814   5.3308   3.2211
3.3486   5.2959   3.3029
3.4462   5.2697   3.3669
3.5284   5.3036   3.4016
3.6019   5.3321   3.4444
3.7871   5.4011   3.5216
3.8868   5.4309   3.5763
3.9982   5.4554   3.5836
4.0527   5.4887   3.5877
3.8814   5.4595   3.5895
4.0246   5.5037   3.6173
4.1465   5.5127   3.6552
4.2463   5.5591   3.6312
4.3154   5.6098   3.59
4.4107   5.6323   3.5411
4.504    5.7018   3.4563
4.5858   5.7258   3.4205
4.6597   5.772    3.3666
4.7617   5.8189   3.3104
4.8169   5.8305   3.2763
4.8681   5.8466   3.2565
4.8973   5.874    3.2459
4.9702   5.9311   3.2347


































































































































































4.7528   1.9067   1.9224   R_PRAM
4.833    1.9467   2.0008
4.9624   2.0174   2.167
5.0546   2.0487   2.2826
5.1384   2.0925   2.3863
5.2109   2.1431   2.5273
5.2733   2.199    2.6313
5.3069   2.2711   2.7538
5.3517   2.3117   2.8421
5.373    2.3628   2.9486
5.3954   2.428    3.0126
5.4284   2.5037   3.1034
5.4606   2.5494   3.1568
5.5466   2.6732   3.2916
5.647    2.8578   3.3889
5.6915   2.9314   3.445
5.7846   3.062    3.4817
5.8274   3.1675   3.5064
5.8753   3.2588   3.4813
5.9534   3.3465   3.4632
6.0206   3.4511   3.4573
6.1109   3.5097   3.3707
6.1768   3.5566   3.3129
6.2421   3.6475   3.2791
6.3194   3.7016   3.2497
6.3546   3.7482   3.215
6.391    3.8102   3.194
6.4015   3.8456   3.1874












































































































































































5.1076   5.979    3.1748   L_PRAM
5.2107   6.0001   3.1538
5.2558   6.0297   3.1533
5.3204   6.0335   3.1217
5.3891   6.0688   3.096
5.4444   6.093    3.1003
5.497    6.1209   3.0813
5.5975   6.133    3.0559
5.6965   6.1617   3.0428
5.722    6.1777   3.0486
5.8317   6.1989   3.0358
5.8947   6.218    3.0126
6.0254   6.237    2.9821
6.1323   6.264    2.9512
6.2197   6.2767   2.9261
6.3059   6.3057   2.9134
6.3965   6.3254   2.8893
6.4627   6.3411   2.8899
6.5638   6.3537   2.866
6.6598   6.3754   2.8493
6.7246   6.3794   2.8194
6.8012   6.3868   2.8082
6.8775   6.4083   2.7916
6.9552   6.4011   2.7804
7.0472   6.4048   2.7448
7.1224   6.4021   2.7154
7.1835   6.4145   2.6976
7.2743   6.3951   2.6616
7.3198   6.3843   2.6377
7.4185   6.319    2.6114
7.4768   6.281    2.5891
7.5261   6.2538   2.6003
7.5636   6.1463   2.6286
7.5492   5.9595   2.6744
7.505    5.8572   2.7155
7.4435   5.7284   2.7916
7.4423   5.6599   2.8155
7.3866   5.5525   2.8175
7.3539   5.4791   2.8245
7.324    5.3535   2.8322
7.22     5.2605   2.8928
7.178    5.1488   2.8778
7.0841   5.0306   2.8989
7.0587   4.9598   2.9126
6.9864   4.8828   2.9443
6.8805   4.7575   2.9141
6.7792   4.6419   2.942
6.7126   4.5475   2.9458
6.661    4.4808   2.9662
6.6438   4.4338   2.9972
6.5764   4.3424   3.0303
6.5507   4.2695   3.0568
6.4391   4.1048   3.0993
6.4221   4.0567   3.1194
6.3974   4.0025   3.1332

















































































































































5.0807   5.9318   3.1797   ARC
5.1746   5.9482   3.1523
5.1954   5.9766   3.1465
5.3073   5.9992   3.1122
5.394    6.0452   3.0867
5.4687   6.0485   3.0656
5.5994   6.0927   3.0382
5.6102   6.101    3.0514
5.7127   6.1464   3.0313
5.8065   6.171    3.017
5.8455   6.1618   3.0101
5.9435   6.1997   2.9858
6.0207   6.2255   2.9801
6.1371   6.2691   2.9495
6.1789   6.2663   2.9312
6.2552   6.2845   2.9243
6.3501   6.308    2.9109
6.5331   6.3635   2.8768
6.6787   6.3963   2.8394
6.7278   6.3717   2.8312
6.8206   6.3758   2.832
6.8954   6.4118   2.7801
6.9581   6.395    2.7623
7.0451   6.3861   2.7467
7.1304   6.4054   2.7264
7.2092   6.3879   2.7136
7.2667   6.3875   2.6579
7.3062   6.3787   2.6516
7.3449   6.3544   2.6318
7.3992   6.322    2.6052
7.4226   6.3146   2.594
7.5275   6.18     2.6176
7.5147   5.9496   2.6756
7.4761   5.8458   2.713
7.4422   5.7097   2.7536
7.3767   5.5015   2.8245
7.3266   5.3797   2.8335
7.2749   5.2574   2.8724
7.2149   5.1373   2.9037
7.15     5.0716   2.9067
7.1059   4.9747   2.9206
7.0599   4.917    2.9473
7.0046   4.8614   2.9353
6.9519   4.7567   2.9404
6.8904   4.6906   2.9432
6.8113   4.6039   2.9716
6.7519   4.5355   2.9937
6.6822   4.4457   2.9983
6.6203   4.3716   3.0233
6.5435   4.3021   3.0518
6.5052   4.238    3.0588
6.4545   4.1515   3.0858
6.4158   4.1182   3.0844
6.3618   4.0493   3.1063
6.3295   4.0029   3.129
6.287    3.9316   3.1309
