NMNH     469934   can25ms.xls
11.2021  9.8783   3.0473   IS
11.9835  10.6529  3.7832   ID
12.2175  10.3579  3.928    R_I12
12.0254  9.995    3.6916   R_I2C
11.9177  9.5391   3.6616   R_CP3
11.399   8.9491   3.5434   R_P34
11.0471  8.6216   3.37     R_P4M1
10.6092  8.2001   3.2162   R_M12
10.103   7.6834   3.0733   R_M23
9.6791   7.0175   3.0747   R_DM3
11.7302  9.3129   1.8434   R_MF
11.5157  8.7793   2.5975   R_PCF
10.572   7.1435   2.4176   R_CB
10.0047  7.7177   2.9324   R_CL
9.627    4.9686   4.7477   R_COR
8.8601   4.5792   4.1284   R_NOT
8.6243   3.6779   4.0958   R_CND
11.7582  10.7826  3.9351   L_I12
11.4312  10.7228  3.7837   L_I2C
10.9367  10.4939  3.6227   L_CP3
10.2532  10.1246  3.4444   L_P34
9.8788   9.8673   3.288    L_P4M1
9.4763   9.4837   3.1435   L_M12
8.8682   8.995    2.9891   L_M23
8.2232   8.6183   3.0316   L_DM3
10.67    10.4392  1.7719   L_MF
10.2818  10.3229  2.3703   L_PCF
8.5147   9.5566   2.4337   L_CB
8.9774   8.9506   2.8039   L_CL
9999     9999     9999     L_COR
9999     9999     9999     L_NOT
4.7204   7.9781   4.1438   L_CND
12.2339  10.1625  3.0922   O1
10.9115  7.7507   2.2287   O2
7.3315   8.9016   2.6489   O3
8.9096   4.9632   2.5979   O4








































11.991   10.6018  3.8607   I_SYM
11.8744  10.5101  3.8457
11.7819  10.4356  3.8219
11.7139  10.3757  3.7536
11.641   10.3084  3.6675
11.589   10.2718  3.6251
11.543   10.2255  3.5563
11.4963  10.1964  3.4966
11.4098  10.1093  3.3421
11.3212  10.0374  3.2332
11.234   9.9493   3.1508
11.1865  9.8799   3.0405
11.1995  9.8949   2.928
11.2678  9.9471   2.8094
11.3079  9.9622   2.7377
11.3543  10.0238  2.6657
11.3653  10.0572  2.4301
11.3188  9.9738   2.3629
11.2498  9.917    2.322
11.2353  9.8778   2.2364
11.1847  9.8464   2.1849
11.1476  9.8331   2.168
11.1263  9.7862   2.1438
11.078   9.7577   2.1196
11.0198  9.716    2.0802
10.9947  9.6818   2.0389
10.9609  9.6358   2.0172
10.9354  9.6012   1.9763
10.897   9.549    1.9364
10.8677  9.5415   1.8375
10.8623  9.5342   1.7994









































































































































































9.5905   4.9447   4.7452   R_RAM
9.6774   5.1285   4.6759
9.7104   5.2444   4.6081
9.7668   5.4047   4.4758
9.7829   5.5032   4.3528
9.7973   5.5792   4.2373
9.8713   5.763    3.9758
9.8432   5.8185   3.8635
9.8911   5.9791   3.6664
9.9587   6.1026   3.482
9.9779   6.223    3.3198
10.0452  6.3305   3.1632
10.1218  6.4447   2.9839
10.2072  6.5289   2.8086
10.2599  6.5846   2.6919
10.3195  6.6406   2.5627
10.3859  6.7254   2.4101
10.4256  6.7644   2.3021
10.4804  6.8246   2.2264





















































































































































































9999     9999     9999     L_RAM
9999     9999     9999






































































































































































































9.3002   9.2046   3.3285   MMF
8.418    8.2028   3.8658   GNA
9.0715   9.716    2.6715   O1
6.544    8.3015   2.9803   O2
7.7884   4.8757   2.008    O3
3.8356   6.4793   1.9346   O4




9.6763   9.7182   2.1      E_SYM
9.6701   9.7276   2.2502
9.6589   9.6865   2.4041
9.6305   9.6095   2.5119
9.6199   9.603    2.5924
9.5948   9.5318   2.7503
9.5584   9.5058   2.83
9.5235   9.4555   2.9206
9.4387   9.3538   3.1205
9.3857   9.3058   3.1864
9.3224   9.194    3.3034
9.2521   9.1599   3.3602
9.2192   9.1414   3.5009
9.2157   9.0916   3.5367
9.1517   9.0187   3.6398
9.1136   8.9711   3.6738
9.0345   8.8929   3.7658
8.9093   8.784    3.8497
8.7877   8.6873   3.8967
8.8291   8.721    3.884
8.689    8.5841   3.9459
8.5607   8.475    3.9581
8.4795   8.385    3.9762
8.4137   8.3253   3.9379
8.396    8.2603   3.8843















































































































































































3.0448   5.6028   0.4624   R_PRAM
3.0261   5.751    0.834
3.0421   5.8407   0.9725
3.1262   5.9354   1.2543
3.1325   5.9663   1.3987
3.2053   5.9525   1.5847
3.2322   5.9696   1.6943
3.2992   5.9657   1.8346
3.3665   5.946    2.0786
3.4767   5.8443   2.394
3.512    5.7979   2.4257
3.6434   5.7683   2.6066
3.7227   5.7448   2.6856
3.8562   5.7404   2.8337
3.997    5.7575   2.9308
4.157    5.8535   3.0563
4.2357   5.9556   3.14
4.2534   5.9467   3.1442
4.5013   6.1538   3.1846
4.6602   6.3238   3.1962
4.8527   6.4827   3.2387
4.8944   6.5714   3.2528
5.0728   6.7358   3.3234
5.2423   6.8717   3.4436
5.3936   6.9967   3.4365
5.5859   7.0793   3.5399
5.7085   7.1728   3.5502













































































































































































6.2813   2.7412   0.4565   L_PRAM
6.3065   2.7562   0.5644
6.4247   2.7513   0.7634
6.5186   2.8032   0.9003
6.5893   2.8615   1.0593
6.6365   2.916    1.2864
6.6403   2.9283   1.4014
6.6596   3.0028   1.7322
6.6579   3.063    1.9956
6.6092   3.1493   2.2252
6.5644   3.2615   2.3652
6.5076   3.2803   2.4092
6.3955   3.4165   2.6452
6.4122   3.5006   2.7308
6.4024   3.6044   2.8397
6.4593   3.7126   2.877
6.5239   3.8476   3.0482
6.6179   3.9741   3.0499
6.7369   4.1056   3.0826
6.8396   4.2758   3.0973
6.9461   4.4251   3.1144
7.0453   4.591    3.1436
7.073    4.6257   3.1605
7.1421   4.7451   3.195
7.2548   4.8552   3.2508
7.3556   5.0039   3.3212
7.4402   5.1277   3.3709
7.4946   5.2614   3.4288
7.5344   5.3205   3.4488
7.5684   5.3394   3.4772
7.6      5.3983   3.4924









































































































































































5.8518   7.2857   3.5918   ARC
5.9649   7.3858   3.6319
6.1571   7.5639   3.7019
6.3298   7.6846   3.7461
6.5365   7.8094   3.8272
6.7854   7.9258   3.8645
7.0554   8.0869   3.8825
7.3729   8.2208   3.8933
7.5316   8.282    3.8954
7.7038   8.3494   3.9061
7.9714   8.4399   3.9157
8.2079   8.4281   3.9176
8.4074   8.3938   3.9494
8.5309   8.2783   3.9431
8.5998   8.3255   3.9515
8.6439   7.8921   4.0113
8.6519   7.7339   3.9511
8.5435   7.3488   3.9642
8.3261   6.9173   3.9444
8.2269   6.5899   3.8382
8.0641   6.2505   3.7338
7.9541   5.9912   3.6662
7.8583   5.8385   3.6292
7.7881   5.6902   3.5869
7.726    5.5236   3.5668
7.6812   5.442    3.5308
7.6636   5.3785   3.5287
