NMNH     384044   can21ms.xls
9.8138   11.174   2.3694   IS
10.7122  11.8786  2.7472   ID
10.8284  11.5476  2.7546   R_I12
10.6571  11.1724  2.8613   R_I2C
10.379   10.7776  2.7841   R_CP3
9.9417   10.3858  2.7193   R_P34
9.5355   10.064   2.6377   R_P4M1
9.1836   9.766    2.5518   R_M12
8.7829   9.3714   2.4818   R_M23
8.3897   8.8455   2.5446   R_DM3
10.0974  10.5928  1.579    R_MF
10.1575  10.5409  1.9022   R_PCF
9.207    8.9524   2.1507   R_CB
8.7611   9.4647   2.3289   R_CL
8.525    7.2908   4.1331   R_COR
7.9056   7.1713   3.3826   R_NOT
7.5628   6.4736   3.3089   R_CND
10.4633  12.0408  2.7632   L_I12
10.0757  11.9608  2.8534   L_I2C
9.5998   11.8288  2.7717   L_CP3
9.0955   11.5657  2.6836   L_P34
8.6754   11.295   2.5973   L_P4M1
8.2477   11.0548  2.5124   L_M12
7.7064   10.7331  2.4478   L_M23
7.1598   10.5446  2.4875   L_DM3
9.2713   11.638   1.6053   L_MF
9.1157   11.6815  1.975    L_PCF
7.4108   11.2491  2.0852   L_CB
7.831    10.6926  2.3108   L_CL
5.7343   11.1406  4.0773   L_COR
5.3844   10.5073  3.3543   L_NOT
4.6796   10.3963  3.3524   L_CND
10.7188  11.2767  2.376    O1
9.4783   9.4791   1.9774   O2
6.4974   10.784   2.0333   O3
7.7981   7.2496   2.4551   O4








































10.6914  11.7979  2.9346   I_SYM
10.5588  11.7235  2.8813
10.509   11.6985  2.8556
10.4063  11.6438  2.8551
10.3142  11.6021  2.8286
10.1604  11.452   2.7243
10.0126  11.3598  2.6116
9.963    11.3351  2.5519
9.8993   11.2934  2.4929
9.7877   11.2105  2.3923
9.7669   11.151   2.3564
9.7916   11.1969  2.2047
9.788    11.1932  2.143
9.8485   11.2305  2.0283
9.9051   11.2631  1.9586
9.8548   11.2367  1.9332
9.7496   11.1669  1.8825
9.7468   11.1625  1.8134
9.7224   11.1346  1.7697
9.6635   11.1163  1.7448
9.6622   11.1153  1.7103
9.6454   11.0968  1.6417
9.6577   11.063   1.5786
9.6791   11.0621  1.474
















































































































































































8.5305   7.251    4.1031   R_RAM
8.6372   7.3793   4.0926
8.7177   7.4673   4.0742
8.7641   7.5712   4.0066
8.8034   7.6224   3.9309
8.8604   7.7453   3.8286
8.8613   7.7781   3.7833
8.8656   7.864    3.721
8.8783   7.9489   3.5961
8.8898   8.0124   3.4707
8.9086   8.083    3.3297
8.9134   8.1278   3.234
8.8652   8.1261   3.1062
8.8601   8.1828   2.9766
8.8802   8.2449   2.9037
8.8869   8.2978   2.83
8.904    8.339    2.7019
8.899    8.3683   2.6115
8.9393   8.4495   2.5213
8.9376   8.4602   2.4512
8.961    8.4942   2.3849
8.9889   8.5095   2.2821
9.0111   8.536    2.2261
9.0139   8.5508   2.1748
9.0761   8.5906   2.1223
9.0866   8.6483   2.0934
9.1109   8.6811   1.9967













































































































































































5.6722   11.1671  4.0668   L_RAM
5.8362   11.2139  4.0423
5.9452   11.2637  4.0018
6.0203   11.2695  3.9396
6.0834   11.2652  3.8762
6.1907   11.2487  3.8366
6.2178   11.2447  3.7537
6.2952   11.2425  3.7311
6.3616   11.2362  3.6481
6.3841   11.2337  3.6003
6.4368   11.2186  3.5356
6.4515   11.2175  3.5075
6.4799   11.2241  3.4317
6.6583   11.1946  3.0707
6.7087   11.1699  3.012
6.7425   11.1452  2.8797
6.8284   11.1354  2.7649
6.9258   11.1421  2.5407
6.9969   11.157   2.446
7.0231   11.1552  2.3671
7.0508   11.183   2.2606
7.1095   11.1941  2.1569
7.1498   11.2053  2.1077
7.1821   11.2236  2.0424
7.2966   11.2378  2.0115















































































































































































7.7986   9.7986   2.2819   MMF
7.2302   9.3378   2.8914   GNA
7.5455   10.1691  1.8062   O1
5.5348   9.5469   2.2907   O2
5.9271   6.3192   2.4009   O3
2.8847   8.5475   2.0525   O4




8.102    10.0383  1.3874   E_SYM
8.1042   10.0228  1.5083
8.0483   10.0174  1.6601
8.0207   9.9835   1.7438
7.996    9.9604   1.8178
7.9769   9.9353   1.8808
7.9385   9.9134   2.0198
7.8948   9.8794   2.0797
7.8568   9.8455   2.1504
7.828    9.7999   2.2087
7.7504   9.7393   2.3158
7.6451   9.7139   2.499
7.5731   9.6528   2.5999
7.4493   9.5742   2.7416
7.3684   9.4794   2.83
7.3319   9.4522   2.8584
7.2693   9.3765   2.887
7.1975   9.33     2.905






















































































































































































2.2255   7.8655   1.4678   R_PRAM
2.2576   7.9132   1.5728
2.2841   8.0472   1.7858
2.3977   8.1184   1.9388
2.4747   8.1757   2.1221
2.549    8.1946   2.1881
2.5823   8.2061   2.2846
2.6553   8.2237   2.4277
2.737    8.2672   2.5624
2.7783   8.3109   2.6548
2.7906   8.3246   2.8055
2.8182   8.2783   2.9099
2.8846   8.2527   2.947
2.9592   8.2484   3.0337
3.0436   8.2349   3.1208
3.1084   8.2385   3.1988
3.2034   8.2577   3.265
3.3525   8.3193   3.3467
3.4015   8.3638   3.3773
3.5288   8.405    3.4022
3.7517   8.4634   3.4323
3.8843   8.5223   3.4067
4.0816   8.5909   3.3715
4.1595   8.6157   3.3539
4.2882   8.6808   3.3056
4.4815   8.7335   3.2327
4.5812   8.8182   3.2261
4.7149   8.8978   3.2118
4.8239   8.9104   3.1993











































































































































































4.4429   4.9297   1.598    L_PRAM
4.4691   4.9603   1.6836
4.5013   4.984    1.7593
4.5582   4.9924   1.891
4.6157   5.0532   1.9509
4.6562   5.0767   1.9732
4.6825   5.1133   2.0472
4.7099   5.1448   2.1595
4.7524   5.1894   2.2352
4.7868   5.2317   2.3265
4.8051   5.2876   2.4222
4.8642   5.3342   2.58
4.8927   5.3568   2.6364
4.9192   5.413    2.793
4.9582   5.4625   2.8556
5.0044   5.4489   2.9478
5.0001   5.5646   3.13
4.9445   5.6551   3.198
5.0156   5.87     3.3406
5.0928   5.9747   3.4212
5.1763   6.0176   3.4943
5.2763   6.1495   3.5361
5.226    6.1772   3.5238
5.4005   6.3781   3.4976
5.5024   6.491    3.4739
5.5746   6.5842   3.4585
5.7545   6.7382   3.3987
5.9242   6.8896   3.35
6.021    7.0178   3.3121
6.1058   7.0922   3.3092










































































































































































4.9334   8.9716   3.1803   ARC
5.0915   9.0652   3.1493
5.2306   9.1298   3.1208
5.3251   9.1577   3.1087
5.4752   9.2374   3.0955
5.6588   9.2869   3.0854
5.803    9.3348   3.0977
5.9582   9.4023   3.0732
6.0892   9.4195   3.051
6.2743   9.4705   3.0399
6.4075   9.5227   3.0125
6.579    9.5183   2.9741
6.7099   9.5262   2.9296
6.8449   9.5416   2.9032
6.9621   9.5149   2.8825
7.0904   9.5081   2.8924
7.1734   9.441    2.8964
7.224    9.3965   2.9094
7.2648   9.3036   2.9214
7.3134   9.1616   2.9282
7.2957   9.0314   2.9475
7.2069   8.7707   2.9883
7.109    8.5507   3.0535
6.9867   8.3619   3.0998
6.8596   8.1942   3.0969
6.7062   7.9161   3.1373
6.6335   7.8002   3.141
6.5037   7.6441   3.1715
6.4041   7.5044   3.2018
6.3022   7.4303   3.2381
6.2452   7.3385   3.2436
6.201    7.2799   3.265
6.1563   7.2237   3.2664
