NMNH     367898   can8ms.xls
9.1212   8.0389   2.6394   IS
9.849    8.9702   3.234    ID
10.0702  8.6782   3.3096   R_I12
9.9138   8.2626   3.4054   R_I2C
9.7824   7.8191   3.2513   R_CP3
9.4421   7.2606   3.3139   R_P34
9.1025   6.8435   3.2318   R_P4M1
8.7937   6.4154   3.1696   R_M12
8.3656   5.8598   3.017    R_M23
8.0428   5.2797   3.0505   R_DM3
9.4303   7.0411   1.6169   R_MF
9.3685   6.9107   2.2216   R_PCF
8.8709   5.5049   2.2488   R_CB
8.2647   5.9289   2.8526   R_CL
8.2055   3.3015   4.7139   R_COR
7.6311   2.8815   4.199    R_NOT
7.4563   1.9554   4.1244   R_CND
9.5866   9.2183   3.4536   L_I12
9.1883   8.967    3.313    L_I2C
8.7533   8.8124   3.1709   L_CP3
8.23     8.4132   3.1476   L_P34
7.9282   8.0757   3.059    L_P4M1
7.4586   7.6631   2.9775   L_M12
6.9455   7.1562   2.9317   L_M23
6.3987   6.7819   2.9371   L_DM3
8.1008   8.2046   1.5398   L_MF
7.918    8.119    2.1141   L_PCF
6.5203   7.5309   2.1955   L_CB
7.0717   7.121    2.7676   L_CL
4.1584   6.8899   4.4499   L_COR
3.8677   6.174    3.9713   L_NOT
3.1182   5.939    3.8875   L_CND
10.0785  8.3271   2.6974   O1
9.085    6.0472   2.3116   O2
5.3751   6.8804   2.5302   O3
8.1298   4.1053   2.5806   O4








































9.7756   8.8908   3.4145   I_SYM
9.7312   8.84     3.4018
9.6823   8.7408   3.3734
9.6056   8.6798   3.3444
9.5348   8.6081   3.2963
9.4657   8.5595   3.2941
9.4033   8.5423   3.2217
9.3753   8.4758   3.1608
9.3257   8.3767   3.0652
9.2837   8.3514   3.0894
9.2503   8.2974   2.9522
9.224    8.2552   2.9005
9.1952   8.2311   2.8657
9.1777   8.1838   2.8313
9.1218   8.136    2.7829
9.1005   8.1019   2.7496
9.0885   8.0604   2.6785
9.1048   8.0445   2.6114
9.1366   8.024    2.5395
9.1363   8.0226   2.4539
9.1332   8.0387   2.3677
9.1638   8.0261   2.3181
9.1924   8.0937   2.1597
9.1493   8.0251   2.085
9.1271   7.9899   2.0524
9.0181   7.9637   1.987
9.0611   7.8661   1.9555
9.0478   7.8446   1.8836
9.0266   7.8133   1.7943
8.9789   7.7818   1.7187
8.9621   7.7579   1.6775
8.9378   7.7437   1.6059
8.9382   7.7247   1.5652
8.9216   7.7231   1.5138
8.9236   7.7071   1.4968





































































































































































8.2518   3.3434   4.7      R_RAM
8.3446   3.5422   4.6122
8.3604   3.7799   4.4357
8.3891   3.9167   4.2712
8.4072   4.066    4.0233
8.3966   4.119    3.9568
8.3768   4.1572   3.8155
8.3676   4.2168   3.699
8.3689   4.3056   3.4656
8.3649   4.4178   3.1918
8.3812   4.4555   3.0488
8.4035   4.4637   2.9269
8.4147   4.5118   2.8882
8.4411   4.5812   2.8305
8.4464   4.6368   2.7821
8.4718   4.6523   2.7227
8.5219   4.7398   2.6353























































































































































































4.2353   6.927    4.4442   L_RAM
4.3751   6.9909   4.3828
4.4888   7.0124   4.3213
4.5817   7.0198   4.2451
4.6861   7.0342   4.1479
4.7585   7.0267   4.0869
4.8153   7.0263   3.9836
4.93     6.9988   3.9209
4.9799   7.0302   3.8081
5.1244   7.0223   3.6395
5.1775   7.0028   3.5851
5.3069   7.0092   3.3618
5.3664   6.9854   3.1906
5.4631   6.993    3.0401
5.6308   7.0603   2.8265
5.7141   7.0599   2.7341
5.7489   7.0832   2.6759
5.7849   7.1266   2.5818
5.8558   7.1755   2.467
5.9185   7.1924   2.4374
5.9476   7.2215   2.3913



















































































































































































10.3141  10.9147  2.9363   MMF
9.5783   10.2901  3.5184   GNA
10.0949  11.4688  2.3176   O1
7.7986   10.4625  2.5272   O2
8.6879   6.8013   2.125    O3
5.8722   9.5229   2.108    O4




10.7374  11.3503  1.7374   E_SYM
10.7516  11.3713  1.8569
10.665   11.3081  2.099
10.6353  11.2932  2.1833
10.6035  11.2894  2.2539
10.5308  11.2338  2.4351
10.4017  11.1713  2.6604
10.2799  11.06    2.9037
10.1542  10.9874  3.154
10.0112  10.9102  3.3015
9.8861   10.7196  3.466
9.7407   10.6148  3.5487
9.7102   10.5656  3.5468
9.6312   10.4738  3.5778
9.5795   10.3066  3.5337

























































































































































































3.9881   8.0361   0.7667   R_PRAM
3.9789   8.1212   0.8376
4.0028   8.1929   0.8904
4.0594   8.35     1.1734
4.1156   8.4145   1.4372
4.1426   8.4126   1.5604
4.1665   8.4833   1.8294
4.2079   8.4785   2.0653
4.2434   8.4547   2.1936
4.3903   8.3748   2.366
4.4824   8.3352   2.4767
4.5353   8.3318   2.5443
4.6629   8.3415   2.7059
4.8064   8.3362   2.8556
4.846    8.358    2.9326
5.0423   8.4181   3.032
5.2902   8.5527   3.153
5.4734   8.654    3.1794
5.5908   8.7638   3.2009
5.7249   8.89     3.2339
5.9056   9.0187   3.2551
6.0235   9.1025   3.293
6.1797   9.1852   3.3079
6.261    9.2624   3.3183
6.4061   9.305    3.3612
6.4632   9.355    3.3664
6.664    9.4023   3.4082
6.7289   9.4742   3.4384
6.7941   9.5174   3.4246











































































































































































7.1285   4.7399   0.9871   L_PRAM
7.2694   4.8195   1.1702
7.3444   4.9027   1.4318
7.3811   4.9802   1.7189
7.3957   5.0399   1.9194
7.3698   5.1366   2.2857
7.3712   5.325    2.4784
7.337    5.4614   2.6484
7.3574   5.648    2.8377
7.3936   5.7717   3.0284
7.408    5.8495   3.0763
7.5114   6.0744   3.1837
7.6367   6.3239   3.2492
7.5171   6.0786   3.2066
7.53     6.1001   3.1809
7.5881   6.1781   3.2132
7.7315   6.3571   3.2518
7.9072   6.5563   3.2935
8.0694   6.7709   3.3376
8.1489   6.8954   3.3417
8.2911   7.0852   3.3969
8.4184   7.2572   3.4428
8.5414   7.4381   3.4457
8.5981   7.537    3.4644
8.6258   7.5702   3.4718















































































































































































6.9822   9.6166   3.4682   ARC
7.1005   9.6806   3.483
7.2352   9.753    3.5051
7.4031   9.8482   3.5343
7.5259   9.9055   3.5385
7.6593   9.9827   3.5588
7.8711   10.0775  3.5941
8.0594   10.1767  3.6263
8.3034   10.2524  3.6604
8.4762   10.2963  3.6795
8.752    10.3703  3.6586
8.8508   10.3693  3.6393
9.0028   10.4428  3.6292
9.1625   10.449   3.6155
9.4006   10.4441  3.6067
9.5249   10.3759  3.5952
9.6856   10.2807  3.5822
9.6545   10.1392  3.5768
9.7074   9.901    3.5977
9.5941   9.5319   3.6082
9.4817   9.2089   3.6527
9.3694   8.8635   3.6341
9.2427   8.6593   3.6381
9.1574   8.5055   3.5899
9.0496   8.2286   3.5667
8.9573   8.063    3.5069
8.8809   7.9702   3.4938
8.8009   7.7938   3.4865
8.7421   7.7028   3.4723
