AMNH     81310    cas4ms.xls
11.0448  11.047   3.0024   IS
12.234   12.1624  3.6984   ID
12.3779  11.7631  3.7098   R_I12
12.2615  11.3994  3.7593   R_I2C
12.0211  10.8041  3.6726   R_CP3
11.5385  10.3106  3.7931   R_P34
11.0976  9.8108   3.7471   R_P4M1
10.6134  9.2835   3.8103   R_M12
10.0741  8.7421   3.8825   R_M23
9.3921   7.9941   4.1054   R_DM3
11.6868  9.9697   2.2461   R_MF
11.4515  9.482    2.5682   R_PCF
10.6982  7.9842   2.5729   R_CB
9.9627   8.7475   3.6327   R_CL
9.7797   6.1099   6.5143   R_COR
9.221    5.6342   5.6422   R_NOT
9.0999   4.6058   5.9467   R_CND
11.8694  12.2736  3.7007   L_I12
11.4262  12.3083  3.6987   L_I2C
10.8344  12.0433  3.6036   L_CP3
10.2464  11.6296  3.7296   L_P34
9.7955   11.2668  3.7088   L_P4M1
9.2516   10.9473  3.6994   L_M12
8.5974   10.4076  3.7951   L_M23
7.6907   9.7972   4.065    L_DM3
10.1075  11.7241  2.2504   L_MF
9.5738   11.5911  2.9282   L_PCF
8.0537   11.0124  2.7278   L_CB
8.5963   10.2403  3.5359   L_CL
5.8754   10.4642  6.402    L_COR
5.4086   9.9197   5.5057   L_NOT
4.355    9.8647   5.7066   L_CND
12.2959  11.4486  2.966    O1
11.2655  9.0451   2.5626   O2
6.3734   10.1504  3.5793   O3
8.9525   5.1465   4.5894   O4








































12.198   12.1402  3.7193   I_SYM
12.0578  12.0525  3.7066
11.9564  11.9699  3.6873
11.831   11.8619  3.653
11.7529  11.7645  3.5794
11.6669  11.699   3.525
11.6023  11.6237  3.4919
11.5361  11.5786  3.4199
11.4713  11.5358  3.3543
11.4026  11.4183  3.2889
11.3358  11.3778  3.2655
11.2571  11.3201  3.2415
11.1377  11.281   3.2043
11.1041  11.2106  3.1665
11.04    11.1694  3.1086
11.0232  11.1335  3.0584
10.9985  11.0785  2.9941
10.9835  11.0766  2.9387
11.0296  11.0441  2.8406
11.0583  11.0741  2.7631
11.0442  11.0572  2.6961
10.9656  11.0145  2.6426
10.874   10.9306  2.5248
10.7954  10.8535  2.4073
10.7369  10.7983  2.2632
10.7151  10.748   2.2165
10.672   10.7324  2.1608
10.6692  10.707   2.0686
10.7096  10.7328  1.9781
10.7454  10.7404  1.9304
10.7654  10.7522  1.8742
10.7925  10.7939  1.7799
10.8564  10.8327  1.7148







































































































































































9.7686   6.1017   6.5265   R_RAM
9.8624   6.2668   6.5555
9.9132   6.3405   6.5399
9.9663   6.4396   6.4728
10.018   6.5788   6.341
10.0473  6.6662   6.2402
10.0784  6.7417   6.0825
10.108   6.7787   5.9241
10.1429  6.8139   5.7898
10.1644  6.8532   5.6137
10.176   6.897    5.467
10.1791  6.9119   5.3129
10.1807  6.9196   5.1704
10.1796  6.9205   5.0174
10.1241  6.9134   4.8838
10.0763  6.918    4.7302
10.0382  6.8701   4.6036
10.0285  6.8642   4.5124
10.0163  6.8751   4.3441
10.013   6.8723   4.2457
10.0047  6.8858   3.9702
10.0208  6.8858   3.86
10.0269  6.928    3.7312
10.0319  6.9487   3.6239
10.0704  6.9741   3.4952
10.1424  7.0272   3.3567
10.1553  7.0995   3.2769
10.189   7.1326   3.1986
10.2317  7.2037   3.1082
10.2765  7.2298   3.0037
10.3172  7.2931   2.9365
10.3731  7.3365   2.8449
10.4043  7.3684   2.7708
10.4437  7.4103   2.695
10.494   7.4207   2.6284
10.5279  7.473    2.5913




































































































































































5.9068   10.4947  6.3665   L_RAM
5.9673   10.5291  6.3878
6.0317   10.5534  6.4149
6.0621   10.5508  6.4236
6.1923   10.6255  6.3774
6.251    10.6228  6.3966
6.3756   10.6429  6.3235
6.4754   10.6796  6.2554
6.5497   10.6817  6.1541
6.632    10.7202  6.0101
6.7287   10.7331  5.8506
6.7702   10.7403  5.7783
6.8477   10.7153  5.609
6.9007   10.7336  5.4332
6.8878   10.7112  5.3647
6.9001   10.7094  5.1473
6.9094   10.7194  5.1203
6.9068   10.6837  4.9614
6.9028   10.6668  4.87
6.8829   10.6472  4.7388
6.8016   10.597   4.468
6.7943   10.5744  4.3882
6.8328   10.5403  4.2272
6.8378   10.5145  4.0574
6.8853   10.5394  3.9127
6.893    10.4994  3.6593
6.9195   10.5176  3.4683
7.0133   10.57    3.3257
7.0611   10.5707  3.1774
7.1123   10.5986  3.0957
7.1681   10.633   3.0063
7.2279   10.6484  2.8886
7.2431   10.7041  2.8146
7.3056   10.7877  2.692
7.3939   10.798   2.6462
7.427    10.8412  2.5847
7.4557   10.8595  2.5191



































































































































































10.0784  10.3319  3.1482   MMF
9.3012   9.6449   4.1181   GNA
9.9186   10.8292  2.5908   O1
7.4895   10.1274  3.3777   O2
7.837    5.0709   2.7381   O3
3.1475   8.1846   2.1093   O4




10.5259  10.5976  1.9263   E_SYM
10.5075  10.6125  2.0618
10.4855  10.5777  2.1562
10.4394  10.5804  2.2725
10.4268  10.5238  2.3508
10.3732  10.5141  2.4402
10.3514  10.4848  2.5254
10.3458  10.475   2.5729
10.3202  10.4615  2.6396
10.2573  10.4353  2.7338
10.218   10.416   2.8386
10.1897  10.3939  2.9145
10.1293  10.3838  3.0329
10.0748  10.3486  3.1329
10.0376  10.2938  3.2578
9.9884   10.2715  3.3572
9.953    10.229   3.4172
9.9013   10.2098  3.4829
9.8621   10.1428  3.5795
9.8123   10.0913  3.652
9.7476   10.0419  3.7384
9.6902   10.0064  3.7987
9.6395   9.9392   3.8851
9.555    9.8445   3.9768
9.5151   9.8272   4.02
9.4377   9.7789   4.069
9.386    9.7372   4.0776
9.3382   9.6746   4.1017
9.2892   9.6411   4.1151











































































































































































2.5144   7.0516   1.0838   R_PRAM
2.5132   7.1472   1.1616
2.4737   7.2172   1.2279
2.4619   7.2721   1.2919
2.467    7.3393   1.3345
2.4395   7.3733   1.4138
2.4438   7.4027   1.4978
2.3903   7.4564   1.6201
2.4254   7.4835   1.6806
2.3906   7.5248   1.7888
2.4249   7.5366   1.8685
2.4348   7.564    2.0308
2.4416   7.5808   2.0767
2.4932   7.6172   2.256
2.4926   7.6332   2.3688
2.5245   7.6787   2.4724
2.5164   7.7204   2.5697
2.529    7.7654   2.6987
2.5288   7.7885   2.7762
2.5284   7.811    2.8542
2.5313   7.8599   2.9455
2.5212   7.8972   3.0471
2.5433   7.9269   3.129
2.5712   7.9251   3.2246
2.6136   7.9572   3.3072
2.6305   7.9531   3.3679
2.6686   7.9088   3.5039
2.7215   7.8271   3.7201
2.8139   7.8031   3.7835
2.8941   7.7217   3.8543
2.9951   7.6721   3.9343
3.0642   7.6529   4.0203
3.1295   7.6136   4.1005
3.1836   7.6083   4.2364
3.2758   7.5951   4.3492
3.3697   7.5613   4.4557
3.4434   7.583    4.5402
3.5412   7.6016   4.642
3.6234   7.6512   4.7495
3.7384   7.664    4.8328
3.8475   7.727    4.8942
3.9834   7.7877   4.9481
4.1192   7.8639   4.9862
4.2366   7.9264   5.0123
4.3837   7.9737   5.0158
4.5636   8.0594   4.9872
4.6831   8.1232   4.9646
4.7737   8.1693   4.9405
4.9127   8.2678   4.9105
5.0087   8.3517   4.8985
5.0904   8.4144   4.865
5.2095   8.5177   4.8389
5.2959   8.5971   4.8175
5.3923   8.6805   4.808
5.4671   8.7536   4.7959
5.5664   8.8454   4.7961
















































































































































5.9368   3.1601   1.2058   L_PRAM
6.0199   3.135    1.278
6.1039   3.0982   1.3811
6.1522   3.0851   1.4912
6.2036   3.0553   1.5728
6.2645   3.036    1.6942
6.2969   3.0305   1.8172
6.3466   3.0185   1.9217
6.361    3.037    2.0311
6.3753   3.0546   2.1411
6.3838   3.064    2.2187
6.4086   3.0901   2.3393
6.4233   3.0992   2.5085
6.4278   3.1218   2.6011
6.4404   3.1536   2.7051
6.4747   3.1449   2.8053
6.4915   3.1519   2.9243
6.506    3.1723   3.021
6.5      3.1945   3.1656
6.5237   3.1998   3.3102
6.5378   3.2901   3.4628
6.5212   3.3963   3.5798
6.4846   3.4437   3.7198
6.4885   3.5566   3.8722
6.4592   3.6149   3.9499
6.4325   3.6748   4.0474
6.3977   3.7564   4.1706
6.402    3.7866   4.2379
6.4594   3.7515   4.2496
6.4647   3.8295   4.3442
6.4581   3.8803   4.4567
6.4864   4.0036   4.573
6.5005   4.0529   4.6468
6.5401   4.1592   4.7205
6.5893   4.233    4.7951
6.6307   4.3236   4.8318
6.6703   4.4413   4.8876
6.7094   4.5343   4.9294
6.7723   4.6169   4.9659
6.8174   4.7178   4.989
6.8998   4.8152   5.0089
6.9905   4.9697   5.0253
7.0644   5.0912   5.0462
7.1362   5.22     5.0395
7.215    5.3408   5.0511
7.3469   5.491    5.0262
7.408    5.5779   5.0152
7.4539   5.6199   4.9969
7.5786   5.6881   4.9666
7.6667   5.7783   4.9289
7.7598   5.8592   4.9035
7.8645   5.9372   4.8535
7.925    5.9904   4.8267
7.9412   6.0353   4.8244
7.9866   6.0966   4.8206

















































































































































5.6166   8.8611   4.776    ARC
5.7355   8.9407   4.7636
5.8081   8.9813   4.7455
5.8928   9.0339   4.7434
5.9824   9.0901   4.7295
6.0835   9.1507   4.7154
6.1331   9.1682   4.7168
6.2297   9.2336   4.732
6.3192   9.2905   4.7198
6.422    9.3647   4.725
6.5416   9.4036   4.6838
6.643    9.446    4.659
6.7689   9.5178   4.6185
6.8923   9.5493   4.5997
6.9667   9.5864   4.6001
7.0778   9.6655   4.6021
7.1642   9.704    4.6015
7.2999   9.7732   4.5936
7.4268   9.8203   4.5851
7.5399   9.884    4.5683
7.6433   9.919    4.5462
7.8041   9.9727   4.5207
7.8608   9.979    4.5101
8.0021   10.0212  4.4642
8.101    10.0224  4.4289
8.1755   10.0384  4.4093
8.2359   10.0431  4.386
8.3251   10.0398  4.3554
8.396    10.0548  4.3297
8.4614   10.0608  4.3138
8.5604   10.0473  4.2906
8.6394   10.0462  4.2702
8.7336   10.0441  4.2474
8.8429   9.9978   4.2088
8.9201   9.9902   4.1869
9.0478   9.9288   4.2025
9.0767   9.8725   4.1573
9.2157   9.8454   4.1396
9.2324   9.7725   4.1239
9.247    9.6947   4.1112
9.2133   9.663    4.1242
9.3335   9.5848   4.1163
9.4132   9.5363   4.1445
9.5033   9.4477   4.1287
9.5323   9.3599   4.1792
9.57     9.2121   4.2385
9.5841   9.0897   4.2335
9.5782   8.9638   4.2802
9.5743   8.8568   4.2908
9.5678   8.7396   4.2913
9.5555   8.6485   4.3228
9.5335   8.5379   4.379
9.5131   8.3931   4.4257
9.4804   8.2892   4.4546
9.4309   8.1857   4.4802
9.3891   8.0778   4.5015
9.3687   7.9891   4.5182
9.3268   7.8882   4.5477
9.2586   7.7882   4.5648
9.1876   7.6888   4.5824
9.136    7.582    4.5989
9.0739   7.4765   4.6329
9.0397   7.4313   4.6124
8.983    7.3125   4.6201
8.9084   7.1856   4.642
8.8039   7.0667   4.6618
8.7425   6.9831   4.6857
8.7045   6.926    4.7001
8.6277   6.8262   4.7178
8.5172   6.694    4.7411
8.4592   6.6341   4.7472
8.4054   6.5606   4.7387
8.3369   6.4557   4.73
8.2657   6.3498   4.7481
8.204    6.2561   4.7642
8.1645   6.1915   4.7794
8.1509   6.1297   4.7768
8.1001   6.1051   4.7886
8.0404   6.0007   4.8088
