AMNH     81311    cas5ms.xls
8.1028   9.1438   2.8641   IS
9.1369   10.1553  3.6164   ID
9.3125   9.8322   3.5908   R_I12
9.1979   9.4842   3.5352   R_I2C
8.9802   8.8372   3.5449   R_CP3
8.545    8.323    3.6418   R_P34
8.2989   7.8712   3.6618   R_P4M1
7.8692   7.253    3.635    R_M12
7.4039   6.6374   3.6306   R_M23
7.0867   6.1719   3.7586   R_DM3
8.9027   8.4114   2.4054   R_MF
8.7974   7.9022   2.8337   R_PCF
8.0349   6.0785   2.6763   R_CB
7.3534   6.6415   3.4408   R_CL
7.1864   3.9976   6.4658   R_COR
6.6039   3.591    5.38     R_NOT
6.5048   2.7198   5.8461   R_CND
8.8117   10.3416  3.6094   L_I12
8.291    10.1983  3.5661   L_I2C
7.7122   10.0095  3.5343   L_CP3
7.2742   9.5328   3.642    L_P34
6.8648   9.2229   3.6254   L_P4M1
6.3075   8.8159   3.5908   L_M12
5.7762   8.2791   3.6043   L_M23
5.0944   7.7622   3.8527   L_DM3
7.5631   9.8168   2.1958   L_MF
6.847    9.6427   2.7123   L_PCF
5.2117   8.7809   2.5878   L_CB
5.8085   8.1615   3.3162   L_CL
3.0158   7.8406   6.3667   L_COR
2.7466   7.2603   5.3467   L_NOT
1.8704   7.0926   5.6551   L_CND
9.2367   9.5945   2.8602   O1
8.4849   7.0196   2.7174   O2
3.5936   7.7165   3.2595   O3
6.5192   3.2035   3.9468   O4








































9.0838   10.1662  3.5992   I_SYM
8.989    10.0852  3.5888
8.9004   9.9827   3.5496
8.8347   9.8792   3.507
8.7248   9.7811   3.4327
8.6647   9.7302   3.3834
8.6217   9.6898   3.3383
8.5477   9.6173   3.3015
8.4586   9.5726   3.2512
8.4076   9.514    3.2074
8.3692   9.4523   3.1805
8.2674   9.378    3.1136
8.2287   9.3159   3.0872
8.1619   9.253    3.0379
8.1471   9.2099   3.0023
8.1044   9.1818   2.9399
8.0944   9.1403   2.8151
8.0884   9.1293   2.7116
8.1381   9.1936   2.5916
8.0503   9.1472   2.5179
7.9989   9.068    2.464
7.9004   8.9648   2.3485
7.8634   8.9269   2.3236
7.7987   8.8373   2.2492
7.75     8.806    2.1987
7.7159   8.7621   2.0972
7.7179   8.7119   2.0222
7.7037   8.7056   1.922
7.7301   8.6974   1.8305
7.7712   8.6827   1.7473
7.8578   8.7421   1.6206
7.908    8.8088   1.5482








































































































































































7.2008   4.0219   6.4739   R_RAM
7.3021   4.1206   6.4483
7.3802   4.2713   6.3993
7.4145   4.4054   6.3528
7.43     4.479    6.286
7.4657   4.5637   6.0986
7.4877   4.6088   5.9518
7.49     4.653    5.7998
7.4777   4.7117   5.4917
7.4545   4.6944   5.3217
7.4046   4.6965   5.0823
7.3871   4.7318   4.8949
7.356    4.7435   4.6626
7.3191   4.7387   4.5053
7.3299   4.7437   4.256
7.3276   4.805    4.0452
7.3517   4.829    3.9255
7.3853   4.8974   3.7383
7.4037   4.9414   3.6188
7.4411   4.99     3.5263
7.4612   5.0487   3.4266
7.5024   5.069    3.347
7.5677   5.166    3.1771
7.6037   5.2502   3.1125
7.6623   5.3115   3.0369
7.7165   5.374    2.9426
7.7593   5.4658   2.8862
7.7913   5.509    2.8276
7.8216   5.5745   2.7764











































































































































































2.9631   7.7886   6.3731   L_RAM
3.0371   7.8406   6.4192
3.1315   7.9082   6.4835
3.2896   8.0285   6.442
3.5443   8.1338   6.1931
3.6725   8.1471   6.021
3.7878   8.1791   5.7666
3.8029   8.1728   5.3755
3.854    8.1663   5.0448
3.8568   8.1321   4.8671
3.8973   8.1004   4.6493
3.8885   8.0804   4.4644
3.8968   8.0617   4.2376
3.9369   8.0615   4.0162
3.9344   8.0471   3.7833
3.9709   8.08     3.6104
4.0236   8.0989   3.4735
4.0837   8.144    3.3712
4.139    8.1905   3.2107
4.171    8.2066   3.1863
4.2827   8.284    3.0609
4.323    8.3166   2.9889
4.3888   8.3505   2.9001
4.4359   8.3859   2.8123
4.5314   8.4233   2.7535
4.5713   8.475    2.684














































































































































































9.5024   10.4295  2.9546   MMF
8.6751   9.7041   3.9145   GNA
9.2611   10.8785  2.3407   O1
6.7688   10.0821  2.9466   O2
7.5692   5.1814   3.0107   O3
2.8608   7.8837   2.6481   O4




9.7627   10.6941  1.6955   E_SYM
9.7939   10.7232  1.8473
9.7461   10.7076  2.0182
9.7303   10.6527  2.1504
9.7431   10.6396  2.2189
9.7174   10.6169  2.3129
9.6667   10.6051  2.3805
9.6557   10.586   2.4599
9.6283   10.5829  2.5373
9.5879   10.5291  2.643
9.5506   10.4979  2.7394
9.5148   10.4766  2.8227
9.472    10.4328  2.955
9.4421   10.3794  3.0573
9.4109   10.3585  3.1607
9.344    10.3091  3.2774
9.3158   10.2624  3.3581
9.2503   10.208   3.4612
9.1405   10.1478  3.5726
9.0831   10.0579  3.6621
9.0205   9.9823   3.7462
8.9379   9.8992   3.815
8.8787   9.8637   3.8526
8.7854   9.7724   3.9083
8.7341   9.7094   3.9073
8.6519   9.6357   3.9252














































































































































































2.4052   6.7291   1.3443   R_PRAM
2.3627   6.8186   1.4232
2.3199   6.8734   1.5125
2.3058   6.9519   1.616
2.278    6.9979   1.7121
2.2481   7.0603   1.8057
2.2242   7.1106   1.9136
2.2072   7.1825   2.0253
2.2107   7.2496   2.1523
2.2472   7.2886   2.2862
2.2757   7.3175   2.3846
2.3086   7.3501   2.4757
2.3166   7.3655   2.6108
2.3356   7.387    2.7141
2.3523   7.4037   2.7859
2.355    7.4498   2.9184
2.3685   7.5025   3.0611
2.3925   7.5623   3.1836
2.3952   7.5677   3.3036
2.4252   7.5922   3.4056
2.4516   7.5956   3.5021
2.471    7.611    3.5953
2.5251   7.6334   3.7165
2.5283   7.6704   3.7857
2.5906   7.6453   3.8667
2.6372   7.6824   3.9597
2.6949   7.6944   4.0474
2.7319   7.7082   4.1001
2.7876   7.7085   4.2035
2.8894   7.7101   4.3152
2.9868   7.7224   4.434
3.0517   7.755    4.5461
3.1343   7.7428   4.6038
3.2194   7.772    4.6773
3.269    7.8188   4.7411
3.3579   7.8548   4.7943
3.4463   7.8936   4.8093
3.573    7.9701   4.884
3.6897   8.0179   4.959
3.7751   8.0636   4.99
3.9177   8.1197   4.9982
4.0005   8.1615   5.0275
4.1771   8.22     5.0485
4.3092   8.2718   5.0435
4.4631   8.3503   5.0472
4.5856   8.4026   5.0572
4.6673   8.4419   5.0571
4.7791   8.513    5.0201
4.8179   8.5479   4.9962
4.9514   8.67     4.9465
5.0702   8.7382   4.8733
5.1699   8.8211   4.8066
5.2704   8.8872   4.7525
5.3457   8.9603   4.7131
5.3733   8.9831   4.6998
5.4438   9.059    4.688
















































































































































5.649    3.3136   1.4161   L_PRAM
5.7076   3.3076   1.5015
5.7479   3.2855   1.5651
5.8099   3.3015   1.6245
5.8409   3.3154   1.704
5.8771   3.286    1.7448
5.9336   3.2542   1.8102
5.95     3.2497   1.8826
5.9807   3.2594   1.9835
6.029    3.2389   2.0647
6.0764   3.2408   2.1473
6.1154   3.252    2.2878
6.1542   3.265    2.3974
6.1829   3.2913   2.5178
6.2208   3.2977   2.6246
6.2688   3.2952   2.7718
6.3038   3.3326   2.89
6.3374   3.3563   2.9797
6.3625   3.3712   3.0899
6.4164   3.3828   3.2762
6.4282   3.3889   3.361
6.4314   3.423    3.48
6.4374   3.4521   3.6051
6.4639   3.4628   3.6904
6.507    3.4418   3.7918
6.5268   3.4927   3.8938
6.5541   3.5228   3.981
6.6239   3.597    4.131
6.672    3.661    4.1922
6.6563   3.694    4.2725
6.662    3.756    4.3799
6.6856   3.8567   4.4975
6.7113   3.9305   4.5876
6.7527   3.9879   4.6374
6.7706   4.0828   4.7446
6.8049   4.1622   4.8128
6.8284   4.2424   4.8646
6.878    4.3137   4.8946
6.9054   4.416    4.9528
6.9473   4.5216   4.988
7.0005   4.6147   5.025
7.0311   4.72     5.0865
7.0665   4.8246   5.1061
7.1177   4.9263   5.0873
7.1597   5.037    5.1254
7.2028   5.1401   5.1635
7.2525   5.2662   5.1791
7.2973   5.3791   5.1618
7.3347   5.4647   5.1507
7.3805   5.5924   5.1387
7.4404   5.6961   5.1094
7.4744   5.8653   5.0684
7.5448   5.9841   4.9991
7.6392   6.0906   4.9215
7.7177   6.1921   4.8511
7.7553   6.2312   4.8279
7.8162   6.3084   4.7772
7.8777   6.3591   4.7491
7.9093   6.3848   4.7376
7.9767   6.4519   4.7204
8.0005   6.5016   4.7104











































































































































5.528    9.0678   4.6626   ARC
5.6175   9.1061   4.6193
5.74     9.2058   4.5928
5.8251   9.2398   4.5645
5.9171   9.2959   4.5349
5.9968   9.3439   4.5239
6.06     9.3767   4.5123
6.1577   9.4228   4.495
6.2994   9.4837   4.449
6.3726   9.5259   4.4286
6.4776   9.5925   4.3973
6.5586   9.641    4.3853
6.6875   9.6947   4.3617
6.7547   9.7165   4.3572
6.8782   9.781    4.3235
6.965    9.8154   4.2983
7.0647   9.8436   4.2808
7.1326   9.8811   4.2655
7.2261   9.9229   4.2522
7.3181   9.9431   4.2136
7.4196   9.9548   4.2027
7.5199   9.9829   4.1862
7.6354   10.0277  4.1647
7.76     10.041   4.1395
7.8714   10.0452  4.1182
8.0144   10.0743  4.0931
8.0697   10.0692  4.0909
8.204    10.0722  4.0417
8.2537   10.0267  4.0445
8.3328   10.0071  4.0336
8.5066   9.9183   4.0042
8.5759   9.8714   3.9695
8.6209   9.7704   3.9547
8.6222   9.6812   3.9112
8.6286   9.625    3.8976
8.6838   9.5765   3.9104
8.7913   9.5826   3.9488
8.9616   9.465    3.9804
8.9971   9.3834   4.0018
9.0396   9.2652   4.0398
9.0765   9.1615   4.061
9.0801   9.0045   4.0854
9.0678   8.875    4.1006
9.0534   8.7861   4.1149
9.0361   8.6439   4.1534
9.0316   8.5502   4.1722
9.0001   8.4262   4.1846
8.9437   8.2992   4.2255
8.9257   8.2402   4.2493
8.8323   8.0638   4.2967
8.788    7.9683   4.328
8.736    7.8409   4.3704
8.6723   7.7146   4.3818
8.6044   7.5966   4.4094
8.5059   7.4455   4.4581
8.43     7.3157   4.4856
8.3761   7.172    4.5091
8.2953   7.0622   4.5397
8.2147   6.9079   4.5766
8.1435   6.7952   4.5913
8.1022   6.7001   4.6149
8.052    6.6366   4.6481
8.0516   6.6096   4.6483
8.0255   6.5697   4.6692
8.0014   6.4959   4.6898
