NMNH     163276   cgk11ms.xls
10.9221  11.4242  2.6682   IS
12.0731  12.3717  3.5899   ID
12.2793  12.0863  3.561    R_I12
12.3557  11.8484  3.5967   R_I2C
11.9894  11.1926  3.4257   R_CP3
11.5224  10.725   3.3857   R_P34
11.0336  10.2684  3.3695   R_P4M1
10.5955  9.7503   3.305    R_M12
10.038   9.1084   3.3499   R_M23
9.4979   8.2854   3.6143   R_DM3
11.8712  10.7759  1.9359   R_MF
11.6375  10.3199  2.6504   R_PCF
10.6476  8.5213   2.3423   R_CB
9.9474   9.1355   3.0954   R_CL
10.0714  6.5324   6.1138   R_COR
9.1884   6.2561   5.2149   R_NOT
8.9601   5.3416   5.5578   R_CND
11.7591  12.5765  3.555    L_I12
11.4597  12.6849  3.6201   L_I2C
10.8309  12.5532  3.402    L_CP3
10.3037  12.0353  3.4142   L_P34
9.8544   11.6865  3.332    L_P4M1
9.3272   11.1903  3.2775   L_M12
8.6893   10.6554  3.2429   L_M23
7.8076   10.2063  3.5289   L_DM3
10.1224  12.3719  1.9439   L_MF
9.7204   12.2028  2.3799   L_PCF
8.0489   11.3578  2.4941   L_CB
8.7304   10.6274  3.0716   L_CL
5.8311   10.6542  6.0945   L_COR
5.6977   10.067   5.1728   L_NOT
4.8286   9.6068   5.551    L_CND
12.4001  11.8005  2.802    O1
10.8718  8.8886   2.4903   O2
6.4295   10.2774  3.1554   O3
8.6959   5.7816   3.4157   O4








































11.9598  12.3105  3.7339   I_SYM
11.7837  12.2253  3.6579
11.7096  12.1423  3.6121
11.5849  12.0383  3.5611
11.5309  11.9898  3.484
11.3598  11.8065  3.2905
11.3026  11.7516  3.1953
11.1299  11.6257  3.0389
10.9381  11.4871  2.8324
10.9433  11.4744  2.7747
10.8934  11.4519  2.6918
10.8992  11.4407  2.6281
10.922   11.444   2.4707
10.9194  11.4813  2.4323
10.9603  11.5166  2.25
10.9137  11.4304  2.2105
10.7896  11.3275  2.1397
10.6885  11.2602  2.0416
10.6559  11.2139  1.8826
10.6441  11.1962  1.8181
10.6317  11.1984  1.7625
10.6694  11.1956  1.6998
10.6839  11.2163  1.6553
10.7106  11.255   1.5752
10.734   11.25    1.5583















































































































































































10.0363  6.5205   6.1245   R_RAM
10.1891  6.7472   6.1002
10.285   7.044    5.7251
10.2716  7.2238   5.3578
10.2561  7.2331   5.2413
10.2577  7.2963   4.9859
10.22    7.3049   4.8149
10.1594  7.3217   4.5512
10.091   7.3577   4.2363
10.1392  7.4518   4.1314
10.1098  7.5164   4.0044
10.0533  7.5035   3.6997
10.0366  7.5343   3.3664
10.033   7.5329   3.1234
10.042   7.5629   2.9933
10.0924  7.6129   2.7768
10.1757  7.6785   2.5697
10.1897  7.6938   2.4786






















































































































































































9999     9999     9999     L_RAM
9999     9999     9999






































































































































































































8.2149   11.7624  2.8275   MMF
7.5502   11.0565  3.6326   GNA
8.8354   11.4105  1.7767   O1
5.4481   10.947   3.0953   O2
7.0715   7.1416   3.3069   O3
2.6289   8.9236   2.4107   O4




8.5047   12.0231  1.3581   E_SYM
8.4929   12.0351  1.5133
8.4514   11.9639  1.761
8.4221   11.9571  1.8739
8.3684   11.9612  2.1203
8.3438   11.9173  2.3485
8.3153   11.8998  2.4447
8.286    11.8298  2.6016
8.2361   11.8019  2.7571
8.156    11.7438  2.8814
8.0913   11.681   3.0067
8.0438   11.6364  3.0727
7.9991   11.5602  3.1579
7.9642   11.5098  3.2247
7.8267   11.3645  3.4054
7.777    11.3021  3.4734
7.7094   11.2322  3.5541
7.658    11.175   3.593
7.6221   11.1269  3.6192
7.5983   11.0967  3.6224
7.5481   11.0568  3.6314



















































































































































































1.8632   7.6652   1.0348   R_PRAM
1.8012   7.7296   1.1714
1.748    7.7936   1.2957
1.684    7.8175   1.4154
1.6335   7.8615   1.5767
1.5987   7.9023   1.7323
1.5922   7.9444   1.9372
1.6029   7.9958   2.0112
1.6195   8.024    2.0999
1.66     8.044    2.2337
1.7021   8.0688   2.3467
1.7417   8.086    2.4726
1.7866   8.1402   2.6097
1.8315   8.1536   2.7673
1.8598   8.1453   2.9267
1.9021   8.1429   3.0425
1.9957   8.1202   3.3823
2.0438   8.1339   3.5577
2.0965   8.1153   3.7162
2.1496   8.1142   3.8392
2.2135   8.0986   3.926
2.2478   8.1032   3.9979
2.2985   8.1252   4.0703
2.3559   8.1141   4.166
2.4284   8.1575   4.2477
2.4709   8.1912   4.3194
2.5745   8.2474   4.4148
2.6183   8.3227   4.4775
2.702    8.3734   4.5499
2.7566   8.4336   4.5928
2.9203   8.5734   4.68
3.114    8.7381   4.7679
3.2003   8.8018   4.7624
3.2977   8.8968   4.7684
3.4205   9.0086   4.7781
3.4952   9.0821   4.7762
3.7051   9.2239   4.7238
3.7847   9.2924   4.6669
3.8589   9.367    4.6529
3.93     9.4509   4.6177
4.0391   9.5001   4.5596
4.0595   9.6188   4.5358
4.1792   9.6444   4.4991
4.2045   9.7164   4.4695
4.26     9.7091   4.4515



























































































































































9999     9999     9999     L_PRAM
9999     9999     9999






































































































































































































4.4503   9.8804   4.3487   ARC
4.5292   9.9606   4.3336
4.614    10.027   4.3045
4.6869   10.0925  4.2863
4.826    10.1829  4.2605
4.8952   10.2256  4.247
5.0216   10.3091  4.2295
5.195    10.3912  4.208
5.376    10.4645  4.1874
5.5522   10.5696  4.1833
5.6207   10.5644  4.1675
5.7041   10.6377  4.1634
5.7712   10.6635  4.1567
5.8361   10.685   4.1379
5.9495   10.7461  4.1246
6.0219   10.7951  4.1023
6.126    10.8305  4.0802
6.2529   10.8598  4.1157
6.3393   10.9069  4.0241
6.4162   10.9362  3.9979
6.6457   11.0109  3.9375
6.7378   11.0644  3.9186
6.8285   11.0883  3.8805
6.916    11.1192  3.8349
6.946    11.1259  3.8273
7.0564   11.1655  3.7869
7.1538   11.1534  3.7439
7.2783   11.1676  3.7209
7.3933   11.1471  3.6421
7.5357   11.149   3.6239
7.5436   11.095   3.6393
7.6031   10.9514  3.6641
7.6646   10.8727  3.664
7.6899   10.6345  3.7946
7.6966   10.5608  3.8402
7.7217   10.3515  3.9216
7.6683   10.1972  3.9896
7.6391   10.0034  4.0513
7.6233   9.9485   4.0817
7.5819   9.8281   4.108
7.5041   9.5582   4.1549
7.4047   9.3363   4.2973
7.3509   9.1675   4.3196
7.3403   8.9987   4.2734
7.3144   8.8948   4.2656
7.2421   8.6483   4.2748
7.1441   8.4533   4.2958
7.0899   8.2921   4.3053
7.0706   8.2235   4.3145
6.9196   7.9332   4.3665
6.8828   7.8166   4.3973
6.84     7.7489   4.4108
6.7938   7.7031   4.4114
