NMNH     181829   cgk24ms.xls
10.2557  14.3795  3.0314   IS
10.9912  15.4859  4.2393   ID
11.244   15.2765  4.1589   R_I12
11.3819  14.8885  4.0645   R_I2C
11.197   14.2096  3.8261   R_CP3
10.7207  13.6003  3.7262   R_P34
10.334   13.1298  3.6834   R_P4M1
10.0345  12.5865  3.5421   R_M12
9.6726   11.9977  3.441    R_M23
9.349    11.0197  3.4921   R_DM3
11.1357  14.0992  2.2731   R_MF
10.9     13.3877  2.9656   R_PCF
10.356   11.343   2.4888   R_CB
9.6635   12.0604  3.1102   R_CL
9.8318   9.3282   5.9505   R_COR
9.3325   8.7268   4.8242   R_NOT
9.0611   7.5427   5.2354   R_CND
10.752   15.5723  4.2734   L_I12
10.3369  15.5713  4.087    L_I2C
9.7887   15.3259  3.9142   L_CP3
9.3714   14.6947  3.7961   L_P34
9.0101   14.2369  3.6935   L_P4M1
8.5491   13.7364  3.5244   L_M12
8.0945   13.1993  3.3979   L_M23
7.2971   12.5785  3.4836   L_DM3
9.6708   15.1508  2.3429   L_MF
8.9055   14.6125  2.9812   L_PCF
7.4484   13.7127  2.5822   L_CB
8.1441   13.1337  3.2469   L_CL
5.3521   12.5715  5.975    L_COR
5.0719   11.8987  4.9561   L_NOT
3.9884   11.4439  5.1801   L_CND
11.3535  15.0249  3.2469   O1
10.3784  11.665   2.6773   O2
5.9235   12.6128  2.8931   O3
9.1816   8.4203   3.46     O4








































10.9915  15.4487  4.1327   I_SYM
10.8487  15.2462  4.0111
10.7509  15.1277  3.8876
10.6486  14.9977  3.7816
10.5873  14.8852  3.6618
10.5256  14.7399  3.5173
10.4634  14.6736  3.4338
10.3803  14.5649  3.3175
10.3053  14.4987  3.2428
10.2524  14.4305  3.1207
10.249   14.3938  2.9983
10.2802  14.407   2.9037
10.3193  14.4823  2.8328
10.3214  14.5189  2.6664
10.2409  14.3992  2.5111
10.2093  14.3314  2.4555
10.1576  14.2734  2.3655
10.1505  14.2379  2.2523
10.1613  14.2113  2.1487
10.1947  14.2341  2.0651
10.2144  14.2799  1.9639
10.2496  14.3063  1.9069


















































































































































































9.7872   9.2575   5.9191   R_RAM
9.8755   9.5035   5.9224
9.9142   9.7527   5.7585
9.9156   9.8918   5.5762
9.9427   9.9885   5.4457
9.9643   10.0541  5.2811
9.9478   10.0805  5.1363
9.952    10.0822  5.0471
9.9521   10.09    4.8677
9.9306   10.0869  4.7426
9.9013   10.0642  4.6224
9.897    10.0662  4.4873
9.8905   10.1101  4.2645
9.9114   10.1323  4.1166
9.9251   10.1418  3.881
9.9498   10.1421  3.7643
9.9536   10.1487  3.5941
9.9628   10.1848  3.4064
9.9457   10.1928  3.244
10.0101  10.2611  3.0656
9.9832   10.2438  2.9676
10.0611  10.2973  2.7979
10.1259  10.353   2.6299
10.193   10.4216  2.5253
10.2287  10.4763  2.4568
10.26    10.5199  2.3526
10.2743  10.5819  2.2611













































































































































































9999     9999     9999     L_RAM
9999     9999     9999






































































































































































































9.3378   12.8726  2.9747   MMF
8.6835   12.0685  3.9444   GNA
8.9292   13.1322  2.4785   O1
5.9213   11.2977  3.1763   O2
8.0572   7.2897   2.9456   O3
3.124    9.2451   2.4772   O4




9.4553   13.091   1.6142   E_SYM
9.4427   13.1124  1.7585
9.4318   13.0981  1.887
9.4296   13.0815  2.0509
9.413    13.0621  2.1916
9.392    13.0433  2.4099
9.3724   13.0269  2.5729
9.3492   13.0081  2.6588
9.3072   12.9568  2.8473
9.2453   12.8764  3.0775
9.2088   12.828   3.1902
9.1446   12.7888  3.3106
9.0815   12.7058  3.4452
9.0495   12.658   3.5237
8.9934   12.5657  3.624
8.9555   12.5201  3.6989
8.9043   12.4422  3.7475
8.8578   12.3378  3.8358
8.805    12.2787  3.8857
8.7438   12.1731  3.9224
8.6951   12.1004  3.9541
8.6699   12.0838  3.945
8.6399   11.953   3.9367

















































































































































































2.7163   8.0822   1.2285   R_PRAM
2.6371   8.1542   1.2726
2.5844   8.2216   1.3708
2.5079   8.2469   1.5587
2.5064   8.3118   1.7446
2.5165   8.3681   1.9233
2.5146   8.4301   2.0447
2.537    8.5298   2.2112
2.5314   8.6272   2.3801
2.5459   8.6666   2.5118
2.5328   8.7005   2.7987
2.534    8.7423   3.0704
2.593    8.7474   3.4306
2.6568   8.7721   3.5496
2.7154   8.7662   3.641
2.7464   8.768    3.7242
2.8578   8.8023   3.9145
2.9228   8.8585   4.0958
3.0378   8.9798   4.3172
3.1406   9.0345   4.4677
3.2729   9.1231   4.5908
3.3053   9.2202   4.6516
3.3266   9.2308   4.6463
3.4094   9.3027   4.7157
3.5244   9.3303   4.7292
3.6028   9.3881   4.8005
3.6874   9.4046   4.8189
3.9185   9.4797   4.8892
3.9811   9.5075   4.899
4.1378   9.6164   4.8892
4.3088   9.7475   4.8632
4.5261   9.9047   4.8379
4.6839   10.0289  4.7891
4.8577   10.2006  4.7142
5.014    10.352   4.6554
5.1795   10.4872  4.6285
5.28     10.5514  4.5961



































































































































































9999     9999     9999     L_PRAM
9999     9999     9999






































































































































































































5.3385   10.6841  4.5854   ARC
5.4074   10.7697  4.5602
5.5534   10.9068  4.5497
5.6856   11.0161  4.5191
5.9413   11.1637  4.4937
6.2025   11.333   4.4873
6.4572   11.5103  4.4716
6.6347   11.6029  4.4513
6.9654   11.7606  4.4145
7.2585   11.9004  4.3502
7.4745   11.9786  4.2919
7.6073   12.0103  4.2638
7.8282   12.0808  4.1723
8.0215   12.1267  4.0791
8.1137   12.1434  4.0415
8.2871   12.1984  3.9974
8.4756   12.1925  3.9669
8.6399   12.134   3.9461
8.803    12.0309  3.9416
8.8778   11.9259  3.971
8.9253   11.7868  3.9548
8.9489   11.6464  3.9913
8.9515   11.4429  4.0638
9.0012   11.1423  4.2398
8.9873   10.816   4.3284
8.9313   10.552   4.389
8.9001   10.2391  4.4069
8.8221   10.0486  4.4424
8.7732   9.8888   4.433
8.7435   9.6716   4.445
8.6336   9.445    4.4691
8.5014   9.1152   4.4824
8.3883   8.8176   4.5308
8.2786   8.5638   4.5562
8.2563   8.4968   4.5677
8.2391   8.3305   4.5944
