NMNH     452621   cgk29ms.xls
9.978    14.2736  3.418    IS
10.9346  15.4733  4.3515   ID
11.1875  15.1999  4.3514   R_I12
11.2769  14.8012  4.3522   R_I2C
11.0748  14.1052  4.1394   R_CP3
10.6164  13.5018  3.9934   R_P34
10.2487  13.0818  3.7384   R_P4M1
9.8784   12.5819  3.5505   R_M12
9.4091   11.8757  3.3823   R_M23
9.0242   10.9111  3.4978   R_DM3
11.0316  14.0924  2.4409   R_MF
10.7564  13.1661  2.9802   R_PCF
10.0879  11.2039  2.4885   R_CB
9.3619   11.9121  3.0346   R_CL
9.7492   9.3372   5.7358   R_COR
8.8256   8.5315   4.7896   R_NOT
8.7868   7.7358   5.1421   R_CND
10.6671  15.5592  4.3717   L_I12
10.222   15.4652  4.3123   L_I2C
9.6576   15.2162  4.0736   L_CP3
9.2012   14.5017  3.8521   L_P34
8.8722   14.1293  3.6854   L_P4M1
8.5077   13.7178  3.5484   L_M12
7.9539   13.0801  3.3984   L_M23
7.0513   12.37    3.5118   L_DM3
9.2992   15.1272  2.4475   L_MF
8.6927   14.662   3.0541   L_PCF
7.2838   13.617   2.6629   L_CB
7.9954   13.0011  3.1493   L_CL
5.5022   12.7081  5.8085   L_COR
4.9016   11.6987  4.9456   L_NOT
3.8862   11.4138  5.2758   L_CND
11.2278  15.0512  3.6545   O1
10.296   11.7277  2.3268   O2
6.0538   12.5587  2.4474   O3
8.6226   8.3741   3.497    O4








































10.7788  15.2301  4.3704   I_SYM
10.6404  15.0688  4.256
10.5434  14.9822  4.1874
10.4778  14.8818  4.0858
10.3939  14.7936  4.0105
10.3018  14.7099  3.9349
10.1946  14.6219  3.8365
10.135   14.5349  3.7463
10.0509  14.4141  3.642
9.975    14.3446  3.5307
9.9427   14.2925  3.4427
9.9375   14.2801  3.3936
9.9352   14.2446  3.3041
10.0041  14.3012  3.155
10.0596  14.3707  3.0753
10.0817  14.3982  3.0451
10.063   14.3344  2.7564
10.0052  14.2753  2.7242
9.8804   14.2293  2.6221
9.8497   14.1701  2.5402
9.833    14.0919  2.4356
9.8343   14.0486  2.3805
9.8061   14.0677  2.2988
9.8054   14.047   2.1786
9.8236   14.1178  2.0607
9.8956   14.1793  1.9544
9.921    14.2121  1.8857













































































































































































9.7858   9.3148   5.7011   R_RAM
9.809    9.5842   5.5284
9.8022   9.7267   5.2499
9.7685   9.7922   5.0363
9.7178   9.7695   4.8176
9.6359   9.8017   4.4834
9.5756   9.8061   4.2115
9.558    9.9083   3.9155
9.5548   9.92     3.6611
9.5469   9.9722   3.4044
9.5646   10.054   3.1686
9.5897   10.1076  2.9678
9.611    10.1566  2.8017
9.6366   10.1657  2.6408
9.6832   10.2358  2.4755
9.7837   10.332   2.3476
9.838    10.3941  2.2577
9.8888   10.4801  2.1128






















































































































































































9999     9999     9999     L_RAM
9999     9999     9999






































































































































































































9.063    12.7821  3.1424   MMF
8.2839   11.7087  3.9846   GNA
8.7838   13.1429  2.3082   O1
5.7509   11.3644  3.4561   O2
7.5662   7.4554   3.2288   O3
2.9419   9.0713   2.0696   O4




9.2593   13.0037  1.808    E_SYM
9.2694   12.9901  1.9767
9.2367   12.9839  2.1775
9.2269   12.9766  2.4089
9.1868   12.9412  2.6045
9.1022   12.9153  2.8615
9.0838   12.8648  3.0393
9.0504   12.797   3.1222
8.9973   12.7454  3.223
8.9106   12.6714  3.3703
8.8286   12.5578  3.5334
8.7313   12.4404  3.6539
8.5944   12.3302  3.7854
8.5557   12.2091  3.8461
8.4735   12.0792  3.9263
8.3743   11.9547  4.0285
8.2849   11.8692  4.0247
8.2591   11.7894  4.0509
8.2016   11.702   4.022





















































































































































































2.4208   8.0467   1.0266   R_PRAM
2.301    8.2523   1.3212
2.2396   8.2803   1.5553
2.1942   8.3083   1.7134
2.1987   8.3193   1.843
2.1987   8.3343   2.0188
2.1997   8.3297   2.183
2.1959   8.3477   2.3437
2.2157   8.3069   2.6048
2.2254   8.2545   2.9073
2.288    8.2107   3.045
2.3382   8.1939   3.1541
2.4214   8.1453   3.3266
2.506    8.1639   3.4994
2.5413   8.2031   3.6027
2.6001   8.1896   3.7151
2.6438   8.2098   3.852
2.7552   8.26     4.0528
2.8635   8.3024   4.1744
2.9142   8.4134   4.3253
3.0056   8.509    4.3895
3.1664   8.5786   4.494
3.2851   8.657    4.5647
3.46     8.7775   4.6476
3.6389   8.9557   4.6998
3.688    8.9444   4.6796
3.7897   9.0193   4.7004
3.9074   9.1528   4.6708
4.0305   9.2543   4.69
4.1543   9.3687   4.6662
4.2316   9.4626   4.6306
4.3073   9.5575   4.6009
4.3809   9.6506   4.5808
4.5188   9.8894   4.6165
4.587    9.959    4.6103
4.6629   10.091   4.6529
4.7107   10.1189  4.605
4.9068   10.2333  4.6106
5.0074   10.3565  4.6112
5.0519   10.4044  4.6114
5.1041   10.4586  4.6156































































































































































9999     9999     9999     L_PRAM
9999     9999     9999






































































































































































































4.8854   10.2841  4.6194   ARC
4.9769   10.3307  4.6121
5.1326   10.4633  4.6168
5.2297   10.555   4.6133
5.3433   10.6528  4.6128
5.5282   10.7981  4.6176
5.6104   10.8883  4.6297
5.7014   10.9637  4.6348
5.8689   11.06    4.6295
5.9972   11.1479  4.6322
6.1876   11.2736  4.6253
6.3178   11.359   4.6296
6.4576   11.4433  4.6118
6.6246   11.5572  4.5782
6.7764   11.6343  4.5621
6.9776   11.702   4.5287
7.2094   11.773   4.4477
7.4191   11.7919  4.3543
7.5529   11.8305  4.2927
7.7277   11.8375  4.1949
7.8872   11.8348  4.1251
8.0004   11.8431  4.0856
8.1356   11.8262  4.0426
8.3196   11.7179  4.0184
8.4504   11.6028  4.0274
8.546    11.4275  4.1196
8.6107   11.1029  4.2757
8.5946   10.6996  4.4097
8.5322   10.4204  4.4779
8.4556   10.1187  4.5329
8.3301   9.9154   4.5685
8.1955   9.6407   4.5692
8.0861   9.4422   4.5719
8.0406   9.3066   4.5708
7.9515   9.1016   4.5763
7.8712   8.9305   4.5764
7.7935   8.7691   4.57
7.6936   8.5895   4.5696
7.6276   8.4703   4.5797
7.5435   8.338    4.5784
7.488    8.192    4.581
7.4299   8.1433   4.565
7.3896   8.014    4.5758
