NMNH     163122   cgk1ms.xls
9.1215   12.0395  2.8645   IS
9.8303   13.1019  3.6885   ID
10.0467  12.8195  3.7045   R_I12
10.1086  12.4814  3.7478   R_I2C
10.0796  11.9529  3.6108   R_CP3
9.7451   11.4862  3.503    R_P34
9.4011   10.9444  3.4142   R_P4M1
9.1363   10.3407  3.2713   R_M12
8.7354   9.7177   3.2654   R_M23
8.31     8.7801   3.505    R_DM3
10.0339  11.589   2.1004   R_MF
9.9533   11.0323  2.6512   R_PCF
9.2965   9.1336   2.562    R_CB
8.5783   9.7205   2.9987   R_CL
8.993    7.4726   5.8725   R_COR
8.2114   6.7708   4.9098   R_NOT
8.2074   5.685    5.5056   R_CND
9.5973   13.1702  3.7641   L_I12
9.2041   13.0378  3.7185   L_I2C
8.7363   12.9274  3.5643   L_CP3
8.4018   12.4301  3.4843   L_P34
7.9179   12.0122  3.3436   L_P4M1
7.4564   11.5546  3.2474   L_M12
6.9474   11.0185  3.1763   L_M23
6.1731   10.4159  3.3334   L_DM3
8.4198   12.8442  2.2511   L_MF
7.8532   12.5522  2.7411   L_PCF
6.3926   11.5924  2.537    L_CB
7.0099   10.9299  2.9609   L_CL
9999     9999     9999     L_COR
4.0522   9.7542   4.8805   L_NOT
3.0318   9.4527   5.2926   L_CND
10.2545  12.4505  2.9632   O1
9.4555   9.5326   2.5369   O2
5.1856   10.5487  2.3932   O3
8.1432   6.6487   3.531    O4








































9.7905   12.9598  3.8035   I_SYM
9.7072   12.821   3.7173
9.6431   12.7272  3.6572
9.5777   12.661   3.5887
9.5343   12.6157  3.5457
9.4791   12.543   3.4781
9.4466   12.467   3.4016
9.3825   12.3998  3.3336
9.3265   12.3255  3.2674
9.2914   12.2729  3.2339
9.222    12.1936  3.1501
9.2056   12.1552  3.116
9.1694   12.0977  3.0486
9.1335   12.0701  3.0067
9.1201   12.0396  2.9131
9.1063   12.0349  2.8529
9.1245   12.0432  2.759
9.1571   12.0988  2.682
9.1986   12.1262  2.6355
9.2247   12.1695  2.5781
9.2591   12.2343  2.5505
9.307    12.2314  2.5441
9.3181   12.242   2.3998
9.2002   12.172   2.3163
9.1716   12.1113  2.2672
9.1337   12.0817  2.2172
9.0924   12.0456  2.1769
9.0909   12.0139  2.1001
9.0769   12.0074  2.0316
9.063    12.0211  1.9256
9.0894   12.0694  1.8394
9.1073   12.0804  1.8399








































































































































































8.9475   7.3293   5.8427   R_RAM
9.1048   7.6826   5.7814
9.0541   7.7757   5.6735
9.0404   7.846    5.5569
9.023    7.8875   5.4564
9.0352   7.9569   5.3599
9.0197   7.9705   5.2171
9.0396   8.0109   4.9759
9.0179   8.0325   4.8531
8.9817   8.0309   4.6528
8.9424   8.0223   4.4343
8.9154   8.0517   4.3332
8.8954   8.0709   4.1193
8.899    8.0836   4.0007
8.881    8.0936   3.7713
8.8757   8.1197   3.5388
8.8926   8.1471   3.2559
8.9187   8.2165   3.0257
8.9828   8.3183   2.7538
9.0495   8.3923   2.5326
9.1146   8.4521   2.3708
9.1993   8.5317   2.2061
9.2764   8.6546   2.062

















































































































































































9999     9999     9999     L_RAM
9999     9999     9999






































































































































































































7.8824   10.2921  2.5788   MMF
7.499    9.5259   3.3345   GNA
7.346    10.6312  2.1867   O1
4.8769   8.9852   2.9673   O2
7.1774   5.2391   2.7739   O3
2.416    6.844    2.2893   O4




7.9657   10.5428  1.3562   E_SYM
7.9903   10.5748  1.4598
7.9849   10.5099  1.6021
7.9782   10.5093  1.7146
7.973    10.5161  1.833
7.9785   10.5355  1.8922
7.9739   10.4807  2.0916
7.9433   10.4702  2.1768
7.939    10.4269  2.2783
7.9398   10.3439  2.4308
7.9006   10.3004  2.5252
7.8828   10.219   2.6322
7.8486   10.0984  2.7917
7.7717   9.9987   2.9809
7.713    9.9227   3.0985
7.672    9.8205   3.1882
7.5805   9.71     3.2973
7.5561   9.6307   3.3232
7.5287   9.6176   3.3324
7.4914   9.5253   3.3406




















































































































































































1.7862   5.6509   0.7819   R_PRAM
1.7014   5.6943   0.8826
1.6498   5.7663   0.982
1.5652   5.8081   1.1617
1.4637   5.8757   1.5051
1.4963   5.9044   1.6638
1.5103   5.9452   1.7905
1.564    6.0223   2.026
1.5924   6.0334   2.1451
1.6124   6.055    2.294
1.6466   6.0829   2.4215
1.7279   6.1058   2.7046
1.7661   6.1111   2.8243
1.8089   6.1165   2.9395
1.9216   6.0702   3.1788
2.0102   6.0917   3.335
2.1536   6.071    3.5037
2.3239   6.0965   3.7137
2.3824   6.1571   3.8084
2.4457   6.1869   3.8861
2.5395   6.2924   4.0258
2.5804   6.2562   4.017
2.6446   6.3787   4.1291
2.8248   6.5641   4.2443
3.0752   6.7322   4.3991
3.1374   6.7922   4.4081
3.3331   6.9572   4.4503
3.558    7.1365   4.4791
3.7158   7.301    4.517
3.7907   7.4128   4.5184
3.9743   7.6064   4.4864
4.098    7.7593   4.4398
4.2442   7.8926   4.3699
4.3537   7.9789   4.3504
4.3815   8.0168   4.3538





































































































































































9999     9999     9999     L_PRAM
9999     9999     9999






































































































































































































4.483    8.099    4.3178   ARC
4.6551   8.2822   4.2618
4.7781   8.3944   4.2447
4.9582   8.5083   4.232
5.061    8.5805   4.2146
5.3144   8.7426   4.176
5.5196   8.8481   4.1659
5.7671   8.9907   4.1093
6.049    9.1449   4.0393
6.3043   9.2447   3.9765
6.5322   9.3626   3.9165
6.6502   9.4424   3.8225
6.8764   9.5372   3.698
7.1114   9.647    3.5868
7.2553   9.6951   3.4808
7.4164   9.6654   3.3822
7.6386   9.4971   3.3369
7.7771   9.084    3.4699
7.7957   8.7308   3.596
7.7576   8.2959   3.7183
7.7254   7.9401   3.8458
7.6949   7.5858   3.8782
7.6639   7.3121   3.903
7.5877   7.0498   3.9057
7.5137   6.8234   3.9104
7.4699   6.5774   3.9539
7.3836   6.3777   3.9138
7.3129   6.1503   3.9489
7.2514   5.9932   3.9643
