NMNH     164844   cgk22ms.xls
9.3419   13.6245  2.9286   IS
10.0668  14.5434  3.7233   ID
10.2806  14.2757  3.676    R_I12
10.2904  13.9137  3.6329   R_I2C
10.1718  13.4436  3.4191   R_CP3
9.8344   13.074   3.4705   R_P34
9.4421   12.4969  3.4401   R_P4M1
9.1481   11.9856  3.3629   R_M12
8.521    11.3256  3.3665   R_M23
8.0585   10.382   3.5103   R_DM3
10.2085  13.4361  2.2563   R_MF
9.8251   12.5493  2.8102   R_PCF
9.1735   10.813   2.6582   R_CB
8.4706   11.4214  3.1746   R_CL
8.8551   9.096    5.6141   R_COR
7.9773   8.7251   4.6591   R_NOT
7.8748   7.7562   5.069    R_CND
9.8843   14.6631  3.7495   L_I12
9.5621   14.5905  3.7026   L_I2C
9.079    14.4306  3.5673   L_CP3
8.7849   14.0561  3.5561   L_P34
8.2429   13.6125  3.5116   L_P4M1
7.7298   13.1916  3.4354   L_M12
7.2598   12.6587  3.4345   L_M23
6.382    12.065   3.6212   L_DM3
8.7876   14.4452  2.2651   L_MF
8.1117   14.0229  2.8352   L_PCF
6.4696   13.1438  2.6855   L_CB
7.3015   12.6532  3.1243   L_CL
4.7872   12.5706  5.8515   L_COR
4.5978   11.8743  4.9606   L_NOT
3.6886   11.7408  5.2991   L_CND
10.4727  14.1086  3.2583   O1
9.4839   11.6931  2.6043   O2
5.4066   12.3564  3.3007   O3
7.6375   8.4449   3.4355   O4








































10.1108  14.4271  3.7639   I_SYM
10.0081  14.3036  3.725
9.8704   14.1946  3.6282
9.7243   14.0643  3.5249
9.7238   14.0184  3.4828
9.63     13.9374  3.3875
9.5473   13.878   3.3135
9.5072   13.8046  3.2978
9.4405   13.7547  3.2002
9.3446   13.6915  3.1031
9.3381   13.6357  3.0391
9.3137   13.6376  2.9823
9.3546   13.6624  2.8163
9.4161   13.7052  2.7433
9.4396   13.7451  2.6968
9.391    13.7329  2.4907
9.335    13.6905  2.4208
9.2247   13.6484  2.3596
9.1564   13.5928  2.2722
9.2089   13.5347  2.217
9.1861   13.5409  2.1434
9.1476   13.502   2.0913
9.145    13.5169  2.0738

















































































































































































8.9484   9.1445   5.6145   R_RAM
8.9584   9.4388   5.4836
8.8977   9.6846   5.1249
8.8817   9.7356   4.8297
8.896    9.7105   4.6431
8.8408   9.7285   4.4931
8.8046   9.8139   4.1565
8.7778   9.8191   3.933
8.7763   9.9036   3.726
8.7729   9.9509   3.4892
8.7841   10.0148  3.2533
8.8085   10.1161  2.9873
8.8461   10.15    2.7493
8.8823   10.2375  2.5904
8.9911   10.3183  2.4407
9.1137   10.4072  2.3467
9.1821   10.5236  2.2474























































































































































































9999     9999     9999     L_RAM
9999     9999     9999






































































































































































































8.1405   12.1596  2.6169   MMF
7.4693   11.3785  3.4918   GNA
7.7728   12.4589  1.903    O1
5.5054   11.3085  2.8177   O2
6.5277   7.3362   2.398    O3
2.3773   9.2073   2.4096   O4




8.2625   12.2519  1.6193   E_SYM
8.2765   12.2404  1.9172
8.2829   12.2426  2.2807
8.1665   12.1526  2.5695
8.0459   12.0027  2.8749
7.9814   11.8771  3.0549
7.8232   11.7587  3.2762
7.706    11.6331  3.371
7.6234   11.5062  3.4569
7.5888   11.4382  3.4867
7.5017   11.3447  3.5027





























































































































































































1.9451   8.3077   1.3023   R_PRAM
1.8105   8.4042   1.5125
1.7533   8.5093   1.7701
1.7538   8.5907   2.036
1.8068   8.6521   2.2585
1.8431   8.658    2.5242
1.8809   8.6395   2.7644
1.9072   8.6467   3.0024
1.9328   8.666    3.3266
2.0313   8.6454   3.5521
2.1392   8.6422   3.7568
2.2598   8.6829   3.9527
2.3785   8.7695   4.1463
2.5272   8.8312   4.2929
2.6823   8.9357   4.4423
2.8187   8.9941   4.5281
2.9806   9.0629   4.6254
3.1391   9.1365   4.6932
3.3158   9.2799   4.7337
3.3811   9.3341   4.7249
3.6083   9.454    4.7174
3.8228   9.614    4.6551
3.9903   9.7483   4.5979
4.1571   9.93     4.5049
4.2549   10.0656  4.4194
4.3415   10.235   4.3785














































































































































































9999     9999     9999     L_PRAM
9999     9999     9999






































































































































































































4.4825   10.3504  4.3335   ARC
4.6313   10.4699  4.3151
4.8388   10.6025  4.3211
5.0456   10.7429  4.2183
5.2979   10.8715  4.1295
5.501    11.0098  4.1102
5.7603   11.1317  4.072
6.0147   11.2362  4.0724
6.233    11.3013  3.979
6.4926   11.4205  3.9063
6.6407   11.4658  3.8472
6.8427   11.5408  3.7917
7.0199   11.6466  3.6892
7.161    11.6247  3.6256
7.3043   11.5812  3.5672
7.4449   11.5625  3.5041
7.6664   11.4239  3.4791
7.7704   11.3368  3.475
7.8622   11.1146  3.5801
7.7905   10.8264  3.7277
7.7222   10.5362  3.8492
7.6283   10.1551  3.9577
7.4912   9.8287   4.0101
7.3517   9.4603   4.0651
7.2194   9.1379   4.0779
7.0529   8.8567   4.1517
6.9298   8.559    4.2205
6.8185   8.3143   4.2923
6.743    8.1093   4.3329
