NMNH     452641   cgk30ms.xls
10.8895  13.9547  2.9704   IS
11.5444  14.8127  4.0534   ID
11.7887  14.5805  4.0415   R_I12
11.8501  14.2363  3.9063   R_I2C
11.7515  13.6188  3.8375   R_CP3
11.4081  13.2414  3.6733   R_P34
10.9891  12.7141  3.6035   R_P4M1
10.6501  12.0727  3.5023   R_M12
10.1874  11.5093  3.4454   R_M23
9.7652   10.5972  3.5944   R_DM3
11.618   13.2974  2.2667   R_MF
11.4233  12.6864  2.9887   R_PCF
10.8097  10.8916  2.5012   R_CB
10.1393  11.5441  3.1008   R_CL
10.1443  8.7687   5.757    R_COR
9.6491   8.4124   4.8955   R_NOT
9.6011   7.6626   5.1071   R_CND
11.322   14.9968  4.015    L_I12
10.953   14.9504  3.9401   L_I2C
10.369   14.8236  3.7973   L_CP3
10.0469  14.3237  3.7332   L_P34
9.5971   13.8235  3.645    L_P4M1
9.1267   13.3635  3.5603   L_M12
8.6449   12.8616  3.4335   L_M23
7.7267   12.2814  3.4588   L_DM3
9.9477   14.4785  2.2488   L_MF
9.6966   14.3615  3.0927   L_PCF
8.0077   13.3718  2.7188   L_CB
8.7948   12.8693  3.13     L_CL
6.0076   12.2802  5.8253   L_COR
5.6507   11.6363  4.8864   L_NOT
4.8066   11.4125  5.0196   L_CND
12.0411  14.3361  3.4642   O1
11.0154  11.5187  2.5409   O2
7.1219   12.6952  2.6055   O3
9.5597   8.2125   3.5378   O4








































11.5267  14.7063  4.0299   I_SYM
11.4267  14.6301  3.9496
11.3514  14.5104  3.8118
11.3111  14.4746  3.7107
11.2708  14.436   3.6506
11.2089  14.3713  3.5658
11.1359  14.2581  3.4154
11.0679  14.18    3.3158
11.0288  14.1123  3.2572
10.9403  14.0415  3.1586
10.9285  13.962   3.0622
10.8866  13.9474  2.9644
10.884   13.9306  2.8873
10.8734  13.9745  2.7702
10.9307  13.9956  2.6963
10.9649  14.0414  2.6397
11.0173  14.1038  2.5847
11.0502  14.124   2.5626
10.9801  14.0813  2.496
10.9487  14.0171  2.4318
10.8494  13.9628  2.3717
10.8094  13.9025  2.3077
10.7792  13.8433  2.2019
10.7744  13.7886  2.0999
10.7735  13.7647  1.99
10.7518  13.7731  1.956
10.7768  13.8048  1.8849













































































































































































10.2828  8.9962   5.8206   R_RAM
10.356   9.1816   5.7856
10.3617  9.3601   5.6683
10.3742  9.466    5.5488
10.3691  9.555    5.3801
10.3754  9.6152   5.2774
10.3708  9.7325   5.058
10.3978  9.7576   4.8292
10.4035  9.7757   4.6497
10.4214  9.7975   4.3698
10.4287  9.8265   4.1994
10.4447  9.8174   3.997
10.4802  9.905    3.6575
10.4446  9.9311   3.4487
10.4491  9.9925   3.2265
10.5057  10.1081  2.9452
10.493   10.1373  2.8417
10.594   10.2918  2.6445
10.6922  10.4053  2.5418
10.7628  10.5261  2.4528




















































































































































































9999     9999     9999     L_RAM
9999     9999     9999






































































































































































































9.7241   12.5379  2.7012   MMF
9.1956   11.7773  3.6701   GNA
9.2584   12.8594  1.879    O1
6.7918   11.4233  2.9804   O2
8.6129   7.7647   3.0168   O3
3.7269   9.3612   2.2992   O4




9.8469   12.7154  1.4405   E_SYM
9.8508   12.717   1.6142
9.8502   12.7359  1.8157
9.8138   12.7389  2.0219
9.8062   12.6994  2.2113
9.7789   12.6488  2.327
9.7635   12.6267  2.5116
9.7093   12.5773  2.6367
9.7038   12.5628  2.7422
9.6064   12.4632  2.9748
9.54     12.3774  3.1351
9.4966   12.3085  3.2437
9.4217   12.1771  3.4049
9.3601   12.08    3.52
9.284    11.9841  3.6064
9.2471   11.9446  3.6352
9.2205   11.8717  3.6681
9.1797   11.8094  3.6778
9.1423   11.7131  3.6765





















































































































































































3.2797   8.2511   1.2503   R_PRAM
3.2617   8.3097   1.3675
3.2695   8.3636   1.5096
3.2402   8.4121   1.6466
3.1987   8.4801   1.7929
3.2057   8.5156   1.9524
3.1982   8.5592   2.0581
3.1762   8.6383   2.2108
3.206    8.6509   2.3672
3.2135   8.695    2.5209
3.2095   8.7421   2.6462
3.2068   8.786    2.7968
3.201    8.7829   2.9073
3.1866   8.797    3.0265
3.232    8.8056   3.1509
3.243    8.7916   3.2503
3.2846   8.7957   3.507
3.3673   8.7712   3.6336
3.4539   8.7488   3.7814
3.5405   8.7501   3.8652
3.6037   8.7413   3.9372
3.6724   8.7745   4.024
3.7232   8.8088   4.0684
3.7636   8.8108   4.1409
3.8403   8.8696   4.2122
3.9106   8.9082   4.2887
3.948    8.9473   4.3422
4.0072   8.9969   4.4161
4.095    9.0552   4.4859
4.1641   9.1038   4.52
4.2232   9.1654   4.5808
4.2885   9.2255   4.6174
4.3879   9.3114   4.6779
4.4687   9.3491   4.7077
4.526    9.376    4.7257
4.6041   9.4265   4.7581
4.6908   9.4896   4.7815
4.7627   9.5544   4.8154
4.8683   9.6219   4.8253
5.0518   9.7636   4.8477
5.2267   9.862    4.8362
5.3843   9.997    4.7681
5.5504   10.1207  4.6889
5.5798   10.1782  4.6878
5.6595   10.2604  4.6529
5.7996   10.3896  4.596
5.9332   10.491   4.531
6.0243   10.5476  4.4926
6.1327   10.6197  4.4745
6.2      10.67    4.4563
6.3017   10.7348  4.4346
6.3539   10.7815  4.4354




















































































































































9999     9999     9999     L_PRAM
9999     9999     9999






































































































































































































6.1837   10.6633  4.4671   ARC
6.2858   10.7244  4.4384
6.4131   10.7971  4.4074
6.5682   10.8876  4.3871
6.6798   10.9549  4.353
6.8129   11.0131  4.3194
6.9798   11.1281  4.2748
7.1415   11.1988  4.2355
7.2664   11.2758  4.2203
7.3973   11.3527  4.1816
7.55     11.4534  4.1458
7.7341   11.5405  4.12
7.8204   11.5911  4.1051
7.9903   11.6363  4.0839
8.1343   11.7209  4.0427
8.2414   11.7779  4.0236
8.3311   11.82    3.9837
8.6524   11.8812  3.898
8.7668   11.8564  3.8395
8.8725   11.834   3.8359
8.9652   11.8405  3.7543
9.0772   11.8226  3.7217
9.1993   11.7798  3.7037
9.2443   11.7241  3.6922
9.3074   11.6653  3.7018
9.3405   11.4968  3.7327
9.3679   11.2848  3.7971
9.4308   11.1179  3.8708
9.3957   10.9076  3.8997
9.3874   10.7626  3.9274
9.349    10.5575  3.9795
9.3047   10.3781  4.0304
9.2342   10.1626  4.07
9.1519   9.9879   4.1016
9.0777   9.8191   4.1134
9.0291   9.6185   4.1403
8.9912   9.4579   4.1663
8.9604   9.3309   4.1948
8.8914   9.1393   4.2527
8.8301   9.0787   4.2556
8.7571   8.9842   4.2647
8.6728   8.8434   4.2927
8.6289   8.7405   4.3082
8.5488   8.5877   4.3098
8.486    8.4803   4.3515
8.4742   8.3764   4.3668
