NMNH     163267   cgk5ms.xls
9.328    15.5293  2.6888   IS
10.088   16.5371  3.5501   ID
10.3503  16.3144  3.6425   R_I12
10.3655  15.8687  3.6569   R_I2C
10.2059  15.3883  3.5712   R_CP3
9.8755   14.9261  3.4951   R_P34
9.5199   14.3961  3.4168   R_P4M1
9.2224   13.8232  3.3075   R_M12
8.7865   13.2511  3.2571   R_M23
8.3713   12.3795  3.4031   R_DM3
10.0657  15.0316  1.984    R_MF
10.0616  14.651   2.5033   R_PCF
9.4503   12.7161  2.5244   R_CB
8.7026   13.2614  3.0879   R_CL
9.2248   11.3497  5.4157   R_COR
8.6337   10.6956  4.6643   R_NOT
8.4589   9.7817   4.8824   R_CND
9.9121   16.6917  3.6099   L_I12
9.5601   16.6632  3.6239   L_I2C
9.0955   16.3736  3.5236   L_CP3
8.7059   15.9857  3.4517   L_P34
8.2715   15.6019  3.3754   L_P4M1
7.7678   15.1114  3.2536   L_M12
7.3309   14.5703  3.1985   L_M23
6.565    13.9208  3.3211   L_DM3
8.411    16.041   1.8771   L_MF
8.1232   15.9431  2.5058   L_PCF
6.675    15.0238  2.5567   L_CB
7.414    14.5264  2.9711   L_CL
5.1812   14.1644  5.4311   L_COR
4.7566   13.4882  4.6961   L_NOT
4.0105   13.0923  4.9885   L_CND
10.3496  15.9257  2.8112   O1
9.7249   13.6723  2.7393   O2
5.6017   14.1532  2.6795   O3
8.2575   10.3051  3.4874   O4








































10.0768  16.3741  3.6438   I_SYM
9.9898   16.2677  3.6219
9.9103   16.1821  3.539
9.8029   16.0605  3.421
9.7149   16.0238  3.3491
9.6335   15.8987  3.218
9.5813   15.8397  3.1535
9.4947   15.7572  3.0672
9.4257   15.6638  2.9872
9.3651   15.6489  2.94
9.341    15.5686  2.8572
9.2999   15.5452  2.7462
9.3097   15.5383  2.6883
9.2904   15.5526  2.6312
9.3367   15.5243  2.5413
9.3678   15.5908  2.4711
9.3995   15.6394  2.4249
9.4438   15.6847  2.2778
9.3889   15.5886  2.2009
9.334    15.5367  2.1364
9.2804   15.4612  2.0694
9.2484   15.4238  2.0065
9.2211   15.376   1.9521
9.2153   15.3666  1.8685
9.2101   15.4025  1.7635















































































































































































9.2222   11.3587  5.4044   R_RAM
9.2563   11.4759  5.3718
9.2679   11.7008  5.1622
9.2672   11.7408  5.077
9.2558   11.7818  4.9105
9.238    11.7917  4.7373
9.1792   11.7437  4.5556
9.1134   11.718   4.4037
9.0908   11.7466  4.2138
9.0708   11.7632  3.9689
9.0808   11.7969  3.7835
9.1073   11.8494  3.4438
9.1334   11.9312  3.2151
9.1556   11.984   3.0754
9.1852   11.9954  2.9506
9.2848   12.041   2.7906
9.3237   12.1356  2.6819
9.3501   12.1861  2.6038
9.3993   12.2597  2.491
9.4383   12.3334  2.3982




















































































































































































5.1238   14.1717  5.4296   L_RAM
5.2327   14.2711  5.4533
5.3424   14.3244  5.3764
5.4241   14.3532  5.2526
5.525    14.3614  5.1097
5.5934   14.3271  4.9631
5.6233   14.3114  4.829
5.6564   14.2948  4.6745
5.6778   14.2882  4.4998
5.6836   14.2435  4.2583
5.7137   14.2431  4.128
5.7106   14.2462  3.9488
5.7312   14.2537  3.8815
5.7281   14.3158  3.399
5.7865   14.3655  3.1945
5.8379   14.4425  2.9303
5.8966   14.5271  2.7817
5.9563   14.6135  2.6323
6.0233   14.6846  2.5359
6.061    14.7201  2.4456
6.1358   14.7718  2.3934



















































































































































































8.1603   13.9786  2.6121   MMF
7.5784   13.1944  3.4295   GNA
7.6463   14.2624  2.1911   O1
5.6074   13.0838  2.4743   O2
7.1126   9.2956   2.6977   O3
2.6316   10.8425  2.0615   O4




8.3112   14.2601  1.6085   E_SYM
8.2899   14.2216  1.708
8.2695   14.1831  1.8387
8.2567   14.1435  1.9652
8.212    14.1129  2.1655
8.1992   14.0754  2.2628
8.1398   14.0278  2.4769
8.073    13.916   2.7633
7.9317   13.7841  3.0329
7.8637   13.6759  3.1653
7.7699   13.5202  3.3117
7.6648   13.3624  3.4108
7.5944   13.265   3.4489
7.5518   13.191   3.449


























































































































































































2.2674   9.8652   0.9803   R_PRAM
2.0925   10.0496  1.2987
2.0677   10.2081  1.6642
2.1408   10.2791  1.9822
2.1809   10.344   2.2782
2.2569   10.3807  2.627
2.3351   10.3478  2.9668
2.4357   10.3214  3.1559
2.5534   10.2811  3.4014
2.6683   10.3174  3.634
2.8247   10.3991  3.8189
2.9575   10.5119  3.9486
3.0263   10.5955  4.038
3.1766   10.6904  4.1412
3.4066   10.8174  4.2448
3.6534   10.9813  4.2977
3.7871   11.0448  4.2457
3.9715   11.1906  4.2164
4.1526   11.325   4.1195
4.3206   11.4953  4.0212
4.4421   11.6456  3.9617
4.5601   11.7931  3.9504
4.635    11.9087  3.9444

















































































































































































5.5035   7.3033   0.9885   L_PRAM
5.6123   7.2395   1.205
5.7017   7.1767   1.406
5.7514   7.182    1.6721
5.8209   7.2344   1.9207
5.8682   7.2857   2.094
5.8935   7.3255   2.3053
5.921    7.3607   2.529
5.9237   7.4095   2.8137
5.8951   7.4543   3.1127
5.8777   7.5104   3.2273
9999     9999     9999




























































































































































































4.7725   12.0684  3.9287   ARC
4.9299   12.226   3.9485
5.1116   12.3553  3.9333
5.3177   12.4644  3.9146
5.5308   12.6101  3.9605
5.7413   12.7162  3.9543
5.9175   12.7913  3.9413
6.0915   12.9125  3.9354
6.3589   13.0358  3.8999
6.6439   13.171   3.8303
6.8314   13.1934  3.7701
7.0628   13.2897  3.6567
7.2305   13.3011  3.5925
7.4208   13.339   3.4977
7.6614   13.2065  3.4947
7.71     13.1209  3.4643
7.7835   12.8662  3.5592
7.7937   12.6841  3.6196
7.8187   12.474   3.7447
7.7337   12.1743  3.8015
7.6727   11.9206  3.8476
7.5898   11.6143  3.902
7.4742   11.3108  3.9503
7.3707   10.9679  3.9108
7.2597   10.6908  3.9159
7.1642   10.432   3.9408
7.0974   10.1993  3.9683
7.0516   10.0926  3.9865
7.0611   10.0443  3.9892
