NMNH     481746   cta4ms.xls
11.0711  11.101   3.1328   IS
11.9441  11.9528  3.6618   ID
12.225   11.5697  3.6218   R_I12
11.9603  11.1359  3.578    R_I2C
11.8602  10.8161  3.6072   R_CP3
11.4862  10.3547  3.6171   R_P34
11.1116  9.9105   3.5661   R_P4M1
10.7027  9.405    3.5588   R_M12
10.1721  8.8816   3.4987   R_M23
9.5879   8.2587   3.5301   R_DM3
11.6098  10.5957  2.3395   R_MF
11.524   10.0178  2.7763   R_PCF
10.6238  8.3871   2.8938   R_CB
9.9968   8.9525   3.2493   R_CL
10.2895  6.47     5.7582   R_COR
9.5698   6.2585   5.0585   R_NOT
9.2712   5.4292   5.2561   R_CND
11.6439  12.1486  3.706    L_I12
11.2149  12.007   3.5871   L_I2C
10.8614  11.9902  3.6027   L_CP3
10.369   11.5766  3.6433   L_P34
9.8538   11.3059  3.6267   L_P4M1
9.3199   11.0053  3.6314   L_M12
8.6633   10.4804  3.5909   L_M23
7.991    10.0796  3.6472   L_DM3
10.4508  11.675   2.3475   L_MF
10.1069  11.6693  2.6175   L_PCF
8.2229   11.1085  2.9094   L_CB
8.8592   10.4586  3.2151   L_CL
6.4987   11.0623  5.8025   L_COR
6.1535   10.4329  5.2622   L_NOT
5.3141   10.2491  5.534    L_CND
12.1319  11.4199  2.9603   O1
11.0585  9.1604   2.8275   O2
8.5127   11.1932  2.9642   O3
9.403    6.4201   3.501    O4








































11.9776  11.8954  3.7128   I_SYM
11.8719  11.832   3.6796
11.7888  11.7258  3.655
11.6749  11.6312  3.6053
11.5893  11.5404  3.5225
11.4993  11.4616  3.458
11.4007  11.3905  3.3998
11.3178  11.3431  3.3666
11.234   11.2544  3.3182
11.1855  11.1802  3.2871
11.1228  11.1432  3.2479
11.0961  11.101   3.1823
11.0806  11.097   3.1243
11.1714  11.1286  2.841
11.0572  11.1631  2.7754
11.0068  11.0943  2.6984
10.9432  11.0231  2.5655
10.9248  10.9945  2.4249
10.9023  10.9823  2.3677
10.8862  10.9599  2.3203
10.8598  10.9229  2.2356
10.8688  10.9331  2.1716
10.9468  10.9791  2.0831

















































































































































































10.3051  6.5032   5.7598   R_RAM
10.384   6.5974   5.69
10.4451  6.7215   5.5864
10.46    6.8174   5.5071
10.4753  6.9569   5.2914
10.4723  7.0208   5.2511
10.4718  7.0762   5.1829
10.4395  7.1701   5.0538
10.4421  7.1873   4.9268
10.3781  7.3274   4.7748
10.3977  7.3628   4.4029
10.3243  7.3592   4.2603
10.3078  7.3957   4.0415
10.2828  7.4189   3.8193
10.2624  7.4662   3.7078
10.2549  7.5152   3.527
10.2544  7.5301   3.3913
10.2851  7.5898   3.2781
10.2877  7.5957   3.1821
10.3107  7.6266   3.0517
10.3206  7.6654   2.9838
10.3447  7.7171   2.9334
10.3281  7.7222   2.8468

















































































































































































6.6717   11.1084  5.855    L_RAM
6.7546   11.1173  5.8067
6.8923   11.1326  5.6573
7.0144   11.1389  5.4565
7.116    11.1274  5.2459
7.196    11.1175  5.0958
7.2711   11.0941  4.8873
7.3144   11.0593  4.6113
7.3195   11.0242  4.3965
7.308    11.021   4.2722
7.3301   10.973   4.0434
7.3322   10.9384  3.8721
7.3823   10.9388  3.5959
7.4292   10.9446  3.4074
7.4699   10.9284  3.2825
7.5222   10.9497  3.1588
7.538    10.9552  3.0867
7.5615   10.944   3.015






















































































































































































9.8364   10.1264  2.1742   MMF
9.0102   9.3937   3.2847   GNA
9.4699   10.3475  2.1485   O1
7.1235   9.6639   2.7379   O2
8.797    6.874    2.6885   O3
4.0884   8.3247   2.4561   O4




9.9181   10.1513  1.5709   E_SYM
9.8881   10.2056  1.7159
9.9053   10.2028  1.8829
9.8663   10.1795  2.0318
9.8573   10.1452  2.1865
9.7776   10.0949  2.2624
9.7619   10.1182  2.3847
9.7397   10.0453  2.5543
9.6225   9.9558   2.7278
9.4836   9.8502   2.8766
9.4369   9.8136   2.9318
9.3939   9.7578   2.9854
9.3249   9.6891   3.0622
9.2928   9.6568   3.1063
9.2447   9.5637   3.1824
9.2141   9.5497   3.2132
9.2011   9.5142   3.227
9.147    9.4913   3.2791
9.137    9.4462   3.2867
9.1432   9.4567   3.2868
9.0885   9.4485   3.3115
9.0481   9.3948   3.2858


















































































































































































3.2593   7.2113   1.2107   R_PRAM
3.2967   7.2954   1.3541
3.2449   7.3641   1.4597
3.2377   7.4448   1.5908
3.241    7.5159   1.723
3.2717   7.5666   1.8795
3.2766   7.6133   1.9512
3.2983   7.6477   2.076
3.319    7.6508   2.2276
3.3591   7.6513   2.3048
3.3741   7.6826   2.4175
3.3864   7.6824   2.5384
3.3978   7.6936   2.6214
3.4305   7.7063   2.6783
3.4442   7.7305   2.7735
3.4623   7.7241   2.8813
3.5058   7.7277   2.9389
3.5084   7.7626   3.0261
3.5246   7.7579   3.0744
3.5415   7.7667   3.1449
3.5541   7.779    3.2104
3.5697   7.7822   3.2716
3.6406   7.8164   3.3975
3.6798   7.8251   3.4586
3.7494   7.8502   3.5561
3.7816   7.8855   3.6299
3.8283   7.8933   3.6971
3.9026   7.9237   3.7578
3.9431   7.9191   3.8098
4.0024   7.9492   3.8916
4.0984   8.0061   4.0085
4.1576   8.0351   4.0643
4.2149   8.0471   4.1261
4.2722   8.0588   4.1701
4.3584   8.0967   4.2409
4.4054   8.1157   4.2853
4.5064   8.1403   4.3373
4.5465   8.1645   4.3772
4.6649   8.1905   4.4225
4.7601   8.2097   4.4375
4.8165   8.2509   4.4568
4.881    8.2474   4.457
4.9391   8.2781   4.4848
5.0445   8.3335   4.4994
5.1065   8.3951   4.4944
5.2576   8.4158   4.459
5.3048   8.4721   4.4389
5.4013   8.5177   4.4166
5.4818   8.5575   4.3875
5.561    8.6228   4.3545
5.6456   8.6423   4.319
5.7011   8.6749   4.3173
5.7249   8.6813   4.2995



















































































































































6.4699   3.6949   1.2247   L_PRAM
6.5125   3.7215   1.3189
6.5281   3.7373   1.4046
6.587    3.7818   1.5152
6.6715   3.7819   1.6469
6.6808   3.7962   1.7571
6.7173   3.8003   1.8873
6.7708   3.8104   1.9949
6.7737   3.831    2.1644
6.7898   3.8596   2.3576
6.8155   3.8704   2.553
6.8302   3.9102   2.7175
6.839    3.9627   2.882
6.8639   4.0058   3.0026
6.8751   4.0421   3.167
6.9277   4.1116   3.356
6.953    4.1898   3.4691
6.9706   4.2828   3.5901
7.0522   4.3406   3.7096
7.0911   4.407    3.8105
7.1162   4.4794   3.9016
7.1038   4.4461   3.9038
7.1013   4.5207   3.9538
7.1812   4.6796   4.1091
7.2192   4.7571   4.1929
7.2599   4.8824   4.2795
7.2891   4.9674   4.3147
7.3745   5.1088   4.4019
7.4467   5.1799   4.4081
7.479    5.298    4.3998
7.4987   5.3648   4.426
7.5775   5.5001   4.4336
7.6375   5.6121   4.4052
7.6606   5.6537   4.3819
7.7414   5.7334   4.3433
7.798    5.7958   4.354
7.8376   5.9111   4.2869
7.9052   5.9804   4.2758
7.9569   6.0621   4.2473
7.9764   6.0858   4.229
8.0017   6.1233   4.2171
8.0281   6.1494   4.2109






























































































































































5.8549   8.7463   4.2596   ARC
5.9527   8.7896   4.2163
6.0726   8.8404   4.1808
6.1806   8.8924   4.1565
6.3399   8.9257   4.1033
6.467    8.9768   4.074
6.5832   9.0231   4.0395
6.6719   9.0535   4.0317
6.7521   9.0671   3.9979
6.9174   9.1268   3.9449
7.0932   9.1953   3.8931
7.1769   9.1873   3.8589
7.3125   9.2476   3.8484
7.4574   9.2837   3.8119
7.5762   9.3461   3.8149
7.7055   9.386    3.7373
7.8925   9.427    3.6855
7.9878   9.4576   3.6526
8.1054   9.4912   3.6076
8.1961   9.5361   3.5767
8.2916   9.5373   3.5409
8.5059   9.5765   3.4434
8.5911   9.5527   3.4
8.6963   9.5785   3.3766
8.7656   9.5768   3.35
8.9013   9.6036   3.3371
8.9624   9.523    3.3124
9.0367   9.4428   3.3168
9.1155   9.3701   3.2999
9.1536   9.2455   3.3096
9.1744   9.1714   3.3258
9.1765   9.0153   3.3808
9.1751   8.8768   3.4219
9.1096   8.7093   3.4758
9.0829   8.6011   3.5077
9.0287   8.4372   3.5768
8.9845   8.3399   3.6264
8.8902   8.1477   3.7018
8.8187   8.0008   3.7369
8.7693   7.8825   3.7606
8.6844   7.6992   3.8182
8.6237   7.5818   3.8434
8.5613   7.4599   3.8691
8.4523   7.2322   3.9291
8.4116   7.0778   3.9667
8.3688   6.9761   3.9901
8.3082   6.8733   4.0229
8.2497   6.7448   4.049
8.2103   6.6531   4.0659
8.1687   6.5752   4.0928
8.1233   6.4789   4.1151
8.1064   6.4102   4.1276
8.0972   6.3549   4.1419
8.0835   6.3254   4.1428
8.0986   6.3325   4.1408
8.0815   6.2677   4.1554
8.0612   6.2228   4.1719
