NMNH     270954   ctl1ms.xls
9.6601   10.7484  3.2731   IS
10.9279  11.9897  4.3553   ID
11.1132  11.5345  4.3076   R_I12
11.0508  10.9064  4.25     R_I2C
10.6829  10.256   4.0728   R_CP3
10.2291  9.7365   4.058    R_P34
9.7708   9.3584   3.9415   R_P4M1
9.4095   8.8931   3.9159   R_M12
8.8309   8.29     3.7204   R_M23
8.2633   7.4758   3.6256   R_DM3
10.2541  10.2289  2.4772   R_MF
9.7198   9.2272   2.4535   R_PCF
9.3421   7.7888   2.9618   R_CB
8.5939   8.3867   3.3758   R_CL
7.8367   4.4586   6.2328   R_COR
7.6296   4.6555   5.0023   R_NOT
7.5757   3.8809   5.0537   R_CND
10.6177  12.1725  4.3436   L_I12
9.8795   12.0842  4.2442   L_I2C
9.3145   11.799   4.0955   L_CP3
8.822    11.263   4.0668   L_P34
8.3853   10.9208  3.9604   L_P4M1
7.8949   10.4705  3.8858   L_M12
7.3156   9.9242   3.7116   L_M23
6.4278   9.4195   3.6228   L_DM3
9.0981   11.302   2.6701   L_MF
8.4946   11.0479  2.9563   L_PCF
6.9214   10.5037  2.9816   L_CB
7.4993   9.783    3.2962   L_CL
3.357    9.3299   6.1875   L_COR
3.5101   8.9898   5.018    L_NOT
2.8499   9.038    5.0249   L_CND
10.0129  12.0141  3.5307   O1
7.8172   10.9372  3.2516   O2
8.7506   6.5961   2.8772   O3
3.759    9.0586   3.4107   O4








































10.8758  11.9138  4.4935   I_SYM
10.8058  11.7908  4.4455
10.6953  11.687   4.4076
10.6099  11.641   4.3336
10.5056  11.5468  4.2359
10.402   11.4742  4.1817
10.3348  11.373   4.0855
10.2535  11.3127  4.0232
10.1966  11.2273  3.9413
10.129   11.2063  3.8359
10.0297  11.1394  3.7592
9.9356   11.0234  3.6766
9.8841   10.9869  3.629
9.8557   10.9261  3.5908
9.7976   10.8621  3.5475
9.7456   10.8448  3.5085
9.731    10.8057  3.4622
9.6978   10.7776  3.4159
9.656    10.7568  3.2853
9.6517   10.7583  3.1649
9.6399   10.7713  3.0361
9.6512   10.7814  2.9474
9.7142   10.7873  2.8404
9.7553   10.8228  2.8112
9.7124   10.7962  2.7034
9.6339   10.7255  2.6065
9.5911   10.6877  2.5872
9.5165   10.6582  2.5189
9.4886   10.6007  2.4422
9.4705   10.5759  2.4039
9.4337   10.5443  2.3654
9.4127   10.5164  2.3369
9.3599   10.4644  2.3094
9.3512   10.4338  2.2713
9.3409   10.4004  2.2334
9.2826   10.3538  2.0994
9.3184   10.3614  2.0122
9.3786   10.4386  1.9615


































































































































































7.8839   4.4948   6.2423   R_RAM
7.8949   4.5562   6.3318
7.9332   4.6072   6.3636
7.9663   4.6552   6.3718
8.0391   4.759    6.3697
8.0932   4.8248   6.3866
8.2037   4.9766   6.3203
8.2322   5.0502   6.2677
8.2721   5.1511   6.1422
8.3203   5.1911   6.0234
8.3532   5.29     5.9455
8.3963   5.37     5.8154
8.3993   5.4549   5.723
8.4092   5.5494   5.6496
8.4304   5.5791   5.5564
8.4541   5.6482   5.4056
8.4579   5.7058   5.3398
8.4715   5.7456   5.2663
8.4858   5.7974   5.1307
8.4892   5.8267   5.0955
8.5245   5.9499   4.8426
8.5173   6.009    4.7322
8.5641   6.0766   4.5826
8.5649   6.0896   4.5248
8.5992   6.1316   4.4063
8.6149   6.1971   4.2652
8.6356   6.2603   4.0507
8.6465   6.2932   3.9963
8.6753   6.3477   3.9477
8.6779   6.389    3.8833
8.7159   6.4153   3.7789
8.7471   6.4693   3.7012
8.7739   6.511    3.6255
8.8678   6.6507   3.3181
8.9439   6.8195   3.1787
8.9733   6.8777   3.0946
8.9702   6.9031   3.002



































































































































































3.3581   9.2906   6.1932   L_RAM
3.4318   9.3483   6.2111
3.5455   9.3808   6.2383
3.6254   9.4406   6.2373
3.6911   9.4547   6.2602
3.7579   9.4656   6.2572
3.8487   9.487    6.2415
3.8488   9.4901   6.2341
3.9002   9.5043   6.2353
3.9588   9.5288   6.2073
4.011    9.5581   6.151
4.0951   9.5861   6.0722
4.1654   9.6083   5.9861
4.2222   9.6076   5.9616
4.2851   9.6577   5.8706
4.3626   9.6742   5.764
4.3757   9.6545   5.7543
4.4346   9.6837   5.6725
4.4762   9.6968   5.5984
4.4924   9.6873   5.5561
4.5454   9.7081   5.4686
4.6105   9.7205   5.3549
4.652    9.7291   5.2519
4.6898   9.724    5.1886
4.734    9.7517   5.1125
4.7711   9.7276   5.0776
4.8307   9.7465   4.9623
4.8907   9.7516   4.8338
4.9351   9.7604   4.7084
4.9553   9.7565   4.6454
4.9946   9.7751   4.551
5.0296   9.7689   4.5182
5.0724   9.7759   4.4268
5.0744   9.768    4.3718
5.1272   9.7828   4.2946
5.1944   9.81     3.9559
5.205    9.8477   3.8812
5.2858   9.8578   3.7654
5.3765   9.9182   3.5979
5.4541   9.9282   3.5341
5.5099   9.9496   3.4736
5.5924   9.9848   3.3585
5.6528   10.008   3.1826
5.6882   10.0098  3.1317
5.7704   10.0371  3.1081
5.7938   10.0211  2.958


























































































































































8.7899   9.6079   3.477    MMF
7.8719   8.6741   4.4959   GNA
9.3858   9.2427   2.9431   O1
8.3008   7.0639   3.1038   O2
3.934    7.9865   3.4947   O3
6.4384   3.0671   2.7688   O4




9.3154   10.2387  2.1503   E_SYM
9.2838   10.1951  2.2825
9.2734   10.2055  2.3977
9.2861   10.1828  2.5114
9.2084   10.1105  2.6038
9.1703   10.085   2.6793
9.14     10.0263  2.7613
9.0732   9.9813   2.8696
9.0474   9.9574   2.9358
9.0084   9.9016   3.0355
8.9704   9.8208   3.1386
8.9432   9.7585   3.2086
8.9006   9.7324   3.2617
8.8545   9.6687   3.3489
8.7956   9.6222   3.4124
8.7924   9.6037   3.4593
8.7855   9.6148   3.4653
8.7574   9.6146   3.5695
8.7013   9.5555   3.6955
8.6361   9.4888   3.8264
8.5964   9.4275   3.9011
8.5143   9.3582   4.0316
8.4486   9.2858   4.094
8.4027   9.204    4.1714
8.3604   9.1783   4.2402
8.2833   9.1296   4.2866
8.2773   9.0493   4.3091
8.3514   9.0824   4.2664
8.268    9.0308   4.3333
8.1651   8.9456   4.3842
8.1543   8.8548   4.4198
8.0819   8.8086   4.4851
8.0347   8.7625   4.4895
7.9854   8.664    4.5008
7.9529   8.6358   4.4765
7.9055   8.5949   4.4615




































































































































































1.3762   5.6725   1.6735   R_PRAM
1.4144   5.8183   1.7806
1.4581   5.8991   1.8365
1.4798   6.0016   1.9377
1.5412   6.0973   2.0477
1.5761   6.1732   2.1592
1.5777   6.2171   2.257
1.6083   6.3202   2.455
1.6092   6.3791   2.5907
1.6215   6.4159   2.7538
1.6793   6.4643   2.8608
1.6856   6.5001   3.0015
1.7102   6.4895   3.0831
1.698    6.5078   3.2338
1.7089   6.547    3.2709
1.7465   6.5695   3.4229
1.8066   6.5243   3.4962
1.8024   6.5693   3.651
1.8251   6.5846   3.7764
1.8845   6.5948   3.9227
2.0399   6.6379   4.1542
2.1316   6.7116   4.3434
2.1696   6.7459   4.4328
2.2471   6.7541   4.528
2.2904   6.8131   4.5782
2.3998   6.8343   4.7006
2.4475   6.8239   4.6568
2.5263   6.8632   4.7187
2.5343   6.9031   4.7639
2.626    6.9698   4.8158
2.7278   6.9777   4.8521
2.9288   7.1121   4.9663
2.9729   7.1179   4.9465
3.1354   7.1503   4.9716
3.2394   7.1926   4.9817
3.3291   7.2474   5.0154
3.41     7.2814   5.0201
3.506    7.2874   5.0186
3.5337   7.3443   5.007
3.6252   7.3488   5.0175
3.6867   7.4058   4.9989
3.7739   7.4324   4.994
3.9156   7.5365   4.9892
3.9982   7.5919   4.9646
4.0774   7.6602   4.9794
4.1729   7.7172   4.9519
4.2655   7.7289   4.9575
4.313    7.8109   4.9544
4.3754   7.8266   4.9413
4.4443   7.8676   4.9377
4.4716   7.8569   4.9357





















































































































































5.3553   2.0671   1.6398   L_PRAM
5.4935   2.1167   1.7068
5.5395   2.133    1.7294
5.5986   2.1577   1.7843
5.6694   2.2124   1.8937
5.7321   2.2377   2.0164
5.765    2.2686   2.0988
5.8417   2.3304   2.2693
5.8867   2.3639   2.4408
5.9364   2.3955   2.6007
5.977    2.4354   2.7547
5.9759   2.4557   2.8983
6.0143   2.4851   3.0532
5.9809   2.5034   3.1695
5.9992   2.5277   3.3285
6.0533   2.5264   3.4733
6.0781   2.5409   3.5853
6.0884   2.5822   3.6928
6.0802   2.6225   3.8093
6.0738   2.626    3.847
6.0568   2.755    4.0436
6.0866   2.8369   4.1896
6.0992   2.9468   4.3216
6.1338   3.0796   4.4913
6.1799   3.1706   4.614
6.2282   3.2574   4.6915
6.3104   3.3809   4.7476
6.3633   3.4755   4.7926
6.4574   3.5187   4.8157
6.4524   3.5999   4.8551
6.5096   3.6887   4.9099
6.516    3.7456   4.9206
6.5297   3.8367   4.9546
6.523    3.7975   4.9325
6.5279   3.8568   4.9678
6.5533   3.9447   4.988
6.5545   4.0707   5.0063
6.6467   4.1455   4.9837
6.6354   4.2457   5.0529
6.6514   4.3475   4.985
6.6808   4.3994   4.9619
6.7213   4.4644   4.9494
6.7729   4.5929   4.9734
6.7909   4.6513   4.9508
6.8156   4.7114   4.9343
6.852    4.8274   4.9138
6.9373   4.9042   4.905
6.9602   4.9586   4.9012
7.016    5.023    4.8832
7.0776   5.0354   4.8736
7.0461   5.1154   4.8645
7.0433   5.1974   4.8554




















































































































































4.7037   7.9693   4.9168   ARC
4.8105   8.0006   4.9307
4.8872   8.0009   4.9117
4.9603   8.033    4.9099
5.0769   8.0821   4.9009
5.2904   8.169    4.8671
5.5275   8.2547   4.8637
5.64     8.3123   4.8625
5.7618   8.3609   4.8504
5.8634   8.4027   4.8534
5.9857   8.4518   4.8422
6.1107   8.4842   4.8195
6.2047   8.5029   4.8137
6.3328   8.5726   4.7907
6.4781   8.6034   4.7624
6.6196   8.6489   4.7282
6.6932   8.6583   4.7175
6.789    8.6541   4.6982
6.9289   8.7169   4.6768
7.017    8.7026   4.6587
7.1743   8.7718   4.6321
7.2523   8.7963   4.6119
7.3239   8.7925   4.6035
7.3838   8.8238   4.5901
7.4853   8.8567   4.5762
7.5793   8.8497   4.5633
7.6263   8.8469   4.5469
7.6567   8.8622   4.5315
7.6824   8.8532   4.525
7.8017   8.8322   4.5081
7.8752   8.7306   4.4951
7.9984   8.7103   4.5117
8.1075   8.5795   4.4874
8.0855   8.4749   4.5041
8.0757   8.3296   4.527
8.052    8.2111   4.5558
8.0407   8.0851   4.5658
7.9943   7.9362   4.5963
7.9709   7.8139   4.609
7.9587   7.6895   4.6161
7.9076   7.5679   4.6406
7.8713   7.4098   4.6785
7.8562   7.3185   4.6828
7.8313   7.2161   4.6876
7.7849   7.113    4.7019
7.7316   7.0055   4.706
7.7038   6.9159   4.7093
7.6561   6.8285   4.7297
7.677    6.7632   4.7395
7.6294   6.6924   4.7349
7.5829   6.5577   4.7571
7.5271   6.3047   4.7714
7.3396   5.8597   4.8266
7.3074   5.7677   4.8383
7.269    5.6689   4.8426
7.2459   5.6211   4.8463
7.2159   5.5111   4.8518
7.184    5.4614   4.851
7.1547   5.3985   4.8539
7.1536   5.3672   4.8426
