NMNH     220090   ctt24ms.xls
12.5975  11.1757  3.2877   IS
13.9376  12.3735  4.3454   ID
14.2382  11.9102  4.1666   R_I12
13.8163  11.301   4.1964   R_I2C
13.5072  10.7526  4.1213   R_CP3
13.5464  10.7198  4.1161   R_P34
12.8972  10.1732  4.2223   R_P4M1
12.4327  9.7255   4.1039   R_M12
11.9039  9.2574   4.0379   R_M23
11.2283  8.5891   3.9544   R_DM3
10.5165  7.6912   4.1036   R_MF
12.7826  10.0461  1.9388   R_PCF
12.6482  9.7513   2.6975   R_CB
11.8679  8.0871   3.1948   R_CL
11.042   8.8062   3.6775   R_COR
10.6031  5.0542   6.4921   R_NOT
9.9835   4.7235   5.4545   R_CND
13.5432  12.5275  4.4327   L_I12
12.9184  12.318   4.2285   L_I2C
12.3411  12.1337  4.1865   L_CP3
11.6346  11.6256  4.2509   L_P34
11.1931  11.2482  4.1812   L_P4M1
10.5367  10.7701  4.0888   L_M12
9.8584   10.2376  4.0108   L_M23
8.8005   9.7772   4.1819   L_DM3
11.3319  11.6121  2.0295   L_MF
10.7991  11.2989  2.5918   L_PCF
9.3401   10.9815  3.4099   L_CB
9.9607   10.0434  3.5933   L_CL
6.4466   10.0412  6.8269   L_COR
5.8958   9.5703   5.757    L_NOT
4.8011   9.5646   5.901    L_CND
14.2213  11.6227  3.452    O1
12.1431  8.6146   3.0576   O2
7.6922   10.3013  2.802    O3
9.8781   5.0407   3.4263   O4








































13.8521  12.2155  4.4609   I_SYM
13.7466  12.0833  4.3744
13.6167  12.0191  4.3222
13.5282  11.9152  4.2202
13.415   11.8081  4.1364
13.274   11.7015  4.0443
13.1884  11.6219  3.9708
13.0892  11.5434  3.8727
13.0095  11.4736  3.7825
12.8733  11.3981  3.677
12.8094  11.3343  3.6378
12.7408  11.2597  3.5814
12.6901  11.1965  3.4925
12.6606  11.1879  3.4181
12.6203  11.1621  3.3375
12.6008  11.1615  3.2332
12.551   11.1693  3.1174
12.5601  11.1797  2.9973
12.5648  11.1856  2.9513
12.5887  11.1568  2.8526
12.6108  11.246   2.781
12.5792  11.2198  2.7145
12.5645  11.214   2.568
12.5108  11.1734  2.4818
12.4973  11.131   2.3814
12.4153  11.1093  2.2585
12.3782  11.0721  2.211
12.3256  11.0334  2.145
12.2886  10.9784  2.0528
12.2563  10.9517  1.9877
12.2612  10.9591  1.9069
12.2935  11.026   1.8117








































































































































































10.6257  5.0663   6.5237   R_RAM
10.661   5.1532   6.5349
10.7689  5.2666   6.5435
10.8562  5.3401   6.5001
10.9113  5.4375   6.4962
10.9912  5.5263   6.4478
11.0576  5.63     6.3729
11.1108  5.7276   6.2698
11.1557  5.8639   6.1373
11.2058  5.9758   5.9145
11.198   6.0341   5.842
11.2179  6.0916   5.6737
11.2119  6.1406   5.5883
11.1966  6.2389   5.308
11.2011  6.262    5.2898
11.1852  6.2839   5.2131
11.1779  6.3468   5.0321
11.157   6.3995   4.9575
11.1626  6.3901   4.9045
11.2001  6.5638   4.7159
11.1365  6.517    4.6485
11.1292  6.5603   4.4707
11.1591  6.5543   4.2515
11.1733  6.6014   4.1375
11.1891  6.6281   3.9866
11.2209  6.6751   3.8586
11.2316  6.7197   3.7177
11.2582  6.7736   3.5812
11.3109  6.8569   3.4755
11.364   6.9331   3.3809
11.3893  6.9957   3.3033
11.4377  7.0546   3.2158
11.4567  7.0938   3.1553
11.4735  7.129    3.1047
11.4928  7.1952   2.9769





































































































































































6.3921   10.0029  6.8176   L_RAM
6.5585   10.0599  6.8613
6.6872   10.1227  6.869
6.7948   10.1822  6.8413
6.8997   10.2219  6.8019
7.0024   10.2815  6.7655
7.1112   10.3136  6.7323
7.1663   10.3379  6.6392
7.2526   10.3663  6.4506
7.3394   10.3895  6.3383
7.3975   10.4185  6.2265
7.4222   10.4309  6.1467
7.4933   10.4528  5.9583
7.5491   10.4711  5.8897
7.6009   10.478   5.7566
7.6066   10.4696  5.6907
7.7863   10.4348  4.6853
7.7998   10.4415  4.5684
7.8348   10.4454  4.4923
7.8648   10.4664  4.3064
7.91     10.4815  4.1931
7.926    10.5048  4.1039
7.9674   10.5213  4.0137
8.0633   10.5813  3.8372
8.1008   10.5911  3.8064
8.1501   10.6156  3.7922
8.1934   10.6498  3.666
8.2463   10.6888  3.6309
8.2927   10.6919  3.555
8.3465   10.7215  3.487
8.3702   10.7349  3.4344
8.4251   10.7583  3.3022
8.4384   10.7608  3.286
8.5312   10.7839  3.2399






































































































































































12.2486  10.6633  3.7666   MMF
11.229   9.7608   4.8723   GNA
11.7989  11.2433  2.9983   O1
8.5682   9.5179   3.4423   O2
9.812    4.9401   3.9129   O3
4.8158   7.632    3.0816   O4




12.5521  10.9955  2.3216   E_SYM
12.5697  10.9973  2.545
12.5296  11.0006  2.8206
12.4928  11.0088  2.8878
12.4735  10.9569  3.0045
12.468   10.9453  3.1019
12.4725  10.9313  3.2757
12.4219  10.8513  3.366
12.3686  10.7996  3.4985
12.3312  10.778   3.6046
12.3004  10.7658  3.6456
12.2675  10.6959  3.7364
12.2368  10.6559  3.7683
12.1839  10.6262  3.8256
12.1077  10.6042  4.0545
12.0396  10.5052  4.2356
12.01    10.4474  4.3073
11.9495  10.4097  4.3994
11.8745  10.2931  4.4883
11.8005  10.2439  4.5583
11.7244  10.1766  4.6113
11.6475  10.0992  4.6724
11.584   10.0452  4.7236
11.5107  9.9987   4.7648
11.4722  9.9379   4.7861
11.3937  9.893    4.8362
11.3345  9.8689   4.8517
11.2999  9.8203   4.8752
11.2386  9.7623   4.9098
11.1884  9.7148   4.8857
11.1408  9.7075   4.8689









































































































































































3.8684   6.3951   1.2568   R_PRAM
3.8432   6.5146   1.4081
3.8539   6.5895   1.5159
3.8237   6.6668   1.697
3.8669   6.7601   1.8223
3.8869   6.8192   1.9625
3.9241   6.8422   2.0441
3.9388   6.8494   2.1431
3.9802   6.8763   2.2632
4.0205   6.9248   2.4293
4.0273   6.9437   2.5082
4.0511   6.9892   2.618
4.0569   7.0311   2.7021
4.0723   7.0439   2.8158
4.1051   7.0426   2.9659
4.1362   7.0706   3.0805
4.1387   7.0696   3.1853
4.139    7.1043   3.3083
4.1543   7.1077   3.3603
4.1832   7.1143   3.4659
4.2083   7.0957   3.5721
4.2839   7.0847   3.8577
4.3128   7.0885   3.9213
4.3331   7.0634   4.0061
4.3935   7.0116   4.1214
4.4422   7.0214   4.1821
4.5433   7.004    4.2594
4.5863   6.9885   4.3664
4.7028   6.9978   4.4384
4.7703   7.026    4.5348
4.8438   7.0525   4.5877
5.017    7.0962   4.7233
5.0993   7.1392   4.7811
5.1254   7.1183   4.7985
5.2298   7.1764   4.8705
5.2948   7.2162   4.9432
5.3956   7.2703   4.982
5.4827   7.3046   5.0267
5.5965   7.3475   5.0416
5.6677   7.3886   5.0612
5.6972   7.4261   5.0729
5.8202   7.5151   5.1009
6.0278   7.629    5.1218
6.1086   7.6721   5.1199
6.2099   7.7366   5.1388
6.2992   7.7988   5.1325
6.376    7.8681   5.1346
6.5192   7.9814   5.1189
6.6356   8.073    5.1076
6.709    8.1417   5.0903
6.8774   8.2361   5.1016
6.9961   8.2738   5.1096
7.0148   8.2866   5.1052
7.0941   8.3275   5.1151
7.1673   8.3883   5.1404

















































































































































7.7457   2.3785   1.4095   L_PRAM
7.8331   2.376    1.5089
7.9034   2.385    1.6219
7.9785   2.3645   1.7517
8.0267   2.3907   1.8414
8.0517   2.4087   1.981
8.1115   2.4253   2.0632
8.1297   2.4299   2.1087
8.1676   2.4426   2.2196
8.248    2.5226   2.5313
8.2678   2.6154   2.8029
8.2741   2.6443   2.9749
8.2981   2.6435   3.1463
8.3476   2.6736   3.2841
8.3743   2.6804   3.4541
8.3903   2.6965   3.6893
8.4161   2.7542   3.7717
8.3946   2.7924   3.8962
8.3462   2.8779   4.0455
8.379    2.9304   4.1247
8.3967   2.8828   4.0884
8.4012   2.9859   4.2109
8.4054   3.0622   4.3048
8.4141   3.1787   4.4681
8.4469   3.3328   4.6175
8.5147   3.5178   4.7749
8.5746   3.7456   4.9133
8.6398   3.9351   5.0393
8.7259   4.1687   5.1171
8.7844   4.3524   5.1554
8.8589   4.4463   5.1566
8.9037   4.5307   5.1581
8.9489   4.6146   5.1603
9.0739   4.7981   5.1614
9.1433   4.9051   5.1193
9.2272   4.9992   5.0825
9.2734   5.0662   5.0709
9.3506   5.1327   5.0526
9.4387   5.2153   5.0437
9.5127   5.3035   5.0429
9.563    5.4      5.0599
9.6623   5.5284   5.0694
9.6874   5.576    5.0669
9.7305   5.6562   5.0639




























































































































































7.2971   8.4096   5.1304   ARC
7.4213   8.4338   5.1312
7.5133   8.4716   5.1428
7.5908   8.5073   5.15
7.8193   8.6048   5.1488
7.9331   8.6289   5.1543
8.0476   8.684    5.1704
8.1771   8.7319   5.1836
8.3191   8.7799   5.1931
8.5354   8.8677   5.2396
8.7828   8.9838   5.2742
8.9999   9.0842   5.2687
9.2154   9.1581   5.2715
9.357    9.219    5.2611
9.6402   9.3599   5.2511
9.8739   9.4634   5.19
10.0805  9.5798   5.1283
10.2717  9.6784   5.0932
10.3584  9.7239   5.086
10.4785  9.7514   5.0472
10.6613  9.8339   4.988
10.7846  9.8629   4.9817
10.8428  9.8859   4.9762
10.9342  9.9051   4.9534
11.0133  9.9029   4.9356
11.0629  9.8624   4.9234
11.1529  9.8232   4.9249
11.2181  9.7405   4.891
11.2933  9.6477   4.8874
11.3729  9.548    4.8923
11.3839  9.3749   4.9136
11.3417  9.2299   4.9426
11.2769  9.0666   4.9902
11.2522  8.9355   5.0232
11.1792  8.8059   5.0348
11.0977  8.6479   5.0938
11.0227  8.5081   5.1088
10.9518  8.3694   5.1427
10.8867  8.2631   5.1779
10.8234  8.126    5.2007
10.6868  7.8407   5.2327
10.6024  7.7145   5.2553
10.5459  7.5828   5.265
10.5155  7.4754   5.2544
10.4748  7.4018   5.2563
10.4169  7.2169   5.2539
10.368   7.1379   5.2578
10.3297  7.0592   5.2516
10.3063  7.0162   5.2529
10.2074  6.745    5.1838
10.1733  6.6687   5.1775
10.1163  6.5828   5.1457
10.0748  6.4919   5.1426
9.9956   6.3707   5.1131
9.9391   6.2579   5.0975
9.8966   6.137    5.0925
9.8415   6.0237   5.0878
9.8209   5.9544   5.0788
9.8005   5.9691   5.0763
9.8461   5.8413   5.0775
9.7753   5.7468   5.0657
