NMNH     220366   ctt28ms.xls
10.0241  10.772   3.024    IS
11.0407  11.9262  3.9133   ID
11.3426  11.4808  3.9078   R_I12
11.2398  10.9796  3.8599   R_I2C
11.0284  10.5584  3.7719   R_CP3
10.6946  10.1217  3.7924   R_P34
10.2458  9.6417   3.7331   R_P4M1
9.6955   9.111    3.7759   R_M12
9.1475   8.5477   3.7189   R_M23
8.6191   7.7202   3.6735   R_DM3
10.2788  9.662    1.8706   R_MF
10.2607  9.4485   2.555    R_PCF
9.7064   7.8726   2.9051   R_CB
8.9292   8.6417   3.3685   R_CL
8.9901   5.7055   6.149    R_COR
8.4107   5.4125   5.4057   R_NOT
8.3119   4.3722   5.7482   R_CND
10.8057  12.1079  3.8895   L_I12
10.2133  11.9753  3.8252   L_I2C
9.7665   11.8783  3.7491   L_CP3
9.3383   11.5673  3.8183   L_P34
8.8357   11.1253  3.7696   L_P4M1
8.3037   10.6524  3.782    L_M12
7.7535   10.0546  3.7335   L_M23
6.8006   9.4955   3.7496   L_DM3
8.9393   11.2322  2.035    L_MF
8.8437   11.2716  2.7149   L_PCF
7.1171   10.6923  2.988    L_CB
7.8863   9.9446   3.2973   L_CL
4.8968   9.91     6.3266   L_COR
4.5987   9.431    5.459    L_NOT
3.574    9.2789   5.791    L_CND
11.1981  11.1602  3.0724   O1
9.8419   8.5743   2.1865   O2
5.8704   10.1788  2.8779   O3
8.3451   5.2924   3.8294   O4








































11.075   11.8351  3.9694   I_SYM
10.9883  11.7247  3.9327
10.8829  11.6214  3.8585
10.7824  11.5272  3.773
10.7067  11.4571  3.7431
10.6069  11.3826  3.6601
10.5509  11.3222  3.5978
10.4593  11.2372  3.5133
10.4028  11.1537  3.4467
10.3268  11.1016  3.3922
10.2855  11.0457  3.3477
10.2203  10.9489  3.3082
10.1344  10.919   3.258
10.0926  10.8621  3.215
10.0699  10.8396  3.183
10.0041  10.7766  3.0521
9.9932   10.7608  2.9787
9.9906   10.7744  2.9229
9.9774   10.7554  2.8507
10.0065  10.7194  2.797
10.0157  10.7489  2.7044
10.0452  10.7512  2.6678
10.0611  10.8075  2.5575
10.0092  10.7549  2.5051
9.9192   10.7073  2.4162
9.8771   10.6681  2.3724
9.8238   10.6152  2.329
9.7891   10.5681  2.2941
9.7115   10.5185  2.2407
9.7011   10.4852  2.1958
9.6627   10.4333  2.1266
9.6473   10.4497  2.0887
9.6115   10.4196  2.0189
9.6448   10.4083  1.9203
9.6821   10.476   1.817





































































































































































8.9727   5.675    6.1528   R_RAM
8.9973   5.7907   6.1682
9.056    5.8733   6.1691
9.1105   5.982    6.118
9.1601   6.0449   6.0503
9.2062   6.137    5.9284
9.2468   6.1982   5.8368
9.2777   6.2608   5.7165
9.3267   6.3412   5.5784
9.3098   6.367    5.4364
9.3177   6.4034   5.3182
9.3417   6.4538   5.1929
9.3423   6.4389   5.1038
9.3257   6.5067   4.9548
9.3324   6.5374   4.8798
9.3352   6.6008   4.7598
9.3364   6.6825   4.6091
9.3047   6.6928   4.5221
9.3171   6.7069   4.452
9.3017   6.6876   4.2684
9.3286   6.7887   4.002
9.33     6.8069   3.8656
9.3553   6.8722   3.7238
9.3694   6.8772   3.5953
9.3979   6.8985   3.5261
9.4148   6.9435   3.4678
9.4337   7.0176   3.407
9.4936   7.048    3.3297
9.5341   7.0796   3.2641
9.5747   7.1361   3.1989
9.5761   7.1591   3.1254
9.6092   7.2172   3.0324








































































































































































4.9523   9.9533   6.3019   L_RAM
4.9822   10.0045  6.252
5.0866   10.0418  6.2333
5.187    10.0805  6.1549
5.2839   10.0977  6.094
5.3662   10.1408  6.0275
5.4822   10.1646  5.9523
5.5622   10.2102  5.7909
5.6183   10.2215  5.6629
5.6811   10.2476  5.4976
5.7455   10.2671  5.3171
5.7717   10.2776  5.1635
5.8446   10.2884  4.9774
5.873    10.3051  4.7908
5.9191   10.3187  4.6475
5.9738   10.3265  4.5528
5.972    10.3329  4.4432
5.9969   10.3445  4.2986
6.0447   10.3614  4.1882
6.0602   10.3634  4.0364
6.12     10.3876  3.9118
6.1575   10.4083  3.786
6.2032   10.4288  3.6954
6.2393   10.4884  3.5613
6.3178   10.5279  3.4964
6.3217   10.5414  3.397
6.3687   10.5674  3.3504
6.3645   10.5848  3.2953
6.4439   10.5969  3.1274











































































































































































8.8974   9.2024   2.742    MMF
8.1867   8.5192   3.7067   GNA
8.5442   9.6199   2.1774   O1
5.9641   8.5611   3.4877   O2
7.2449   4.4333   3.1618   O3
2.4476   7.1588   2.4131   O4




9.193    9.483    1.4432   E_SYM
9.194    9.5054   1.661
9.2102   9.4813   1.7871
9.1933   9.5179   1.8512
9.1577   9.4453   2.023
9.1342   9.4034   2.1337
9.1      9.3643   2.325
8.9982   9.319    2.5012
8.9393   9.2855   2.6293
8.8536   9.2029   2.7678
8.7957   9.1689   2.8532
8.7973   9.1057   3.0071
8.6803   9.0487   3.174
8.6069   8.979    3.2992
8.5417   8.9209   3.4023
8.4372   8.8304   3.5402
8.3633   8.7485   3.6213
8.267    8.6568   3.7037
8.2374   8.5922   3.7279
8.2102   8.5518   3.7325
8.1518   8.5044   3.7269



















































































































































































9999     9999     9999     R_PRAM
9999     9999     9999






































































































































































































4.7459   2.1703   1.2112   L_PRAM
4.8235   2.1527   1.2653
4.9063   2.1721   1.3371
4.9583   2.1807   1.391
5.019    2.1782   1.4843
5.0627   2.1809   1.5743
5.1312   2.1808   1.6617
5.2157   2.1784   1.7851
5.2552   2.1998   1.8634
5.3171   2.2437   2.0173
5.3885   2.2657   2.1693
5.4559   2.2876   2.289
5.5057   2.3373   2.43
5.55     2.3709   2.5791
5.5571   2.4149   2.6749
5.6051   2.446    2.7886
5.6584   2.4659   2.9023
5.6776   2.5141   3.0141
5.7369   2.5917   3.2299
5.7602   2.6114   3.286
5.7802   2.6161   3.3774
5.7976   2.6308   3.4411
5.8376   2.6347   3.5306
5.8408   2.6701   3.6792
5.8312   2.7409   3.9308
5.8291   2.8531   4.0828
5.8363   2.9606   4.2188
5.8945   3.0677   4.278
5.9423   3.2287   4.399
5.9485   3.3059   4.4776
5.9847   3.4284   4.5276
6.0327   3.538    4.6011
6.0541   3.6241   4.6566
6.104    3.7004   4.6858
6.1451   3.7545   4.7343
6.1903   3.7662   4.7285
6.2403   3.8775   4.7999
6.3326   3.9653   4.8176
6.3623   4.1277   4.8416
6.4307   4.1916   4.8696
6.5058   4.3089   4.8519
6.5676   4.4408   4.8373
6.6317   4.5259   4.8213
6.7292   4.6434   4.7808
6.7817   4.7269   4.7612
6.8334   4.7653   4.7452
6.9027   4.838    4.7033
6.9751   4.9254   4.6852
7.0682   5.0155   4.6598
7.1262   5.0729   4.6477






















































































































































4.8552   7.7961   4.6802   ARC
4.9686   7.8687   4.685
5.0447   7.9062   4.6729
5.1148   7.9092   4.6719
5.1858   7.9693   4.6537
5.2845   7.9786   4.6352
5.3898   8.0264   4.6225
5.4975   8.0577   4.5981
5.5951   8.0963   4.5739
5.6775   8.1194   4.5513
5.7457   8.1284   4.5419
5.8545   8.1733   4.5534
5.9827   8.2103   4.5076
6.1093   8.2432   4.485
6.224    8.2672   4.4548
6.3551   8.3086   4.4377
6.4418   8.3295   4.398
6.5755   8.3644   4.388
6.6791   8.4028   4.3134
6.762    8.4324   4.2859
6.9485   8.4904   4.214
7.0401   8.5421   4.182
7.1638   8.599    4.1379
7.2672   8.6635   4.0965
7.3949   8.7121   4.0416
7.4812   8.7472   4.005
7.5962   8.7662   3.9505
7.6895   8.7788   3.9061
7.7475   8.7688   3.872
7.8363   8.7561   3.8367
7.9103   8.7559   3.809
7.9956   8.6939   3.7916
8.1146   8.6355   3.7794
8.1747   8.585    3.7673
8.2236   8.5272   3.7386
8.2734   8.3568   3.7473
8.3098   8.2131   3.8214
8.3764   8.1217   3.8302
8.4353   7.9972   3.8733
8.401    7.7973   3.9736
8.3286   7.7068   4.0317
8.2685   7.5846   4.0897
8.221    7.4877   4.1369
8.1551   7.3246   4.1972
8.0999   7.1623   4.2563
8.0105   7.044    4.299
7.9672   6.9746   4.3366
7.9075   6.8627   4.3629
7.8112   6.6464   4.4079
7.6972   6.3915   4.4662
7.6427   6.2289   4.497
7.5271   6.0523   4.5441
7.5074   5.9431   4.5645
7.436    5.7821   4.5759
7.3376   5.6363   4.5971
7.2829   5.5687   4.6112
7.2692   5.5083   4.6191
7.2428   5.4323   4.6333
7.2084   5.3341   4.6427
7.2263   5.3087   4.6443
7.1751   5.2495   4.6413
