NMNH     410881   epa3ms.xls
5.4592   11.6185  2.6372   IS
6.1859   12.4117  3.3199   ID
6.3854   12.1262  3.2877   R_I12
6.2682   11.6731  3.2284   R_I2C
6.1228   11.1894  3.1181   R_CP3
5.8008   10.7379  3.0054   R_P34
5.4893   10.2338  2.9192   R_P4M1
5.137    9.7878   2.8508   R_M12
4.7409   9.194    2.7899   R_M23
4.436    8.5822   2.7781   R_DM3
5.8518   10.9063  1.6737   R_MF
5.8552   10.5189  2.1331   R_PCF
5.3136   8.8461   2.1716   R_CB
4.6001   9.25     2.5853   R_CL
4.4867   6.4498   4.2846   R_COR
4.1597   6.4042   3.384    R_NOT
4.1114   5.6163   3.3641   R_CND
5.9147   12.5851  3.3414   L_I12
5.4937   12.5296  3.2679   L_I2C
4.9225   12.244   3.1078   L_CP3
4.4637   11.8817  3.0458   L_P34
4.0377   11.5293  2.9212   L_P4M1
3.6034   11.022   2.881    L_M12
3.1308   10.5375  2.7639   L_M23
2.5562   10.0564  2.9033   L_DM3
4.3381   11.8308  1.8088   L_MF
4.287    11.9917  2.3396   L_PCF
2.5773   11.1423  2.2852   L_CB
3.1702   10.4374  2.6621   L_CL
0.6399   10.0732  4.503    L_COR
0.6232   9.6932   3.5966   L_NOT
-0.1657  9.4833   3.6816   L_CND
6.4262   11.896   2.6981   O1
5.5878   9.7603   2.407    O2
1.7791   10.6064  2.3008   O3
4.3688   6.7006   2.4995   O4








































6.1815   12.3848  3.3871   I_SYM
6.0814   12.2814  3.3215
5.9979   12.184   3.2365
5.9299   12.113   3.168
5.9051   12.0709  3.1157
5.8472   12.017   3.0752
5.7858   11.957   3.0161
5.7285   11.8822  2.9561
5.6762   11.8375  2.9044
5.6155   11.7576  2.8462
5.5571   11.7029  2.8069
5.5033   11.6556  2.7486
5.4645   11.6338  2.7145
5.4551   11.6172  2.6337
5.4518   11.6122  2.5426
5.4291   11.6309  2.454
5.4594   11.6333  2.4054
5.4715   11.6497  2.3651
5.4688   11.6638  2.3739
5.4394   11.6349  2.2792
5.4956   11.678   2.2174
5.4994   11.7364  2.1364
5.5102   11.7265  2.0425
5.3983   11.597   2.0536
5.2939   11.5168  1.9837
5.2596   11.4806  1.9095
5.222    11.4613  1.8732
5.2092   11.439   1.7881
5.1956   11.414   1.6948
5.2029   11.4236  1.6655
5.1842   11.4344  1.6358
5.2003   11.4165  1.5998
5.2248   11.4696  1.4895







































































































































































4.5082   6.4642   4.2744   R_RAM
4.5575   6.5702   4.3347
4.6004   6.6596   4.3463
4.6517   6.7439   4.3488
4.6921   6.8296   4.3377
4.7205   6.9104   4.3015
4.7557   7.0266   4.2323
4.8008   7.1135   4.2091
4.7821   7.1717   4.1439
4.8497   7.2532   3.9662
4.844    7.3052   3.9149
4.8297   7.3373   3.9009
4.8394   7.4397   3.7507
4.8386   7.4896   3.6621
4.851    7.5307   3.5535
4.8599   7.5807   3.4597
4.8676   7.6147   3.3948
4.9021   7.6663   3.3096
4.9353   7.7016   3.1884
4.9653   7.7817   3.0899
4.988    7.8095   3.0211
5.0151   7.8624   2.9381
5.0411   7.9161   2.8824
5.0852   7.9502   2.7632
5.1164   8.061    2.6752
5.162    8.1034   2.617
5.2019   8.1392   2.5498
5.2381   8.192    2.4863
5.2578   8.2389   2.4091
5.2723   8.2977   2.285










































































































































































0.6945   10.0805  4.537    L_RAM
0.7498   10.146   4.593
0.8681   10.202   4.5603
0.9816   10.2564  4.5491
1.0669   10.3122  4.4962
1.1697   10.3524  4.4345
1.2149   10.35    4.412
1.3252   10.3626  4.3349
1.4297   10.4193  4.1798
1.4865   10.4231  4.1179
1.5291   10.4535  3.9996
1.5496   10.4775  3.8359
1.6137   10.4989  3.7452
1.6823   10.4873  3.6845
1.722    10.5288  3.5567
1.8002   10.5875  3.388
1.7952   10.5921  3.341
1.8403   10.6157  3.2988
1.9223   10.7128  3.1249
1.9462   10.7669  3.045
1.978    10.7942  2.9949
2.0351   10.8358  2.9335
2.1064   10.8951  2.8521
2.1426   10.9353  2.7826
2.196    10.9757  2.7126
2.261    10.9903  2.6816
2.2638   11.0136  2.6335
2.3075   11.0586  2.5079
2.3249   11.0822  2.4228











































































































































































3.3242   9.0898   3.0791   MMF
2.8586   8.3414   3.4945   GNA
3.1259   9.5945   2.2539   O1
1.1181   8.3436   2.4563   O2
2.7046   4.804    2.741    O3
-1.5813  6.612    2.1534   O4




3.7361   9.5381   1.8181   E_SYM
3.7473   9.5202   2.0467
3.7278   9.4905   2.1292
3.701    9.454    2.2538
3.6762   9.4155   2.3281
3.6248   9.4038   2.4341
3.5735   9.3481   2.5764
3.5404   9.3041   2.6881
3.5472   9.2835   2.7726
3.4748   9.2342   2.8745
3.394    9.1638   2.9883
3.3142   9.0854   3.1137
3.2766   9.0155   3.2104
3.208    8.8879   3.3177
3.1639   8.8147   3.3396
3.1002   8.7217   3.3918
3.068    8.657    3.4191
2.938    8.5648   3.4737
2.9135   8.4945   3.473
2.8897   8.4639   3.4928
2.8625   8.4018   3.5158



















































































































































































-2.2006  5.4647   1.778    R_PRAM
-2.1544  5.5842   1.8359
-2.1465  5.7401   1.9283
-2.1215  5.8122   1.9797
-2.1205  5.8655   2.069
-2.0575  5.9611   2.2391
-2.0677  5.9898   2.3174
-2.0455  6.0148   2.4333
-2.0178  6.0522   2.5648
-1.988   6.0924   2.6744
-1.9556  6.0975   2.7855
-1.9268  6.093    2.8589
-1.8808  6.0862   2.967
-1.826   6.1124   3.0726
-1.7751  6.1226   3.1486
-1.7011  6.1807   3.252
-1.6254  6.1957   3.287
-1.5585  6.2025   3.3823
-1.4461  6.2484   3.4243
-1.3518  6.2994   3.4839
-1.2113  6.3797   3.5321
-1.0584  6.4818   3.5616
-0.9971  6.5383   3.55
-0.8656  6.6478   3.4975
-0.7446  6.7483   3.4778
-0.6435  6.8516   3.4634
-0.4595  6.97     3.4336
-0.3252  7.0508   3.4197
-0.1868  7.1234   3.4236
-0.092   7.2117   3.4305










































































































































































1.4292   2.7737   2.0265   L_PRAM
1.4807   2.8089   2.0602
1.5376   2.8597   2.0858
1.5883   2.9014   2.143
1.6405   2.9563   2.2098
1.6545   2.9945   2.2705
1.7087   3.0323   2.3628
1.7211   3.08     2.4515
1.7322   3.1191   2.6043
1.7523   3.1568   2.7278
1.7529   3.1665   2.826
1.7628   3.2169   2.9622
1.7728   3.247    3.0676
1.7695   3.2873   3.1706
1.7875   3.4161   3.3026
1.7757   3.5488   3.4075
1.7574   3.6224   3.4732
1.8049   3.7526   3.5472
1.8129   3.806    3.5835
1.8434   3.9082   3.6176
1.8125   3.8748   3.6399
1.8564   4.0171   3.7046
1.9133   4.1391   3.7048
1.995    4.291    3.6871
2.0639   4.415    3.6465
2.1243   4.506    3.6411
2.1717   4.6267   3.6319
2.217    4.7948   3.6008
2.2845   4.9129   3.5838
2.3026   5.0321   3.586
2.3472   5.0979   3.5797
2.3862   5.2382   3.5875
2.4298   5.3305   3.5968
2.4521   5.3942   3.6151
2.4947   5.4438   3.6114
2.4942   5.4525   3.606
2.5358   5.5287   3.6179



































































































































































0.2229   7.4299   3.4259   ARC
0.3002   7.4845   3.4188
0.3727   7.5249   3.4195
0.4464   7.5492   3.4215
0.5623   7.6054   3.4188
0.65     7.6627   3.4366
0.7869   7.7319   3.4275
0.8786   7.7777   3.4216
0.9818   7.8181   3.4289
1.072    7.8574   3.4357
1.1659   7.9593   3.454
1.2819   8.0242   3.4733
1.3796   8.0745   3.4995
1.515    8.1281   3.5001
1.6067   8.1565   3.5333
1.7397   8.2292   3.5167
1.7968   8.2548   3.5392
1.8955   8.3298   3.5369
1.9915   8.3639   3.5328
2.0629   8.3888   3.5438
2.1896   8.414    3.5216
2.2616   8.4461   3.5444
2.4004   8.4548   3.5218
2.4844   8.4896   3.5198
2.6126   8.4566   3.511
2.7266   8.45     3.519
2.7919   8.4412   3.5266
2.8536   8.3925   3.5294
2.9116   8.3267   3.521
2.9671   8.2776   3.5178
3.0027   8.2137   3.5208
3.0379   8.0906   3.52
3.0832   7.9985   3.5584
3.0465   7.8239   3.5874
3.0165   7.6793   3.5956
2.9857   7.4545   3.6276
2.9467   7.3136   3.6461
2.9398   7.1863   3.6454
2.8857   7.016    3.6558
2.8379   6.8491   3.6438
2.7892   6.6661   3.6279
2.7713   6.5132   3.5983
2.7288   6.3882   3.6036
2.6768   6.1975   3.6053
2.6642   6.071    3.5991
2.6019   5.9718   3.6028
2.58     5.8312   3.5947
2.5731   5.7539   3.5937
2.5171   5.6444   3.6043
2.5211   5.5841   3.5913
2.4848   5.5315   3.6327
