AMNH     86901    laa2ms.xls
8.9641   6.5746   -2.9743  IS
10.1404  7.5351   -3.7058  ID
9.6224   7.7739   -3.8213  R_I12
9.0376   7.4004   -3.7273  R_I2C
8.6563   7.2167   -3.6995  R_CP3
8.1968   7.0947   -3.8332  R_P34
7.8892   6.7481   -3.8245  R_P4M1
7.4264   6.4466   -3.8185  R_M12
7.0097   5.9735   -3.7695  R_M23
6.2546   5.4547   -3.8034  R_DM3
8.1088   6.9221   -2.3298  R_MF
7.8769   6.8456   -2.6921  R_PCF
6.2774 6.3985 -3.0839 R_CB
6.9408 5.7901 -3.4266 R_CL
4.3481   6.0035   -6.0487  R_COR
4.354    5.5374   -5.415   R_NOT
3.0779   5.218    -5.7135  R_CND
10.2974  6.9934   -3.8254  L_I12
9.9737   6.3913   -3.6689  L_I2C
9.7972   6.0615   -3.6639  L_CP3
9.4117   5.6579   -3.773   L_P34
9999     9999     9999     L_P4M1
9999     9999     9999     L_M12
9999     9999     9999     L_M23
9999     9999     9999     L_DM3
9.1974   5.7691   -2.2421  L_MF
9.0749   5.5709   -2.6053  L_PCF
9999 9999 9999 L_CB
9999 9999 9999 L_CL
9999     9999     9999     L_COR
9999     9999     9999     L_NOT
9999     9999     9999     L_CND
10.18    7.9192   -4.006   O1
9.4838   5.8535   -3.0108  O2
5.2522   5.9709   -3.4534  O3
3.799    5.1805   -4.3258  O4








































10.1185  7.5608   -3.7178  I_SYM
10.0265  7.4366   -3.704
9.9279   7.363    -3.6863
9.8013   7.2481   -3.6588
9.6472   7.126    -3.5996
9.553    7.0471   -3.5442
9.4769   7.0122   -3.4855
9.4239   6.9372   -3.414
9.3406   6.8884   -3.3144
9.2751   6.8406   -3.24
9.1943   6.7668   -3.1831
9.0535   6.6438   -3.1241
9.0207   6.633    -3.0708
9999     9999     9999


























































































































































































4.3493   6.0081   -6.1222  R_RAM
4.5204   6.0915   -6.1177
4.7302   6.1431   -6.028
4.8848   6.1759   -5.8688
5.079    6.1704   -5.6587
5.1897   6.1495   -5.4893
5.2654   6.1523   -5.2952
5.3454   6.1317   -5.0138
5.4485   6.0856   -4.7777
5.4823   6.0662   -4.4498
5.5278   6.083    -4.1782
5.5606   6.0934   -3.9727
5.6384   6.1266   -3.7462
5.6595   6.1565   -3.5452
5.6964   6.1682   -3.4223

























































































































































































9999     9999     9999     L_RAM







































































































































































































7.3222   5.8936   -3.7918  MMF
6.845    5.5482   -4.0686  GNA
8.6522   6.5333   -2.2666  O1
6.3596   6.3241   -2.9185  O2
5.8596   2.1373   -2.691   O3
4.9543   0.795    -1.7609  O4




8.1625   6.5648   -2.5358  E_SYM
8.117    6.5383   -2.7387
8.0587   6.4937   -2.8527
7.9981   6.4343   -2.9774
7.8772   6.3461   -3.15
7.7605   6.2691   -3.3001
7.6402   6.2079   -3.3901
7.5022   6.1007   -3.5443
7.3893   6.0064   -3.6614
7.3717   5.9873   -3.6811
7.3308   5.9522   -3.7276
7.3061   5.9162   -3.7746
7.2711   5.9055   -3.863
7.1032   5.7887   -3.9832
6.943    5.6788   -4.09
6.8726   5.5909   -4.1569
6.8184   5.5714   -4.1837
6.7319   5.469    -4.1936






















































































































































































4.3116   0.4582   -0.7235  R_PRAM
4.3398   0.4589   -0.8125
4.4008   0.4538   -0.9624
4.4399   0.4411   -1.1254
4.4948   0.4093   -1.3343
4.5155   0.4313   -1.4969
4.534    0.4576   -1.6886
4.5309   0.4741   -1.8921
4.5003   0.4673   -2.1458
4.4738   0.4907   -2.4171
4.4617   0.534    -2.6124
4.4262   0.6095   -2.8791
4.3931   0.6764   -3.0741
4.3798   0.7847   -3.2699
4.4168   0.9154   -3.5223
4.4653   1.0591   -3.6997
4.5891   1.2751   -3.9302
4.6831   1.4739   -4.1065
4.7909   1.6464   -4.2035
4.9418   1.8204   -4.2686
5.0847   1.9693   -4.2928
5.2911   2.2417   -4.2561
5.4777   2.5059   -4.1915
5.6198   2.7392   -4.1937
5.6418   2.7736   -4.2071















































































































































































5.5755   2.6251   -4.1941  L_PRAM
5.6893   2.7932   -4.201
5.796    2.9633   -4.2111
5.9663   3.2364   -4.2381
6.0934   3.4919   -4.2395
6.2217   3.7159   -4.237
6.3704   3.9474   -4.2705
6.5145   4.1915   -4.3243
6.6175   4.3874   -4.3347
6.689    4.5464   -4.343
6.7485   4.7007   -4.3235
6.815    4.8782   -4.3002
6.9046   5.0931   -4.2898
6.8933   5.2722   -4.2295
6.8986   5.4654   -4.2053
6.8722   5.5578   -4.1895
6.8249   5.5575   -4.148
9999     9999     9999






















































































































































































9999     9999     9999     ARC
