AMNH     52619    laj18ms.xls
9.6549   10.1697  -2.85    IS
10.7317  11.3648  -3.6197  ID
10.1052  11.5053  -3.4817  R_I12
9.6668   11.3069  -3.5108  R_I2C
9.1147   10.8619  -3.4703  R_CP3
8.5761   10.4596  -3.6021  R_P34
8.1967   10.083   -3.5639  R_P4M1
7.7914   9.5764   -3.5524  R_M12
7.3247   9.0543   -3.4857  R_M23
6.8314   8.4135   -3.4312  R_DM3
8.7443   10.4957  -1.7457  R_MF
8.2589   10.0785  -2.3099  R_PCF
6.626    9.3932   -2.7813  R_CB
7.319    8.8567   -3.2763  R_CL
4.454    8.4701   -6.3592  R_COR
3.9028   7.6618   -5.3893  R_NOT
3.1175   7.4583   -5.5778  R_CND
11.0665  10.8698  -3.5571  L_I12
10.8444  10.3577  -3.4746  L_I2C
10.5347  9.7278   -3.4772  L_CP3
10.1674  9.1041   -3.5942  L_P34
9.8569   8.6458   -3.5439  L_P4M1
9.4868   8.0845   -3.5118  L_M12
9.0135   7.5584   -3.4593  L_M23
8.5243   6.8993   -3.4741  L_DM3
10.2462  9.2686   -1.9856  L_MF
9.9832   8.9755   -2.4305  L_PCF
9.5449   7.0473   -2.7367  L_CB
8.9182   7.6117   -3.1255  L_CL
9.2798   4.7479   -6.178   L_COR
8.6051   4.3143   -5.2633  L_NOT
8.4125   3.2234   -5.5022  L_CND
9.943    11.3345  -2.6607  O1
7.1538   9.8003   -2.7652  O2
9.0279   5.3909   -2.6229  O3
3.7899   7.6445   -3.5321  O4








































10.6424  11.3605  -3.7008  I_SYM
10.5823  11.2827  -3.6745
10.5076  11.2064  -3.6367
10.4312  11.1036  -3.603
10.3867  11.0171  -3.5873
10.313   10.9222  -3.5366
10.251   10.8321  -3.4904
10.1903  10.7624  -3.4638
10.1397  10.6922  -3.4222
10.0448  10.5614  -3.3629
9.9854   10.4695  -3.3029
9.9353   10.3984  -3.2334
9.8865   10.3121  -3.1714
9.8241   10.2472  -3.0885
9.7761   10.1685  -3.0033
9.7258   10.1434  -2.9369
9.697    10.1415  -2.8793
9.6443   10.1665  -2.7188
9.6228   10.1406  -2.6066
9.623    10.1615  -2.4329
9.6034   10.1356  -2.3664
9.6137   10.0968  -2.2182
9.4662   9.9868   -2.2273
9.4281   9.9135   -2.2299
9.3454   9.8459   -2.1921
9.3137   9.7813   -2.1373
9.2823   9.7169   -2.0532
9.2387   9.6762   -2.0194
9.2118   9.6697   -1.9374
9.2235   9.6983   -1.7801
9.1822   9.7121   -1.7058
9.2124   9.7175   -1.5999








































































































































































4.4441   8.4991   -6.3536  R_RAM
4.5518   8.5579   -6.3649
4.7599   8.6576   -6.3073
4.8813   8.6748   -6.1994
5.0102   8.7202   -6.0181
5.1203   8.7152   -5.8775
5.2281   8.7437   -5.6528
5.2747   8.7472   -5.4972
5.3674   8.7733   -5.2844
5.4385   8.7854   -5.0866
5.506    8.792    -4.8904
5.5888   8.7859   -4.645
5.6652   8.806    -4.3847
5.7043   8.7835   -4.1725
5.7434   8.8099   -3.9468
5.7593   8.853    -3.7895
5.768    8.8752   -3.617
5.8102   8.9166   -3.4782
5.8503   8.9479   -3.2568
5.8611   8.9485   -3.1736
5.8953   8.9729   -3.0968
5.9266   9.0145   -2.9559


















































































































































































9.2835   4.7742   -6.2121  L_RAM
9.3534   4.9308   -6.1748
9.3656   5.0574   -6.13
9.3424   5.17     -6.0488
9.3343   5.2662   -5.9302
9.3219   5.3736   -5.7975
9.2939   5.4316   -5.7452
9.2849   5.5383   -5.5546
9.2866   5.6187   -5.3207
9.2641   5.6601   -5.2482
9.2449   5.7265   -5.0856
9.2357   5.7808   -4.8923
9.2307   5.8165   -4.7024
9.2185   5.8497   -4.5379
9.2602   5.8894   -4.157
9.2526   5.9444   -4.0277
9.2727   6.0186   -3.8102
9.2638   6.0694   -3.6393
9.2904   6.1163   -3.4953
9.2856   6.1425   -3.3887
9.2946   6.1816   -3.3102
9.3041   6.1887   -3.2257
9.3047   6.2302   -3.1262

















































































































































































8.6585   9.0587   -3.4672  MMF
8.0145   8.3696   -4.1414  GNA
9.3642   9.1476   -2.7595  O1
8.3197   6.2211   -3.1661  O2
3.6111   7.2607   -3.5119  O3
6.724    2.4641   -2.9852  O4




9.1807   9.5977   -1.7129  E_SYM
9.1925   9.5761   -1.8015
9.1739   9.5582   -1.9094
9.1463   9.5932   -2.0084
9.1345   9.5825   -2.1056
9.1228   9.5821   -2.2093
9.1308   9.5569   -2.3173
9.0919   9.5355   -2.4172
9.0969   9.5131   -2.4877
9.0684   9.4707   -2.6007
9.0569   9.4514   -2.6703
9.0333   9.4227   -2.7618
8.9848   9.3807   -2.8603
8.9377   9.3367   -2.967
8.915    9.2946   -3.0179
8.8741   9.2533   -3.1052
8.8143   9.2023   -3.1681
8.777    9.1866   -3.1949
8.7203   9.1478   -3.2731
8.6871   9.059    -3.3308
8.6102   8.9986   -3.4602
8.595    9.0368   -3.5795
8.5405   8.9622   -3.7043
8.4696   8.8782   -3.808
8.4131   8.8199   -3.8959
8.3593   8.7416   -3.9633
8.2614   8.6372   -4.0356
8.219    8.592    -4.0888
8.1205   8.4891   -4.1811
8.0753   8.4001   -4.234
8.04     8.3436   -4.2498
8.0163   8.3224   -4.2398
8.0046   8.2622   -4.1567







































































































































































5.6288   1.6429   -1.5688  R_PRAM
5.7332   1.6247   -1.614
5.8353   1.5878   -1.717
5.9495   1.5735   -1.8708
6.0594   1.5859   -2.0536
6.1408   1.6404   -2.2019
6.1892   1.6915   -2.3876
6.203    1.7238   -2.4948
6.2249   1.7746   -2.6781
6.2719   1.8308   -2.8182
6.311    1.8518   -2.9277
6.3946   1.89     -3.064
6.4544   1.9414   -3.2182
6.5103   2.0033   -3.3535
6.5352   2.0605   -3.5556
6.5749   2.1017   -3.6544
6.5996   2.1333   -3.799
6.6259   2.2174   -3.9223
6.5922   2.2992   -4.0697
6.5625   2.4333   -4.2525
6.5533   2.5837   -4.3845
6.5547   2.7067   -4.4949
6.5755   2.8596   -4.6396
6.6074   2.9919   -4.7418
6.6578   3.1424   -4.8216
6.7359   3.2854   -4.8899
6.8242   3.4429   -4.9654
6.928    3.6227   -5.0401
6.9846   3.7578   -5.0556
7.0967   3.9662   -5.0935
7.2076   4.1552   -5.0944
7.325    4.3381   -5.0813
7.4045   4.4814   -5.0515
7.4917   4.6147   -5.0308
7.5871   4.7836   -4.9949
7.6376   4.9074   -4.9732
7.7177   5.0065   -4.9705
7.7589   5.1027   -4.9639
7.7671   5.2139   -4.9612
7.7756   5.2724   -4.9575
7.828    5.4633   -4.9566































































































































































1.622    5.2756   -1.6287  L_PRAM
1.6002   5.3622   -1.7106
1.6036   5.4476   -1.8075
1.5776   5.5249   -1.9386
1.6089   5.5715   -2.064
1.6253   5.671    -2.2703
1.6346   5.725    -2.3691
1.6726   5.8141   -2.5933
1.6974   5.8916   -2.7533
1.7401   5.9618   -2.8667
1.7638   6.0259   -3.0259
1.8265   6.061    -3.1476
1.8712   6.0987   -3.2962
1.9263   6.1771   -3.4683
1.9723   6.2174   -3.6619
2.023    6.2492   -3.8138
2.1019   6.2755   -3.9913
2.1414   6.2729   -4.0991
2.1929   6.2136   -4.1962
2.2992   6.2334   -4.3319
2.4604   6.2989   -4.5
2.6206   6.347    -4.6473
2.7659   6.4411   -4.777
2.9147   6.5061   -4.8794
3.0742   6.615    -4.9394
3.2357   6.7163   -5.0125
3.4026   6.8372   -5.0793
3.5785   6.9176   -5.1018
3.7382   6.9789   -5.1138
3.9101   7.0913   -5.118
4.0673   7.2023   -5.0893
4.2079   7.3001   -5.067
4.3421   7.401    -5.0444
4.4801   7.5115   -5.0116
4.5823   7.5579   -4.9915
4.7154   7.6549   -5.0097
4.8219   7.7005   -4.9909
4.9349   7.7432   -5.0009
5.0036   7.7808   -5.0002
5.0636   7.8513   -5.0093
5.1841   7.8625   -5.0101































































































































































7.8301   5.3846   -4.9763  ARC
7.8721   5.4947   -4.9571
7.9182   5.6688   -4.9544
7.9447   5.8052   -4.9305
8.0199   5.9728   -4.9278
8.051    6.0716   -4.9048
8.0916   6.1903   -4.8929
8.1371   6.321    -4.8876
8.1735   6.4579   -4.8547
8.2006   6.5792   -4.8274
8.2275   6.7009   -4.8003
8.2508   6.8442   -4.7683
8.2891   6.9619   -4.7419
8.2964   7.0845   -4.6996
8.3135   7.2131   -4.6462
8.3342   7.2988   -4.6307
8.3443   7.3719   -4.6095
8.3496   7.4768   -4.5722
8.3521   7.6153   -4.5089
8.3329   7.789    -4.4416
8.3334   7.8491   -4.4266
8.3374   7.9579   -4.3911
8.301    8.0503   -4.328
8.2764   8.0995   -4.3022
8.2345   8.2181   -4.2775
8.1963   8.3151   -4.2578
8.144    8.3309   -4.2259
8.0872   8.3721   -4.2205
7.9477   8.4359   -4.2281
7.7758   8.5067   -4.2645
7.6146   8.5771   -4.3363
7.4481   8.5964   -4.3988
7.2384   8.5521   -4.5192
7.1144   8.5274   -4.5799
7.0029   8.5055   -4.6485
6.8145   8.4817   -4.6993
6.6741   8.4229   -4.7376
6.5161   8.3957   -4.7835
6.3648   8.3449   -4.8152
6.2194   8.2936   -4.8632
6.0638   8.2316   -4.9071
5.9459   8.1901   -4.9243
5.7711   8.1086   -4.9787
5.6443   8.049    -4.9971
5.5028   7.9624   -5.0201
5.3565   7.8964   -5.0275
5.276    7.8727   -5.0198
5.2186   7.8476   -5.0278
5.1878   7.8326   -5.0073
5.0688   7.7618   -5.0392
