AMNH     52596    laj13ms.xls
9.5354   7.9361   -3.4795  IS
10.6317  8.7516   -4.0762  ID
10.1501  8.9884   -4.0587  R_I12
9.595    8.7461   -3.97    R_I2C
9.0851   8.6094   -3.9684  R_CP3
8.7378   8.2735   -3.9563  R_P34
8.3451   7.8892   -3.9242  R_P4M1
7.8425   7.5926   -3.9097  R_M12
7.2575   7.2345   -3.8394  R_M23
6.5402   6.7455   -3.9411  R_DM3
8.8824   8.4372   -2.57    R_MF
8.2259   8.0698   -2.7255  R_PCF
6.7439 7.7891 -3.1139 R_CB
7.2057 7.0906 -3.4388 R_CL
4.5718   7.5255   -6.5094  R_COR
4.2837   6.8708   -5.8519  R_NOT
3.3282   6.8541   -6.0394  R_CND
10.8345  8.3506   -3.9555  L_I12
10.5008  7.7558   -3.8682  L_I2C
10.1948  7.3181   -3.8915  L_CP3
9.8681   6.9567   -3.91    L_P34
9.41     6.667    -3.9205  L_P4M1
8.9813   6.2204   -3.8317  L_M12
8.5403   5.7283   -3.8767  L_M23
8.0797   5.2403   -3.9883  L_DM3
10.0323  7.1786   -2.4185  L_MF
9.6105   6.7473   -2.7854  L_PCF
8.9866 5.1832 -3.0127 L_CB
8.4146 5.7721 -3.2258 L_CL
9999     9999     9999     L_COR
9999     9999     9999     L_NOT
9999     9999     9999     L_CND
9.6644   8.8742   -3.321   O1
9.3443   5.885    -3.0338  O2
5.6623   7.4877   -3.434   O3
3.8579   6.7091   -4.8859  O4








































10.5261  8.7332   -4.1121  I_SYM
10.4735  8.6653   -4.0871
10.3713  8.5991   -4.0457
10.3337  8.5325   -4.0136
10.2582  8.4619   -3.9658
10.1828  8.3864   -3.9128
10.0512  8.301    -3.8228
9.9789   8.2023   -3.7792
9.876    8.1398   -3.7072
9.7515   8.0616   -3.6262
9.6827   7.9906   -3.5635
9.5932   7.9199   -3.516
9.5347   7.9481   -3.4667
9.5062   7.9214   -3.3031
9.517    7.9176   -3.1976
9.5308   7.9944   -3.0514
9.5181   7.9691   -2.9491
9.4213   7.9158   -2.8758
9.3604   7.7984   -2.8274
9.2601   7.7312   -2.8007
9.1964   7.6773   -2.7593
9.118    7.6409   -2.6668
9.0838   7.6299   -2.5966
9.0775   7.621    -2.4887
9.0737   7.6355   -2.4296
9.1483   7.7225   -2.378
9.0939   7.6668   -2.3644
9.0638   7.6238   -2.2928
9.0325   7.6441   -2.229











































































































































































4.5501   7.5349   -6.555   R_RAM
4.6786   7.6121   -6.5623
4.8423   7.6923   -6.5497
5.0046   7.706    -6.4906
5.0998   7.7058   -6.3906
5.2268   7.7141   -6.2352
5.3506   7.7044   -6.0618
5.4565   7.6884   -5.8497
5.543    7.6465   -5.7101
5.5775   7.6099   -5.5138
5.6105   7.5849   -5.3038
5.6417   7.5418   -5.1002
5.6431   7.5107   -4.9117
5.701    7.4991   -4.7246
5.7253   7.4817   -4.5521
5.7841   7.4771   -4.3681
5.8297   7.5115   -4.1737
5.8991   7.5259   -3.9978
5.9725   7.5509   -3.8241
6.0258   7.5961   -3.6818
6.0792   7.6074   -3.5778
6.0926   7.6439   -3.4999


















































































































































































9999     9999     9999     L_RAM







































































































































































































8.0371   7.1629   -3.8018  MMF
7.262    6.6063   -4.2903  GNA
8.5555   6.8164   -3.2022  O1
5.5122   6.9289   -3.2728  O2
6.571    3.1326   -3.1166  O3
5.582    1.4264   -1.6463  O4




8.6894   7.6546   -2.4602  E_SYM
8.6954   7.6528   -2.5842
8.7207   7.6614   -2.7891
8.6644   7.6361   -2.9334
8.6061   7.5994   -3.0225
8.4549   7.4503   -3.2334
8.3603   7.4153   -3.3828
8.2654   7.333    -3.5114
8.2117   7.2631   -3.5881
8.1388   7.2248   -3.6426
8.094    7.2112   -3.6739
8.0282   7.1472   -3.8336
7.9546   7.0874   -3.9208
7.8295   6.9634   -4.0553
7.7632   6.876    -4.1333
7.6626   6.8325   -4.2024
7.5587   6.7414   -4.2741
7.4713   6.6779   -4.3142
7.3934   6.5802   -4.3605
7.3222   6.5284   -4.3707
7.2298   6.4807   -4.3629
7.262    6.5764   -4.2613


















































































































































































4.8335   1.1175   -0.8953  R_PRAM
4.8992   1.0948   -1.0349
4.9507   1.0926   -1.2305
5.0083   1.0655   -1.4329
5.0556   1.0781   -1.6094
5.1118   1.0647   -1.7899
5.1344   1.0719   -1.9608
5.1509   1.0739   -2.1467
5.1591   1.072    -2.3055
5.1838   1.084    -2.5079
5.1922   1.1218   -2.7001
5.2225   1.1461   -2.923
5.2439   1.1988   -3.1611
5.2642   1.2564   -3.3774
5.2862   1.3607   -3.6139
5.3124   1.4513   -3.7667
5.3426   1.5858   -3.972
5.3743   1.7504   -4.1333
5.4286   1.874    -4.2647
5.4437   1.9725   -4.3461
5.4585   2.0415   -4.397
5.5628   2.2047   -4.5088
5.6675   2.3979   -4.5965
5.781    2.5788   -4.6735
5.8751   2.7477   -4.6834
5.9768   2.9166   -4.6879
6.1104   3.0851   -4.691
6.1887   3.2447   -4.6773
6.2904   3.376    -4.6767
6.4035   3.56     -4.6966










































































































































































9999     9999     9999     L_PRAM







































































































































































































6.3993   3.7208   -4.7032  ARC
6.4551   3.8591   -4.6973
6.5204   3.9599   -4.7114
6.6157   4.0774   -4.7316
6.6742   4.221    -4.7296
6.7712   4.3465   -4.764
6.8164   4.4577   -4.7648
6.8756   4.5936   -4.7659
6.9243   4.6919   -4.768
6.9827   4.792    -4.7732
7.0618   4.9199   -4.7731
7.0923   5.0536   -4.7559
7.1192   5.1942   -4.73
7.1792   5.3932   -4.6967
7.2301   5.5006   -4.6909
7.2587   5.6211   -4.6592
7.245    5.6194   -4.6462
7.274    5.7511   -4.594
7.3051   5.8711   -4.5681
7.3367   6.0174   -4.5428
7.3486   6.1184   -4.517
7.3487   6.2039   -4.4743
7.3606   6.3242   -4.441
7.3425   6.4079   -4.4086
7.3279   6.5172   -4.3724
7.2778   6.578    -4.3449
7.1596   6.5791   -4.3521
6.8696   6.647    -4.4257
6.5805   6.6816   -4.4961
6.3419   6.6736   -4.5627
6.0956   6.6568   -4.6047
5.8872   6.606    -4.6361
5.7272   6.5622   -4.6464
5.5675   6.5372   -4.6406
5.4242   6.5029   -4.6649
