AMNH     52585    laj24ms.xls
8.6651   8.6287   -3.2614  IS
9.9743   9.802    -4.2637  ID
9.3043   10.112   -4.1127  R_I12
8.7169   9.8183   -4.0897  R_I2C
8.2004   9.4789   -4.021   R_CP3
7.7034   9.0105   -4.1532  R_P34
7.26     8.6926   -4.1189  R_P4M1
6.7607   8.1894   -4.1074  R_M12
6.2839   7.6942   -4.0717  R_M23
5.5773   7.0049   -4.1433  R_DM3
8.1478   9.3423   -2.2966  R_MF
7.5453   8.8519   -2.6994  R_PCF
5.6024 8.1806 -3.1535 R_CB
6.2176 7.5724 -3.5561 R_CL
2.9816   7.2214   -6.7754  R_COR
2.8655   6.8709   -6.0878  R_NOT
1.7929   6.7795   -5.9831  R_CND
10.2331  9.2177   -4.1826  L_I12
9.8198   8.6737   -4.0985  L_I2C
9.54     8.1358   -4.0488  L_CP3
9.1384   7.5582   -4.1097  L_P34
8.7334   7.2053   -4.0925  L_P4M1
8.1879   6.6945   -4.0476  L_M12
7.7188   6.1302   -4.0148  L_M23
7.171    5.4581   -4.1464  L_DM3
9.3773   8.2248   -2.2964  L_MF
8.8132   7.6089   -2.608   L_PCF
8.1997 5.6256 -3.1232 L_CB
7.596 6.1051 -3.3972 L_CL
7.5863   2.9573   -6.7017  L_COR
7.0458   2.7142   -5.8724  L_NOT
6.9124   1.5152   -5.643   L_CND
8.8022   9.8527   -3.075   O1
6.5848   8.6641   -2.9471  O2
7.9758   5.2109   -1.9811  O3
2.7774   6.7289   -4.0411  O4








































9.9113   9.8145   -4.2994  I_SYM
9.7993   9.7049   -4.2687
9.6768   9.5868   -4.1888
9.5309   9.4516   -4.102
9.4353   9.3467   -4.0153
9.2832   9.2091   -3.907
9.1696   9.0804   -3.8106
9.0671   8.9517   -3.6579
8.9322   8.8336   -3.5739
8.87     8.7452   -3.4995
8.8009   8.681    -3.4449
8.7009   8.606    -3.3605
8.6096   8.622    -3.1713
8.6203   8.6348   -3.0663
8.6221   8.655    -2.9801
8.6281   8.6456   -2.886
8.6301   8.6865   -2.6725
8.5031   8.5708   -2.6275
8.3547   8.4315   -2.5662
8.2709   8.3522   -2.4971
8.238    8.2498   -2.3876
8.2265   8.3248   -2.2473
8.3416   8.4372   -2.1198
8.2484   8.3394   -2.0488
8.2603   8.3707   -1.9263
8.267    8.4224   -1.8113














































































































































































2.9755   7.2369   -6.7953  R_RAM
3.1147   7.3309   -6.9501
3.2765   7.434    -6.9796
3.5264   7.5564   -6.9625
3.7548   7.5856   -6.8279
3.9138   7.6155   -6.6071
4.0778   7.633    -6.4365
4.1865   7.6398   -6.1997
4.2729   7.6722   -5.9689
4.3662   7.6791   -5.7956
4.4503   7.6672   -5.5422
4.5431   7.6872   -5.3784
4.5914   7.6797   -5.2186
4.6239   7.6927   -4.9347
4.5769   7.7134   -4.889
4.6314   7.7546   -4.5523
4.6934   7.8077   -4.2641
4.8082   7.8073   -4.0733
4.841    7.8569   -3.8114
4.8992   7.8876   -3.7164
4.9541   7.9184   -3.5896



















































































































































































7.6332   2.9733   -6.7539  L_RAM
7.7092   3.1898   -6.7552
7.7627   3.3919   -6.6799
7.8127   3.6169   -6.5206
7.8371   3.7808   -6.2972
7.8392   3.9195   -6.0413
7.8585   4.0375   -5.8123
7.8497   4.1436   -5.5552
7.8446   4.2411   -5.3447
7.8374   4.3039   -5.1821
7.8722   4.3935   -4.845
7.8588   4.4787   -4.5129
7.8739   4.5482   -4.2995
7.8897   4.5994   -4.093
7.8967   4.6263   -3.881
7.9295   4.7008   -3.7553
7.9513   4.7985   -3.5983
8.0106   4.8707   -3.4254
8.0158   4.8999   -3.3692





















































































































































































9.8604   10.2546  -3.3343  MMF
8.8733   9.234    -4.6197  GNA
10.1992  9.5843   -3.3183  O1
9.0614   7.4245   -3.6678  O2
5.5615   8.8333   -4.5846  O3
7.0992   3.537    -2.9709  O4




10.189   10.4772  -2.146   E_SYM
10.1874  10.5169  -2.3494
10.1485  10.5051  -2.5342
10.1094  10.4698  -2.7399
10.0641  10.4668  -2.8923
10.0116  10.3685  -2.9893
9.9491   10.3451  -3.1135
9.8874   10.247   -3.2343
9.878    10.2485  -3.385
9.8632   10.2258  -3.4881
9.7921   10.1089  -3.6415
9.703    10.0271  -3.8563
9.5693   9.8873   -4.0491
9.3973   9.7643   -4.1998
9.271    9.677    -4.3363
9.1492   9.5456   -4.476
8.999    9.4467   -4.5713
8.8817   9.3182   -4.6453
8.7666   9.2024   -4.6864
8.8736   9.2032   -4.6331




















































































































































































6.3066   2.8012   -1.6695  R_PRAM
6.4014   2.8148   -1.8456
6.4897   2.8448   -2.0251
6.5784   2.8662   -2.2312
6.6504   2.8838   -2.4526
6.7192   2.9224   -2.7765
6.7765   2.9682   -3.0676
6.8493   3.0186   -3.292
6.8507   3.0651   -3.5534
6.8552   3.14     -3.757
6.882    3.2439   -3.9174
6.8957   3.3535   -4.1495
6.996    3.477    -4.3448
7.0088   3.6511   -4.5373
7.0284   3.8129   -4.7464
7.0873   4.0003   -4.9056
7.1615   4.2376   -5.0412
7.2721   4.5612   -5.1641
7.4541   4.8727   -5.1915
7.5864   5.1608   -5.2192
7.7072   5.3535   -5.2366
7.8211   5.5627   -5.2123
7.8846   5.7074   -5.2007

















































































































































































2.3342   6.6785   -1.6946  L_PRAM
2.3314   6.7951   -1.8327
2.3578   6.9002   -2.0347
2.4357   7.0041   -2.3546
2.506    7.0479   -2.5775
2.5515   7.117    -2.9058
2.62     7.1619   -3.2035
2.6562   7.2319   -3.4826
2.7218   7.3055   -3.7836
2.8061   7.3181   -3.9901
2.9282   7.2703   -4.213
3.1236   7.3067   -4.4637
3.31     7.3809   -4.7228
3.5369   7.4926   -4.9263
3.7595   7.5692   -5.1084
3.9492   7.6271   -5.2021
4.1734   7.7951   -5.249
4.3333   7.8541   -5.2774
9999     9999     9999





















































































































































































7.8686   5.5813   -5.2047  ARC
8.0194   5.8288   -5.1835
8.2226   6.1461   -5.1632
8.3557   6.3592   -5.1791
8.5108   6.6504   -5.1944
8.6963   6.9976   -5.23
8.7828   7.4378   -5.2027
8.8518   7.8814   -5.1491
8.8813   8.1103   -5.0847
8.9458   8.3928   -5.0123
9.0077   8.6091   -4.9668
9.0394   8.8581   -4.8482
8.9998   9.0161   -4.7862
8.9039   9.1038   -4.7414
8.8515   9.2127   -4.6843
8.6269   9.2412   -4.7226
8.302    9.2599   -4.858
7.9125   9.264    -5.0072
7.5551   9.1541   -5.087
7.1527   9.049    -5.141
6.8961   8.9607   -5.1384
6.5867   8.8668   -5.1704
6.3683   8.8418   -5.1943
6.1976   8.7441   -5.1794
6.0394   8.6762   -5.1741
9999     9999     9999
