AMNH     52590    laj29ms.xls
9.7425   7.1855   -3.2283  IS
10.5261  8.2918   -3.9487  ID
9.9071   8.3704   -3.9417  R_I12
9.4508   7.9845   -3.8015  R_I2C
9.0128   7.6182   -3.773   R_CP3
8.5021   7.1636   -3.838   R_P34
8.1518   6.761    -3.8175  R_P4M1
7.7917   6.2532   -3.7498  R_M12
7.3082   5.6851   -3.7051  R_M23
6.8203   5.1041   -3.7696  R_DM3
8.8089   7.364    -2.3634  R_MF
8.4999   7.0189   -2.5667  R_PCF
6.6743 6.1491 -2.7375 R_CB
7.4272 5.6424 -3.1313 R_CL
4.3594   5.1918   -6.5014  R_COR
4.2011   4.4651   -5.6848  R_NOT
3.2224   4.0399   -5.7626  R_CND
10.8658  7.8048   -3.8854  L_I12
10.6063  7.2578   -3.8218  L_I2C
10.4009  6.6854   -3.7686  L_CP3
9999     9999     9999     L_P34
9999     9999     9999     L_P4M1
9999     9999     9999     L_M12
9999     9999     9999     L_M23
9999     9999     9999     L_DM3
10.1789  6.2039   -2.3048  L_MF
9999     9999     9999     L_PCF
9999 9999 9999 L_CB
9999 9999 9999 L_CL
9999     9999     9999     L_COR
9999     9999     9999     L_NOT
9999     9999     9999     L_CND
9.1873   8.2096   -3.1266  O1
10.297   6.4367   -2.8569  O2
7.1863   6.5649   -2.8531  O3
3.8527   4.0466   -4.0125  O4








































10.4785  8.2296   -3.9343  I_SYM
10.4346  8.1378   -3.8944
10.3153  8.0163   -3.8453
10.2985  7.9023   -3.8279
10.1782  7.78     -3.7808
10.0998  7.6503   -3.7111
10.0266  7.5694   -3.6622
9.965    7.4906   -3.5627
9.9172   7.3807   -3.4866
9.8577   7.3139   -3.4282
9.8133   7.2543   -3.3661
9.7726   7.1968   -3.3144
9.7435   7.1767   -3.2238
9.7131   7.1606   -3.1594
9.7102   7.1325   -3.0713
9.6961   7.1336   -2.9947
9.7101   7.1287   -2.9902
9.7865   7.2636   -2.782
9.7858   7.241    -2.7037
9.6988   7.1601   -2.643
9.6349   7.0314   -2.6181
9.5981   6.9642   -2.5877
9.5846   6.8827   -2.519
9.5057   6.8226   -2.4545
9.4688   6.8187   -2.3405
9.4651   6.8033   -2.2755
9.3623   6.7239   -2.2186
9.313    6.6782   -2.0784
9.3164   6.6449   -1.979
9.352    6.7489   -1.7807










































































































































































4.3721   5.1874   -6.5108  R_RAM
4.5128   5.3242   -6.5389
4.6578   5.3972   -6.5416
4.8753   5.5129   -6.4403
5.0619   5.574    -6.3178
5.2456   5.6552   -6.1027
5.4135   5.69     -5.8098
5.585    5.7302   -5.536
5.6638   5.7248   -5.342
5.7486   5.7053   -5.0855
5.7967   5.6709   -4.8584
5.8304   5.6691   -4.609
5.8602   5.6697   -4.3748
5.9151   5.6578   -4.1501
5.937    5.6717   -3.9012
5.9661   5.7061   -3.6856
6.0004   5.7531   -3.4485
6.0508   5.8049   -3.3021
6.0889   5.8518   -3.1755





















































































































































































9999     9999     9999     L_RAM







































































































































































































9.7633   10.6771  -3.231   MMF
9.145    9.8201   -3.931   GNA
10.6834  10.0475  -2.7566  O1
8.6433   10.5149  -2.6922  O2
9.7252   7.6604   -3.2092  O3
8.5016   3.5952   -2.4606  O4




10.3731  11.1551  -1.8617  E_SYM
10.3328  11.1539  -2.0042
10.2874  11.163   -2.1615
10.2276  11.1408  -2.348
10.1676  11.0966  -2.5313
10.0759  11.0683  -2.7097
10.0073  11.0093  -2.84
9.965    10.9388  -2.959
9.9082   10.9044  -2.9831
9.8706   10.8524  -3.0225
9.7316   10.7085  -3.2095
9.6627   10.6657  -3.3325
9.5422   10.4833  -3.5261
9.4391   10.337   -3.6621
9.3095   10.2577  -3.7501
9.191    10.1229  -3.856
9.113    10.0205  -3.9041
9.0276   9.9031   -3.946
8.9928   9.8654   -3.9413





















































































































































































7.9942   2.875    -1.2189  R_PRAM
8.0725   2.8839   -1.3898
8.171    2.9129   -1.616
8.2365   2.9868   -1.8851
8.2618   3.0276   -2.1038
8.2917   3.0982   -2.3498
8.3052   3.1314   -2.5346
8.3287   3.1837   -2.8051
8.3634   3.2576   -3.0543
8.3735   3.3468   -3.2687
8.3601   3.4826   -3.5454
8.3383   3.5827   -3.7473
8.2579   3.7388   -3.95
8.2031   3.9278   -4.1199
8.1576   4.187    -4.3428
8.2159   4.4434   -4.538
8.2551   4.6749   -4.6603
8.3105   4.7558   -4.7197
8.3197   4.6889   -4.6756
8.392    4.9056   -4.7609
8.4808   5.2728   -4.89
8.5435   5.4816   -4.9073
8.6062   5.7917   -4.9007
8.7469   6.1536   -4.8346
8.8251   6.3403   -4.8179
8.9155   6.4987   -4.8217
8.9447   6.7605   -4.7916













































































































































































9999     9999     9999     L_PRAM







































































































































































































8.8309   6.4241   -4.8327  ARC
8.9344   6.6817   -4.8435
8.978    6.9161   -4.8123
9.033    7.2221   -4.8079
9.0899   7.4641   -4.7864
9.155    7.7941   -4.7292
9.1933   8.0644   -4.6696
9.2538   8.3515   -4.5938
9.3065   8.5618   -4.5692
9.3309   8.8457   -4.4597
9.3609   9.1091   -4.3527
9.3688   9.4318   -4.2112
9.3483   9.5667   -4.1442
9.335    9.6549   -4.0904
9.3119   9.7423   -4.0511
9.2318   9.8233   -4.0193
9.1724   9.8446   -4.0252
9.139    9.8842   -3.9304
8.9466   9.8001   -3.9754
8.7969   9.825    -3.9515
8.588    9.9023   -4.0401
8.333    9.8536   -4.1153
8.1872   9.8435   -4.1393
9999     9999     9999
