AMNH     82430    laj37ms.xls
9.4972   9.5354   -3.3903  IS
10.6355  10.5112  -3.8937  ID
10.2534  10.8824  -3.8425  R_I12
9.3627   10.6472  -3.7783  R_I2C
8.7899   10.2991  -3.7588  R_CP3
8.1824   9.9188   -3.7941  R_P34
7.8009   9.6408   -3.8158  R_P4M1
7.2834   9.2967   -3.7318  R_M12
6.7679   8.7696   -3.6595  R_M23
6.229    8.3494   -3.6158  R_DM3
8.4575   9.9761   -2.0626  R_MF
7.9421   9.719    -2.5301  R_PCF
6.0922 9.3194 -2.6251 R_CB
6.8013 8.5935 -3.0754 R_CL
3.3178   8.8396   -6.2147  R_COR
3.1121   8.2722   -5.2912  R_NOT
2.1216   8.0906   -5.2906  R_CND
10.8535  10.0369  -3.9536  L_I12
10.538   9.3543   -3.9392  L_I2C
10.104   8.8016   -3.9597  L_CP3
9.6396   8.3594   -4.0259  L_P34
9.2603   8.013    -3.9635  L_P4M1
8.8125   7.5669   -3.8583  L_M12
8.1997   7.1514   -3.7781  L_M23
7.5491   6.5605   -3.7661  L_DM3
9.892    8.5996   -2.1963  L_MF
9.3382   8.0657   -2.6362  L_PCF
8.7728 6.5699 -2.744 L_CB
8.0833 7.171 -3.0709 L_CL
7.5338   3.8396   -6.4395  L_COR
6.9448   3.7093   -5.5817  L_NOT
6.7847   2.8922   -5.7099  L_CND
9.7936   10.7089  -3.0616  O1
6.7982   9.5637   -3.1515  O2
8.0681   5.3654   -2.5898  O3
3.2383   8.1048   -3.6224  O4








































10.5934  10.5079  -3.9892  I_SYM
10.4492  10.4209  -3.9639
10.348   10.3189  -3.9363
10.2445  10.2193  -3.9004
10.1403  10.101   -3.8591
10.0476  10.0024  -3.8158
9.9338   9.8787   -3.7464
9.8389   9.79     -3.707
9.7396   9.7201   -3.6642
9.6589   9.6371   -3.6112
9.5879   9.5688   -3.5426
9.5487   9.5439   -3.4501
9.4933   9.4882   -3.3523
9.4709   9.4522   -3.2735
9.4574   9.419    -3.1798
9.3586   9.3734   -3.0394
9.3329   9.3219   -2.9669
9.3026   9.3436   -2.8648
9.3593   9.3497   -2.7598
9.2203   9.2677   -2.6971
9.1023   9.1911   -2.7023
8.9971   9.1024   -2.6777
8.8949   9.0054   -2.6194
8.8472   8.9478   -2.5618
8.8195   8.9372   -2.525
8.7406   8.8642   -2.4661
8.7031   8.8297   -2.4181
8.674    8.8175   -2.353
8.8244   8.9456   -2.1485
8.722    8.8927   -2.1093
8.6703   8.8624   -2.0106
8.658    8.8674   -1.9174








































































































































































3.2693   8.7705   -6.195   R_RAM
3.3916   8.8865   -6.2825
3.553    8.9606   -6.3366
3.718    9.059    -6.2304
3.927    9.085    -6.1905
4.0607   9.1229   -6.091
4.2117   9.1477   -5.947
4.4436   9.1768   -5.6095
4.5715   9.1586   -5.4146
4.6583   9.1234   -5.2144
4.7725   9.0925   -4.9711
4.8316   9.0402   -4.7682
4.9035   9.0134   -4.5644
4.9974   9.004    -4.1826
5.0438   8.9805   -3.9897
5.101    8.9656   -3.7609
5.1649   8.9701   -3.5623
5.1832   9.002    -3.414
5.2298   9.0294   -3.2178
5.3011   9.0502   -3.0847
5.3267   9.0637   -2.9997



















































































































































































7.481    3.8627   -6.5108  L_RAM
7.5597   3.9517   -6.5808
7.6207   4.051    -6.6242
7.7023   4.2203   -6.586
7.7165   4.3034   -6.5689
7.7802   4.4726   -6.475
7.8126   4.5713   -6.4027
7.8566   4.6825   -6.2987
7.8782   4.7973   -6.1687
7.8984   4.8991   -6.0723
7.9471   5.0514   -5.8337
7.9473   5.1215   -5.7167
7.9662   5.1804   -5.5686
7.9937   5.2258   -5.4452
8.0439   5.3252   -4.7356
8.0495   5.4522   -4.3724
8.0399   5.4955   -4.2094
8.0919   5.5309   -3.8766
8.1472   5.5828   -3.6923
8.1826   5.6757   -3.543
8.233    5.6991   -3.3272
8.3047   5.7279   -3.118
8.339    5.7506   -2.9464

















































































































































































9.8849   10.2418  -3.2431  MMF
9.0069   9.2067   -4.3172  GNA
10.6673  9.9074   -2.7106  O1
9.0589   7.2175   -2.9033  O2
5.1308   9.1549   -3.8726  O3
7.0141   4.026    -2.7942  O4




10.5844  10.6769  -1.7987  E_SYM
10.5932  10.6785  -2.0114
10.5992  10.7014  -2.2147
10.558   10.6527  -2.3343
10.4781  10.59    -2.4711
10.4501  10.5625  -2.5879
10.3928  10.565   -2.7021
10.3696  10.5102  -2.7697
10.3237  10.4983  -2.8455
10.2819  10.4563  -2.8793
10.2277  10.3932  -2.9199
10.1907  10.3554  -2.9231
10.0895  10.3091  -3.0101
9.8675   10.2304  -3.2572
9.8019   10.124   -3.4833
9.7304   10.0703  -3.6077
9.6456   9.9967   -3.7764
9.5728   9.8932   -3.8702
9.4916   9.7976   -3.9834
9.42     9.7564   -4.0337
9.3316   9.6851   -4.0959
9.2338   9.5339   -4.2004
9.1383   9.4534   -4.2598
9.0435   9.4011   -4.3079
9.0002   9.3349   -4.3351
8.9434   9.2352   -4.349
8.8963   9.1499   -4.3328













































































































































































9999     9999     9999     R_PRAM







































































































































































































2.3801   7.3938   -1.5844  L_PRAM
2.3762   7.4773   -1.6726
2.394    7.5744   -1.8488
2.4015   7.645    -1.9821
2.4206   7.7044   -2.1293
2.4621   7.7668   -2.3329
2.4878   7.8333   -2.4745
2.5459   7.8969   -2.6368
2.5948   7.9319   -2.7872
2.6056   7.9346   -2.9404
2.6353   7.9979   -3.1285
2.6586   8.0066   -3.2437
2.7225   8.0175   -3.4291
2.7364   8.0236   -3.6445
2.7895   8.0443   -3.8058
2.8949   8.0605   -3.976
3.0504   7.899    -4.1396
3.2366   7.8331   -4.3376
3.4184   7.8439   -4.5013
3.592    7.8482   -4.6418
3.7457   7.8973   -4.7411
3.8831   7.9442   -4.8501
4.0289   8.0332   -4.926
4.1582   8.0811   -4.9859
4.1862   8.0828   -4.9915
4.3792   8.1474   -5.0367
4.5345   8.2107   -5.0734
4.7658   8.3212   -5.0701
4.9663   8.4389   -5.0246
5.1331   8.5371   -4.9976
5.3598   8.6358   -4.9561
5.5363   8.7468   -4.9094
5.6327   8.7952   -4.9073
5.7268   8.8427   -4.9066






































































































































































8.327    6.1675   -4.9375  ARC
8.4346   6.3353   -4.9311
8.5073   6.5329   -4.9251
8.6142   6.7736   -4.8815
8.691    6.9646   -4.8562
8.7683   7.1683   -4.841
8.827    7.3269   -4.8073
8.909    7.5803   -4.7584
8.9819   7.835    -4.7107
9.0256   8.0617   -4.6398
9.0849   8.3385   -4.5994
9.0989   8.6114   -4.5106
9.1073   8.812    -4.4732
9.0691   8.9587   -4.3964
9.0705   9.171    -4.3628
9.0014   9.2483   -4.3436
8.7386   9.3085   -4.3889
8.4447   9.3903   -4.473
8.2015   9.4069   -4.5387
7.8623   9.363    -4.6225
7.5028   9.3394   -4.7122
7.2892   9.2728   -4.7587
6.9683   9.2015   -4.8141
6.6374   9.1325   -4.8568
6.439    9.0383   -4.8782
6.2188   8.9818   -4.8768
6.0585   8.9135   -4.8969
5.8269   8.8253   -4.8898
5.6567   8.7297   -4.8925
5.5696   8.7089   -4.8756
