AMNH     52627    laj35ms.xls
9.0159   9.2963   -3.1115  IS
10.245   10.3476  -4.0339  ID
9.7273   10.7037  -4.011   R_I12
9.0069   10.3103  -3.9161  R_I2C
8.3988   10.1172  -3.7855  R_CP3
7.9254   9.7687   -3.9339  R_P34
7.5401   9.3806   -3.8884  R_P4M1
6.9339   9.0211   -3.8307  R_M12
6.4002   8.5315   -3.7978  R_M23
5.6088   7.9723   -3.8609  R_DM3
8.0552   9.7016   -2.3254  R_MF
7.7626   9.4462   -2.6169  R_PCF
5.7885 9.0232 -2.9975 R_CB
6.4039 8.4368 -3.275 R_CL
3.6199   8.8038   -6.5775  R_COR
3.0565   8.2116   -5.8514  R_NOT
1.9385   8        -5.9113  R_CND
10.3594  9.7438   -3.9917  L_I12
10.0208  9.2263   -3.9509  L_I2C
9.6438   8.631    -3.8894  L_CP3
9.2868   8.192    -3.9816  L_P34
8.7969   7.9256   -3.9554  L_P4M1
8.3223   7.3794   -3.902   L_M12
7.7648   6.8539   -3.8555  L_M23
7.1144   6.2503   -3.8687  L_DM3
9.2287   8.3602   -2.4301  L_MF
8.9826   8.2353   -2.7558  L_PCF
8.3899 6.3866 -2.8219 L_CB
7.7377 6.9088 -3.3724 L_CL
7.6789   4.4458   -6.6093  L_COR
6.8694   3.8985   -5.8782  L_NOT
6.4716   2.8735   -5.9763  L_CND
9.2928   10.5107  -3.0207  O1
6.7738   9.5187   -3.1551  O2
8.0666   5.7605   -2.2234  O3
2.9076   7.9993   -3.7079  O4








































10.1858  10.304   -4.1138  I_SYM
10.0719  10.2019  -4.0803
9.9626   10.0756  -4.0379
9.8438   9.9823   -3.9702
9.7289   9.8886   -3.9031
9.6008   9.778    -3.8092
9.454    9.6345   -3.6682
9.343    9.5645   -3.5248
9.2267   9.454    -3.4002
9.1491   9.3664   -3.3262
9.0717   9.3262   -3.2353
9.0439   9.2977   -3.1802
8.9773   9.2843   -3.028
9.0008   9.3147   -2.8932
9.0138   9.3292   -2.761
8.9389   9.237    -2.6542
8.8562   9.1696   -2.5866
8.7608   9.1027   -2.5206
8.7138   9.0436   -2.4526
8.6467   8.9991   -2.3835
8.6205   8.9483   -2.2753
8.6077   8.9986   -2.1838
8.8168   9.1659   -2.0899
8.7611   9.0986   -1.9446
















































































































































































3.5791   8.7673   -6.533   R_RAM
3.7456   8.8467   -6.5836
3.9664   8.8886   -6.5617
4.1132   8.869    -6.4653
4.2644   8.8449   -6.2345
4.3915   8.8003   -5.9569
4.4396   8.8281   -5.6927
4.5243   8.8248   -5.4426
4.5859   8.8135   -5.2034
4.6973   8.7641   -4.9465
4.7347   8.7474   -4.7738
4.7677   8.7335   -4.5775
4.7532   8.7634   -4.2342
4.7757   8.7408   -3.9171
4.7921   8.7335   -3.7168
4.8102   8.7528   -3.489
4.8524   8.761    -3.4309
4.901    8.7856   -3.2946






















































































































































































7.7267   4.4992   -6.6304  L_RAM
7.7968   4.7178   -6.6324
7.8297   4.9342   -6.4534
7.8312   5.0547   -6.227
7.8095   5.1333   -5.8868
7.808    5.2293   -5.558
7.8083   5.2576   -5.3528
7.8146   5.3108   -5.1707
7.8124   5.3413   -5.0387
7.9169   5.4372   -4.1493
7.9413   5.4871   -3.8102
7.9495   5.5256   -3.5391
7.9735   5.5621   -3.3139



























































































































































































7.8771   9.0437   -3.7661  MMF
7.4231   8.3491   -4.3146  GNA
8.6146   8.9623   -3.0587  O1
7.5897   6.4738   -3.1284  O2
3.8168   7.78     -4.2981  O3
5.9841   2.6422   -2.9525  O4




8.4248   9.6874   -1.952   E_SYM
8.437    9.6725   -2.0653
8.4623   9.7126   -2.181
8.451    9.7176   -2.3351
8.4312   9.7194   -2.4947
8.4468   9.6758   -2.6476
8.4188   9.6306   -2.8053
8.4124   9.6068   -2.9362
8.3602   9.5771   -3.0893
8.2871   9.5149   -3.2136
8.235    9.4656   -3.2805
8.2041   9.3985   -3.3364
8.1509   9.3349   -3.4053
8.1245   9.3044   -3.4494
8.0854   9.2733   -3.4949
8.0387   9.2152   -3.5652
8.014    9.1867   -3.5758
7.8624   9.0411   -3.7602
7.794    8.9812   -3.9271
7.7061   8.8498   -4.0619
7.6396   8.7857   -4.1266
7.5552   8.6793   -4.2091
7.5113   8.6361   -4.2563
7.4497   8.5927   -4.2977
7.3943   8.5386   -4.3398
7.3487   8.4979   -4.3583














































































































































































5.1096   1.7824   -1.3805  R_PRAM
5.2106   1.7753   -1.5585
5.278    1.7614   -1.6851
5.3505   1.7299   -1.8649
5.4056   1.7122   -2.0229
5.467    1.7132   -2.3315
5.4984   1.6963   -2.5062
5.5472   1.7192   -2.7224
5.5849   1.7387   -2.9396
5.631    1.7925   -3.1399
5.6417   1.85     -3.3088
5.7104   1.8816   -3.536
5.7122   1.9452   -3.6638
5.7002   2.0461   -3.8752
5.7182   2.1346   -4.043
5.7097   2.2386   -4.2186
5.7256   2.3362   -4.3304
5.7096   2.4935   -4.4912
5.7999   2.6914   -4.7134
5.8318   2.8511   -4.8403
5.8888   3.1166   -4.9874
5.9751   3.3539   -5.0571
6.0774   3.6295   -5.1027
6.1777   3.8328   -5.1352
6.2922   4.0162   -5.1529
6.3736   4.1495   -5.1463
6.4004   4.2059   -5.119
6.4571   4.3148   -5.1204
6.4991   4.4043   -5.0958











































































































































































1.0872   5.3266   -1.3381  L_PRAM
1.0655   5.3876   -1.4605
1.0312   5.4828   -1.5943
1.0125   5.5773   -1.7728
1.0063   5.6516   -2.0085
1.0114   5.7029   -2.1992
1.0178   5.7439   -2.4103
1.018    5.7764   -2.6106
1.0338   5.8289   -2.759
1.0507   5.8909   -3.0002
1.0733   5.9217   -3.2093
1.0886   5.9839   -3.3299
1.1164   6.0175   -3.4947
1.1602   6.0415   -3.6856
1.2006   6.0497   -3.8624
1.2135   6.0209   -3.9383
1.3716   6.0888   -4.1849
1.5567   6.1319   -4.4392
1.7161   6.1996   -4.5911
1.8758   6.2503   -4.7209
2.0291   6.355    -4.8573
2.2353   6.451    -4.9545
2.4495   6.59     -5.042
2.6601   6.7304   -5.061
2.8296   6.807    -5.0787
2.9081   6.8008   -5.0714
3.1028   6.9379   -5.0839
3.2895   7.0634   -5.0755
3.4153   7.1312   -5.0672
3.5243   7.1972   -5.053










































































































































































6.4912   4.4268   -5.0894  ARC
6.5706   4.6412   -5.0438
6.6349   4.8733   -5.0153
6.7225   4.936    -5.0615
6.7906   5.082    -5.0686
6.8698   5.2495   -5.0961
6.9381   5.42     -5.0972
6.9955   5.6192   -5.0923
7.1035   5.8281   -5.1097
7.1807   6.0198   -5.0931
7.2157   6.1664   -5.0732
7.2998   6.3711   -5.0525
7.3916   6.5543   -5.0253
7.4672   6.7736   -4.9939
7.5042   6.967    -4.9648
7.5637   7.1545   -4.9006
7.6104   7.345    -4.8609
7.623    7.4927   -4.8027
7.6299   7.6684   -4.7293
7.6285   7.7747   -4.6619
7.617    7.8854   -4.5705
7.6021   8.0155   -4.5056
7.6055   8.1941   -4.4461
7.5814   8.3107   -4.4142
7.5583   8.4196   -4.3909
7.5427   8.5382   -4.3391
7.3261   8.4768   -4.3756
7.1051   8.5489   -4.4495
6.7626   8.5316   -4.6251
6.5096   8.513    -4.7593
6.2036   8.4132   -4.8599
5.9086   8.308    -4.9429
5.6451   8.199    -5.0036
5.4675   8.1577   -5.0394
5.2413   8.0726   -5.073
5.0728   7.9812   -5.0929
5.1791   7.9359   -5.0682
4.9721   7.8518   -5.069
4.7045   7.7406   -5.0975
4.4419   7.6525   -5.079
4.2208   7.4794   -5.0714
4.0247   7.3802   -5.0491
3.835    7.2593   -5.0379
3.7004   7.1615   -5.027
3.6281   7.1203   -5.0278
3.5443   7.0693   -5.0291
