AMNH     119761   laj3cms6
9.4213   11.0644  -2.6153  IS
10.4253  12.2464  -3.2525  ID
9.9008   12.4856  -3.0455  R_I12
9.4121   12.1941  -3.2844  R_I2C
8.9295   11.8979  -3.227   R_CP3
8.3523   11.217   -3.3017  R_P34
7.9903   10.8404  -3.1855  R_P4M1
7.5488   10.3492  -3.1438  R_M12
7.0855   9.8189   -3.0329  R_M23
6.4621   9.0936   -2.9458  R_DM3
9.0372   11.7326  -1.5369  R_MF
8.384    11.264   -1.8548  R_PCF
6.3796   10.2726  -1.9852  R_CB
7.199    9.6786   -2.7779  R_CL
3.9539   9.3362   -5.4437  R_COR
3.6558   8.6202   -4.5592  R_NOT
2.5635   8.3067   -4.5992  R_CND
10.7576  11.7466  -3.204   L_I12
10.465   11.2714  -3.3583  L_I2C
10.2672  10.7729  -3.287   L_CP3
9.8535   10.0414  -3.3568  L_P34
9.5278   9.6391   -3.3536  L_P4M1
9.1543   9.1394   -3.2719  L_M12
8.6628   8.5403   -3.1931  L_M23
8.199    7.7984   -3.018   L_DM3
10.2319  10.665   -1.5298  L_MF
9.9579   10.2417  -1.939   L_PCF
9.3104   7.927    -2.164   L_CB
8.4932   8.5127   -2.7372  L_CL
8.8487   5.3593   -5.5437  L_COR
8.2704   5.0605   -4.6567  L_NOT
8.2042   3.6891   -4.6628  L_CND
9.4484   12.0056  -2.1824  O1
6.9457   10.5683  -2.2119  O2
8.6477   6.1327   -2.6548  O3
3.7574   8.5506   -2.7319  O4








































10.324   12.2894  -3.5415  I_SYM
10.2501  12.1703  -3.4348
10.1876  12.0387  -3.4146
10.084   11.907   -3.3724
10.0036  11.8096  -3.328
9.8958   11.6823  -3.2354
9.7927   11.5503  -3.1475
9.727    11.4484  -3.0447
9.6413   11.351   -2.9494
9.575    11.2805  -2.8846
9.5011   11.1861  -2.8104
9.4633   11.1104  -2.7442
9.4058   11.0679  -2.5635
9.4153   11.0447  -2.4698
9.4322   11.0117  -2.3615
9.4406   11.0277  -2.3061
9.4289   11.0304  -2.1533
9.3529   10.9637  -2.0584
9.2945   10.8739  -2.049
9.2257   10.7887  -2.04
9.1358   10.6641  -1.9852
9.1114   10.5812  -1.9283
9.0108   10.5147  -1.8823
8.9527   10.4541  -1.8016
8.946    10.434   -1.5979
8.8973   10.3596  -1.4827
8.9061   10.3621  -1.4238
8.9192   10.3593  -1.2884
8.9453   10.4112  -1.1194
9.0474   10.5292  -0.9701
9.1369   10.6032  -0.8731









































































































































































3.9141   9.3238   -5.459   R_RAM
4.1896   9.4705   -5.3831
4.3738   9.5004   -5.2683
4.5335   9.5372   -5.1538
4.7037   9.5832   -4.9665
4.8028   9.6206   -4.8214
4.8857   9.6514   -4.6663
5.0029   9.6836   -4.4623
5.0904   9.7008   -4.3439
5.1534   9.7203   -4.1598
5.2238   9.714    -3.9562
5.2653   9.7253   -3.7788
5.3168   9.7423   -3.531
5.4285   9.7578   -3.2876
5.4817   9.7755   -3.052
5.5528   9.8262   -2.8112
5.6215   9.8719   -2.5912
5.7432   9.9212   -2.3637
5.8617   9.9803   -2.1741
5.9184   10.0496  -2.0728
5.9541   10.0982  -1.999



















































































































































































8.8502   5.3097   -5.583   L_RAM
8.8624   5.5783   -5.4946
8.9165   5.7808   -5.3625
8.9119   5.9734   -5.1947
8.9561   6.1421   -4.989
8.9656   6.2604   -4.8098
8.9911   6.3772   -4.5937
8.9696   6.4694   -4.4377
8.9938   6.5499   -4.2392
8.9876   6.665    -3.9901
8.9883   6.7353   -3.7173
9.0006   6.8076   -3.4774
9.0579   6.8962   -3.1965
9.0489   6.9322   -3.028
9.0623   7.0504   -2.7924
9.109    7.0876   -2.5992
9.1546   7.1487   -2.4386
9.2079   7.2345   -2.2899
9.2522   7.2544   -2.1685
9.2877   7.3011   -2.0149




















































































































































































8.9506   10.3455  -3.6883  MMF
8.4303   9.6502   -4.0718  GNA
9.7818   10.3531  -2.7162  O1
8.9668   7.7133   -2.9695  O2
4.135    8.2428   -2.8649  O3
7.6844   4.0999   -2.7474  O4




9.7247   11.2845  -1.6174  E_SYM
9.666    11.2811  -1.8081
9.6588   11.2619  -2.0305
9.6227   11.2266  -2.1554
9.5811   11.1996  -2.2509
9.5656   11.1744  -2.3863
9.5367   11.1507  -2.5146
9.4616   11.0823  -2.7235
9.4227   11.0162  -2.826
9.3595   10.9402  -2.951
9.3198   10.8431  -3.0599
9.2301   10.7566  -3.1671
9.1436   10.6727  -3.2908
9.0546   10.5708  -3.4228
8.9833   10.4736  -3.6032
8.9069   10.3253  -3.7681
8.7692   10.1943  -3.8867
8.6553   9.9684   -4.0079
8.521    9.7319   -4.0984
8.4238   9.6202   -4.1089
8.3261   9.6388   -4.0162



















































































































































































6.5624   3.2993   -1.3526  R_PRAM
6.7311   3.2273   -1.5176
6.8626   3.258    -1.667
6.9765   3.2962   -1.8398
7.0594   3.3117   -2.074
7.1392   3.3252   -2.2664
7.2304   3.3747   -2.5249
7.2826   3.4232   -2.7633
7.391    3.4942   -3.0898
7.4307   3.5795   -3.3642
7.4208   3.6826   -3.6799
7.3982   3.8189   -3.9045
7.3288   4.0374   -4.1294
7.2954   4.2382   -4.2784
7.3349   4.4612   -4.4412
7.3866   4.626    -4.5191
7.4298   4.7253   -4.5783
7.4859   4.8668   -4.6313
7.59     5.1101   -4.7089
7.7062   5.3223   -4.7532
7.8276   5.5335   -4.7838
7.9672   5.7781   -4.7577
8.0696   5.9442   -4.7506
8.1157   6.0701   -4.7309
8.211    6.2409   -4.6916
8.2789   6.4063   -4.673
8.3425   6.5128   -4.6493













































































































































































2.6041   6.2165   -1.4087  L_PRAM
2.5471   6.3543   -1.5235
2.5065   6.479    -1.6363
2.4899   6.5878   -1.8003
2.5053   6.7229   -1.9979
2.4776   6.8693   -2.2232
2.5486   6.9586   -2.4052
2.5698   7.0113   -2.619
2.606    7.1055   -2.8812
2.6325   7.1774   -3.0713
2.6959   7.2326   -3.3248
2.7374   7.2877   -3.4941
2.7923   7.387    -3.7091
2.8724   7.2677   -3.87
3.0346   7.1916   -4.076
3.1964   7.1673   -4.2239
3.3997   7.1844   -4.3795
3.5679   7.2565   -4.4979
3.7149   7.3647   -4.5848
3.7939   7.3897   -4.6227
4.0053   7.5598   -4.7036
4.2031   7.732    -4.7427
4.3868   7.8766   -4.7747
4.5829   8.1502   -4.7632
4.7334   8.3137   -4.7374
4.8988   8.5449   -4.6881
5.1235   8.7265   -4.6526
5.2229   8.793    -4.6407












































































































































































8.3886   6.6577   -4.6644  ARC
8.473    6.9084   -4.6688
8.5732   7.1823   -4.6669
8.6495   7.4457   -4.6451
8.7145   7.736    -4.5943
8.7395   8.0527   -4.5539
8.7962   8.4938   -4.4737
8.8368   8.8918   -4.3613
8.7824   9.1645   -4.2738
8.7787   9.3951   -4.199
8.6856   9.5277   -4.1325
8.5297   9.6235   -4.1159
8.3852   9.7498   -4.0985
8.1931   9.7809   -4.1091
7.9731   9.8624   -4.2077
7.733    9.7797   -4.2724
7.475    9.7526   -4.3487
7.215    9.6854   -4.4118
6.9306   9.5431   -4.4746
6.6811   9.4573   -4.5175
6.4327   9.3537   -4.5622
6.2164   9.245    -4.5947
5.9661   9.1185   -4.6012
5.6725   8.9079   -4.6237
5.4743   8.8286   -4.6222
5.4071   8.8147   -4.6398
