AMNH     52626    laj34ms.xls
8.9913   10.2649  -3.0237  IS
10.0857  11.1301  -3.4137  ID
9.5471   11.4265  -3.362   R_I12
9.0008   11.0728  -3.452   R_I2C
8.6055   10.9692  -3.4643  R_CP3
8.1742   10.7153  -3.4789  R_P34
7.7734   10.4419  -3.4971  R_P4M1
7.2885   10.0849  -3.4862  R_M12
6.7406   9.6349   -3.4789  R_M23
5.9143   9.4051   -3.6755  R_DM3
8.3882   10.7651  -2.0827  R_MF
7.8315   10.5315  -2.5077  R_PCF
6.2306 10.2413 -2.8264 R_CB
6.749 9.6493 -2.9596 R_CL
4.2822   10.1062  -5.7993  R_COR
4.1388   9.6789   -5.2136  R_NOT
3.1818   9.5401   -5.2394  R_CND
10.2106  10.5835  -3.3481  L_I12
9.8291   10.1584  -3.4258  L_I2C
9.6442   9.7648   -3.414   L_CP3
9.2451   9.4201   -3.4799  L_P34
8.9058   9.1319   -3.4664  L_P4M1
8.4576   8.6281   -3.4487  L_M12
7.8846   8.1716   -3.4588  L_M23
7.4847   7.4328   -3.5651  L_DM3
9.2663   9.6756   -2.0436  L_MF
8.9742   9.2223   -2.4122  L_PCF
8.4828 7.8024 -2.8779 L_CB
7.9234 8.2979 -2.9851 L_CL
8.1657   5.9128   -5.8259  L_COR
7.6061   5.7653   -5.2182  L_NOT
7.3886   4.922    -5.3653  L_CND
8.9885   11.1939  -2.6817  O1
6.7541   10.4195  -2.8929  O2
7.959    6.8221   -2.4755  O3
4.0782   9.5268   -3.9489  O4








































10.0573  11.147   -3.4508  I_SYM
9.9483   11.0543  -3.4542
9.8652   11.0009  -3.4522
9.7634   10.9086  -3.4499
9.6745   10.836   -3.4449
9.5873   10.7544  -3.4168
9.4887   10.6724  -3.3592
9.398    10.5875  -3.2936
9.3294   10.5076  -3.2421
9.2412   10.438   -3.1852
9.1902   10.388   -3.1504
9.1173   10.3103  -3.1095
9.0629   10.2637  -3.0694
9.032    10.2319  -3.026
8.9356   10.2471  -2.9265
8.9509   10.2228  -2.8295
8.9241   10.2286  -2.7051
8.8921   10.2384  -2.5938
8.8205   10.1434  -2.518
8.7311   10.081   -2.4669
8.6699   10.0479  -2.4266
8.6219   10.0142  -2.3845
8.582    10.0121  -2.1905
8.5031   9.9291   -2.1385
8.4515   9.8905   -2.099
8.4355   9.8651   -2.0464
8.4257   9.858    -1.944
8.4479   9.9068   -1.8491
8.5237   9.939    -1.7424











































































































































































4.2343   10.1161  -5.7941  R_RAM
4.3296   10.2264  -5.7668
4.4336   10.2986  -5.793
4.5779   10.3626  -5.769
4.724    10.3845  -5.7075
4.9051   10.396   -5.5663
5.051    10.3921  -5.3059
5.1716   10.3937  -5.1245
5.2929   10.3719  -4.9358
5.3879   10.3179  -4.7328
5.4537   10.2839  -4.5481
5.5167   10.2285  -4.3774
5.5874   10.1562  -4.1526
5.6186   10.1411  -3.9985
5.6445   10.1083  -3.6813
5.6792   10.1125  -3.4732
5.6898   10.1216  -3.2964
5.6954   10.1056  -3.1859
5.7138   10.1236  -3.0757





















































































































































































8.126    5.8502   -5.8327  L_RAM
8.2261   5.9711   -5.8382
8.3164   6.1093   -5.7713
8.3607   6.2531   -5.6966
8.4173   6.3812   -5.5876
8.4475   6.5149   -5.4071
8.428    6.6243   -5.2603
8.4378   6.7087   -5.074
8.4127   6.7489   -4.9872
8.4051   6.8088   -4.8348
8.2567   7.1417   -3.9475
8.2714   7.1948   -3.595
8.2955   7.2584   -3.34
8.3067   7.2699   -3.2068
8.3094   7.3179   -3.0659

























































































































































































7.5863   9.2395   -3.4631  MMF
7.0298   8.6087   -3.9815  GNA
8.19     9.0364   -2.9205  O1
7.1542   7.0113   -2.8078  O2
3.605    8.5199   -3.308   O3
5.8648   4.4331   -1.8393  O4




8.278    9.955    -2.2923  E_SYM
8.2348   9.9509   -2.4439
8.2334   9.9055   -2.5987
8.1344   9.8122   -2.7562
8.0755   9.7364   -2.9256
8.0243   9.7109   -2.9979
7.9736   9.6601   -3.0718
7.8679   9.5517   -3.1879
7.7927   9.4778   -3.2626
7.7227   9.4039   -3.3282
7.6734   9.3786   -3.3544
7.6146   9.2746   -3.4516
7.5331   9.2027   -3.5443
7.4279   9.1263   -3.6211
7.3115   9.0726   -3.6908
7.245    9.026    -3.7506
7.1515   8.9324   -3.8316
7.0807   8.8473   -3.899
6.9725   8.7237   -3.9717
6.9155   8.6352   -4.0075
6.8409   8.6078   -4.0064



















































































































































































5.2025   3.7873   -0.756   R_PRAM
5.2516   3.7959   -0.9452
5.2817   3.7895   -1.1348
5.3358   3.8335   -1.4131
5.3699   3.8592   -1.5872
5.4009   3.8757   -1.7361
5.43     3.8775   -1.9032
5.4429   3.8842   -2.1037
5.4674   3.9166   -2.3258
5.4779   3.9606   -2.5237
5.476    3.9967   -2.7429
5.4762   4.0642   -2.9083
5.461    4.2157   -3.1242
5.4426   4.3148   -3.2617
5.491    4.4821   -3.4798
5.5463   4.6197   -3.5992
5.6698   4.8203   -3.7611
5.7745   5.0436   -3.8755
5.8588   5.1215   -3.9353
5.9407   5.225    -3.9482
6.0513   5.3584   -3.997
6.135    5.4838   -4.0259
6.1967   5.5958   -4.0261
6.2698   5.6932   -4.044
6.3161   5.7574   -4.035















































































































































































1.9205   7.4553   -0.7376  L_PRAM
1.9082   7.547    -0.8768
1.9142   7.5887   -1.0829
1.9689   7.6316   -1.2816
1.9731   7.6764   -1.5052
2.0197   7.7137   -1.7283
2.043    7.6824   -1.9611
2.0752   7.6889   -2.1558
2.0921   7.6971   -2.4186
2.0797   7.7244   -2.6438
2.165    7.6285   -2.8626
2.2737   7.5881   -3.1093
2.4101   7.5757   -3.3249
2.5562   7.579    -3.5346
2.7679   7.6353   -3.7139
2.9257   7.6945   -3.8133
3.0148   7.717    -3.81
3.2628   7.8425   -3.9331
3.4832   7.9512   -4.0161
3.6326   8.046    -4.0481
3.8097   8.1488   -4.0692
3.9486   8.2315   -4.0804
4.0254   8.278    -4.0785

















































































































































































6.3285   5.7795   -4.0392  ARC
6.413    5.9209   -4.0326
6.4872   6.0921   -4.0376
6.594    6.273    -4.0571
6.6847   6.5301   -4.0839
6.7669   6.8046   -4.109
6.8359   6.9877   -4.1195
6.9002   7.1819   -4.122
6.9735   7.3671   -4.1467
7.0106   7.5528   -4.1313
7.0473   7.7657   -4.1115
7.0708   7.9856   -4.0695
7.0937   8.1568   -4.0489
7.0977   8.2837   -4.0283
7.1133   8.4647   -4.0242
7.0903   8.5674   -4.0042
7.0315   8.6493   -3.9993
6.7415   8.6698   -4.021
6.4783   8.6914   -4.0726
6.2871   8.6708   -4.0823
6.0621   8.6142   -4.1074
5.8077   8.5725   -4.1312
5.5002   8.5053   -4.1219
5.2487   8.4604   -4.1085
4.9469   8.3848   -4.1133
4.7326   8.3479   -4.0788
4.5343   8.2935   -4.0506
4.2985   8.2318   -4.042
4.1747   8.1731   -4.0263
4.0373   8.124    -4.0324
3.9388   8.0995   -4.0324
