AMNH     119761   laj3cms2
9.4757   11.1749  -2.7425  IS
10.569   12.4616  -3.7835  ID
9.979    12.5877  -3.2897  R_I12
9.4633   12.2553  -3.4616  R_I2C
8.9497   11.9772  -3.3895  R_CP3
8.3855   11.2893  -3.4219  R_P34
8.0696   10.9176  -3.2912  R_P4M1
7.6561   10.4689  -3.2224  R_M12
7.1673   9.8836   -3.0755  R_M23
6.5396   9.219    -2.9662  R_DM3
9.1346   11.8382  -1.7     R_MF
8.608    11.4697  -1.9593  R_PCF
6.4611   10.4017  -2.1013  R_CB
7.2278   9.7637   -2.8871  R_CL
3.9412   9.4029   -5.3793  R_COR
3.6727   8.709    -4.4563  R_NOT
2.6079   8.3893   -4.4961  R_CND
10.8236  11.8647  -3.3805  L_I12
10.483   11.3922  -3.5229  L_I2C
10.3252  10.8765  -3.4615  L_CP3
9.8633   10.069   -3.4617  L_P34
9.5023   9.6747   -3.4343  L_P4M1
9.1647   9.1708   -3.3557  L_M12
8.7198   8.5601   -3.1594  L_M23
8.2531   7.8519   -3.051   L_DM3
10.3538  10.8277  -1.7334  L_MF
10.0589  10.3936  -2.0943  L_PCF
9.4032   8.0832   -2.2705  L_CB
8.5999   8.6494   -2.5149  L_CL
8.8569   5.4565   -5.5272  L_COR
8.3176   5.0497   -4.5925  L_NOT
8.2446   3.7154   -4.5158  L_CND
9.5873   12.1657  -2.3848  O1
7.0356   10.6931  -2.2677  O2
8.7524   6.2395   -2.5907  O3
3.7828   8.6186   -2.7074  O4








































10.4132  12.3937  -3.8029  I_SYM
10.354   12.332   -3.7154
10.2913  12.2091  -3.6297
10.1904  12.1033  -3.591
10.1268  12.0027  -3.5537
10.0596  11.9358  -3.5128
9.9853   11.8307  -3.4458
9.9301   11.7568  -3.3864
9.8414   11.6134  -3.3085
9.7459   11.4993  -3.1722
9.6759   11.4015  -3.0708
9.5901   11.3274  -2.9981
9.5348   11.2319  -2.9079
9.4958   11.1783  -2.8258
9.4768   11.1662  -2.6799
9.4601   11.1473  -2.6472
9.5027   11.1633  -2.4725
9.4857   11.1255  -2.2548
9.4021   10.992   -2.2045
9.3216   10.8561  -2.1596
9.2114   10.7723  -2.1
9.1252   10.6607  -2.0473
9.0639   10.5817  -1.9368
9.035    10.5045  -1.8615
9.0379   10.5872  -1.6801
8.9952   10.5064  -1.623
8.9877   10.5064  -1.5345
8.952    10.511   -1.4192
8.9641   10.5466  -1.3448
9.0425   10.5924  -1.2051
9.1321   10.6678  -1.0668









































































































































































3.9371   9.3876   -5.4046  R_RAM
4.1346   9.4546   -5.3406
4.3455   9.5267   -5.2236
4.5816   9.5748   -5.0949
4.6818   9.609    -4.9617
4.7764   9.6183   -4.8526
4.8647   9.6557   -4.7396
4.9636   9.7003   -4.5741
5.1007   9.7422   -4.388
5.1551   9.7617   -4.2339
5.2056   9.7798   -4.0242
5.2911   9.798    -3.8258
5.3189   9.803    -3.6501
5.3795   9.815    -3.4798
5.4384   9.8296   -3.3242
5.4816   9.8576   -3.1864
5.5154   9.8748   -3.0349
5.6184   9.9108   -2.8531
5.6731   9.9347   -2.7333
5.7196   9.9645   -2.6066
5.7971   10.0103  -2.4534
5.8575   10.0592  -2.3117
5.9096   10.0807  -2.2348
5.9634   10.126   -2.1488
6.0141   10.2069  -2.0327















































































































































































8.8678   5.4123   -5.522   L_RAM
8.9108   5.616    -5.4613
8.9462   5.7704   -5.3956
8.9689   5.9715   -5.2576
8.99     6.1021   -5.1228
9.0106   6.2038   -5.0067
9.0112   6.326    -4.8523
9.0275   6.4352   -4.6832
9.0501   6.5324   -4.5507
9.0548   6.6246   -4.3662
9.0841   6.7046   -4.1725
9.1004   6.79     -3.9876
9.0717   6.7925   -3.7383
9.0703   6.8634   -3.5498
9.0694   6.9387   -3.4111
9.0777   7.0131   -3.2603
9.105    7.069    -3.0361
9.1385   7.1183   -2.8867
9.1583   7.1709   -2.7629
9.2031   7.217    -2.4872
9.252    7.3018   -2.4137
9.2846   7.3775   -2.3009
9.3238   7.3879   -2.2287
9.3791   7.4798   -2.0969
















































































































































































8.8312   10.0178  -3.7783  MMF
8.2536   9.399    -4.1203  GNA
9.6784   10.1746  -2.8297  O1
8.7864   7.4087   -3.037   O2
4.0098   8.047    -2.9366  O3
7.3958   3.7593   -2.7401  O4




9.6873   10.9917  -1.5324  E_SYM
9.6578   10.9056  -1.6477
9.609    10.8846  -1.7741
9.6151   10.8744  -1.9235
9.6195   10.8681  -2.0973
9.5445   10.8693  -2.1938
9.4918   10.8546  -2.3499
9.4555   10.8208  -2.5069
9.4582   10.744   -2.677
9.4077   10.697   -2.8038
9.3586   10.6258  -2.9279
9.2806   10.571   -3.0225
9.2625   10.5158  -3.084
9.153    10.4232  -3.2348
9.0781   10.3945  -3.3143
8.9846   10.2706  -3.4504
8.9324   10.2258  -3.5034
8.916    10.1495  -3.5823
8.824    10.0024  -3.7672
8.7554   9.9377   -3.8916
8.6819   9.8359   -3.97
8.6003   9.7378   -4.0268
8.5042   9.6159   -4.0707
8.434    9.5245   -4.1223
8.3753   9.4237   -4.1616
8.317    9.3507   -4.1687
8.2647   9.2929   -4.1675













































































































































































6.2641   3.0488   -1.281   R_PRAM
6.4332   3.0084   -1.4353
6.5744   3.0017   -1.6065
6.6999   2.9885   -1.8245
6.8027   2.9959   -2.0667
6.8957   3.0533   -2.2972
6.9329   3.0744   -2.455
6.9939   3.123    -2.6219
7.0507   3.1707   -2.8557
7.094    3.199    -3.0672
7.0969   3.2922   -3.2106
7.1386   3.2738   -3.3923
7.1746   3.3333   -3.5578
7.1826   3.4086   -3.7438
7.144    3.4763   -3.8556
7.0997   3.5605   -3.9424
7.0581   3.6381   -4.0256
7.0554   3.7314   -4.0791
7.031    3.803    -4.1789
7.0451   3.9038   -4.2891
7.0479   4.0088   -4.361
7.0713   4.0956   -4.4224
7.0968   4.2228   -4.4684
7.1243   4.3371   -4.5231
7.1756   4.4387   -4.5675
7.2064   4.5487   -4.6063
7.2497   4.6867   -4.6794
7.3336   4.7835   -4.724
7.3964   4.9159   -4.7503
7.4683   5.0804   -4.7743
7.5364   5.1949   -4.7933
7.6502   5.3416   -4.7877
7.7528   5.5035   -4.783
7.8572   5.6522   -4.7623
7.8623   5.6753   -4.7557
7.9318   5.7537   -4.7519
7.9792   5.868    -4.7286
8.0426   6.0113   -4.7152
8.1119   6.1272   -4.6943
8.1243   6.1635   -4.6807
































































































































































2.3969   6.1231   -1.3986  L_PRAM
2.3897   6.2249   -1.482
2.3638   6.3441   -1.5801
2.3433   6.4135   -1.6962
2.3531   6.4958   -1.8329
2.3395   6.5775   -1.9577
2.3307   6.6558   -2.1022
2.3224   6.7281   -2.2428
2.3385   6.7671   -2.3706
2.3197   6.7951   -2.5039
2.3494   6.849    -2.6399
2.3926   6.909    -2.7962
2.4275   6.9793   -3.0199
2.4499   6.9987   -3.1856
2.5062   7.0387   -3.3565
2.5758   7.0557   -3.6327
2.6566   7.0752   -3.8099
2.8115   7.0376   -4.0414
2.917    6.999    -4.1419
3.0635   7.0022   -4.2635
3.1774   7.0621   -4.3418
3.3207   7.0555   -4.4508
3.4282   7.1255   -4.5203
3.5917   7.1982   -4.5965
3.741    7.3214   -4.6701
3.8065   7.4106   -4.7027
3.9497   7.5089   -4.7417
4.0301   7.5944   -4.75
4.1771   7.7164   -4.7688
4.3082   7.8376   -4.7727
4.4465   7.9777   -4.7721
4.5675   8.1087   -4.7461
4.7053   8.278    -4.7092
4.8227   8.4204   -4.6812
4.9761   8.5142   -4.6811
5.0916   8.5518   -4.6687




































































































































































8.1794   6.3718   -4.6851  ARC
8.2284   6.5423   -4.6966
8.2666   6.6853   -4.7043
8.3186   6.819    -4.6975
8.3535   6.9759   -4.6964
8.3845   7.1479   -4.6732
8.4361   7.3092   -4.6595
8.4465   7.3767   -4.6534
8.4629   7.4978   -4.6225
8.5226   7.6336   -4.6147
8.5177   7.7152   -4.6026
8.5563   7.8475   -4.5872
8.5739   7.9894   -4.5542
8.6114   8.1402   -4.5377
8.6431   8.3342   -4.4798
8.6458   8.4945   -4.4468
8.6656   8.6366   -4.4057
8.6324   8.7727   -4.3792
8.6415   8.8824   -4.3174
8.5911   9.0125   -4.2662
8.5411   9.1428   -4.2152
8.3713   9.3004   -4.1931
8.2269   9.4327   -4.1552
8.0614   9.5209   -4.2114
7.8405   9.6171   -4.2941
7.6171   9.5359   -4.3425
7.3485   9.4873   -4.4164
7.2086   9.4143   -4.4599
7.0377   9.3581   -4.4918
6.7966   9.2854   -4.5454
6.5536   9.2032   -4.5802
6.3636   9.1265   -4.6209
6.1831   9.0865   -4.6245
5.9962   9.0197   -4.6354
5.8052   8.9266   -4.6525
5.6026   8.8117   -4.6611
5.408    8.6883   -4.652
5.2773   8.6134   -4.6727
5.2066   8.5741   -4.6741
