AMNH     119761   laj3msm5.xls
14.2514  10.3093  -2.6563  IS
15.5347  11.469   -3.3139  ID
15.0126  11.7098  -3.2924  R_I12
14.3942  11.4042  -3.2466  R_I2C
13.8633  11.1519  -3.2195  R_CP3
13.2215  10.5495  -3.3789  R_P34
12.8793  10.2207  -3.3203  R_P4M1
12.4546  9.8233   -3.3238  R_M12
11.8917  9.2765   -3.2512  R_M23
11.3146  8.7367   -3.2368  R_DM3
13.9656  10.9016  -1.6447  R_MF
13.1536  10.4618  -2.068   R_PCF
11.1877  9.7431   -2.2739  R_CB
11.8726  9.0948   -2.6937  R_CL
8.7497   9.0803   -5.8277  R_COR
8.3301   8.3259   -5.0738  R_NOT
7.3415   8.2208   -5.2476  R_CND
15.7209  10.929   -3.2295  L_I12
15.2851  10.3659  -3.2933  L_I2C
15.0873  9.8497   -3.2667  L_CP3
14.6106  9.2077   -3.3593  L_P34
14.2109  8.8443   -3.356   L_P4M1
13.8196  8.3311   -3.3703  L_M12
13.3068  7.7666   -3.2623  L_M23
12.7668  7.0515   -3.2834  L_DM3
15.0032  9.9927   -1.6708  L_MF
14.606   9.336    -2.0682  L_PCF
13.921   7.409    -2.4229  L_CB
13.1717  7.8553   -2.8119  L_CL
13.4312  4.85     -5.8416  L_COR
12.6574  4.4087   -4.9688  L_NOT
12.5963  3.2869   -5.1231  L_CND
14.4675  11.3017  -2.2564  O1
11.962   10.1285  -2.5511  O2
13.1797  5.6626   -2.5018  O3
8.3935   8.2912   -3.2607  O4








































15.365   11.4944  -3.4699  I_SYM
15.2504  11.3834  -3.3774
15.206   11.3065  -3.3581
15.1525  11.2079  -3.3401
15.0744  11.1511  -3.3169
15.0245  11.0722  -3.3007
14.9064  10.9949  -3.2484
14.8236  10.8667  -3.1894
14.765   10.817   -3.1594
14.7093  10.7271  -3.1087
14.6213  10.6426  -3.04
14.5665  10.5749  -2.9851
14.4893  10.5001  -2.9284
14.4339  10.4505  -2.861
14.3582  10.3264  -2.7917
14.2813  10.2633  -2.6943
14.239   10.2721  -2.5516
14.1872  10.2791  -2.487
14.1891  10.2602  -2.4074
14.2107  10.3059  -2.3242
14.187   10.2796  -2.2083
14.1163  10.1689  -2.1115
13.9895  10.0822  -2.0901
13.93    9.9981   -2.077
13.8745  9.949    -2.0504
13.838   9.8917   -2.0544
13.7738  9.8011   -2.0161
13.7261  9.7435   -1.971
13.6663  9.6821   -1.9138
13.6298  9.6512   -1.821
13.6093  9.6834   -1.6667
13.5447  9.5918   -1.5709
13.5405  9.5845   -1.5169
13.5458  9.6046   -1.4088
13.5334  9.6046   -1.381
13.5508  9.6173   -1.3305
13.5828  9.6186   -1.2055



































































































































































8.7561   9.1407   -5.8822  R_RAM
8.8953   9.1784   -5.8917
9.0523   9.194    -5.8661
9.2081   9.2247   -5.7577
9.3565   9.2529   -5.6335
9.534    9.311    -5.4121
9.621    9.3174   -5.268
9.7424   9.3471   -5.0667
9.8252   9.3708   -4.8738
9.9226   9.3655   -4.7499
9.9615   9.381    -4.5873
10.0309  9.3612   -4.3842
10.0324  9.3531   -4.3048
10.1272  9.3332   -3.8385
10.1731  9.3426   -3.6788
10.1919  9.3779   -3.4089
10.2253  9.3664   -3.2652
10.2694  9.3792   -3.0429
10.3318  9.397    -2.8674
10.3724  9.4229   -2.7793
10.4337  9.4476   -2.653
10.4765  9.4605   -2.558
10.5283  9.4992   -2.4646
10.5565  9.5094   -2.3977
10.5754  9.5411   -2.3228
10.6325  9.5773   -2.2743














































































































































































13.4487  4.801    -5.798   L_RAM
13.5052  4.94     -5.8428
13.5478  5.1178   -5.7449
13.5584  5.2565   -5.6557
13.5453  5.3529   -5.5794
13.5334  5.4332   -5.4941
13.5397  5.579    -5.3188
13.5487  5.7012   -5.1509
13.5447  5.8023   -4.9767
13.5559  5.9053   -4.7982
13.5505  5.9824   -4.6476
13.5627  6.0874   -4.4007
13.5775  6.1253   -4.1896
13.5689  6.17     -4.0725
13.5498  6.2229   -3.8709
13.546   6.3215   -3.4085
13.5547  6.366    -3.2532
13.5655  6.4257   -3.0056
13.5996  6.4362   -2.8062
13.63    6.4942   -2.6252
13.651   6.5407   -2.5319
13.7008  6.5882   -2.4166
13.7155  6.6081   -2.3403
13.7217  6.6166   -2.2845
















































































































































































13.2412  9.7906   -3.3542  MMF
12.5976  8.8523   -3.9703  GNA
14.0171  9.8449   -2.476   O1
13.2165  7.3976   -2.7069  O2
8.5212   7.894    -3.2926  O3
11.767   3.5238   -2.7806  O4




13.9188  10.4964  -1.4356  E_SYM
13.9051  10.5107  -1.5689
13.8762  10.5516  -1.6815
13.877   10.5568  -1.7709
13.8662  10.5088  -1.8794
13.8424  10.4804  -2.0211
13.8316  10.4536  -2.0975
13.7995  10.4367  -2.1997
13.7964  10.4042  -2.2784
13.7818  10.4155  -2.3173
13.7702  10.3943  -2.4114
13.7273  10.3671  -2.5035
13.6833  10.327   -2.6158
13.6351  10.3115  -2.6786
13.584   10.2768  -2.766
13.5643  10.2232  -2.8393
13.512   10.1636  -2.9117
13.4639  10.1392  -2.9627
13.4116  10.08    -3.0324
13.3935  10.0419  -3.0892
13.3333  9.9735   -3.1732
13.3006  9.9497   -3.2211
13.2596  9.9022   -3.2819
13.2386  9.8438   -3.3451
13.2202  9.7932   -3.3964
13.1907  9.764    -3.4843
13.185   9.7414   -3.4985
13.1157  9.6806   -3.5962
13.0689  9.5794   -3.7114
12.9997  9.5103   -3.7696
12.8977  9.3707   -3.8566
12.843   9.3113   -3.8868
12.7653  9.2198   -3.9195
12.7001  9.1266   -3.9787
12.637   9.0582   -3.9969
12.6191  9.0288   -3.9965
12.5667  8.9779   -4.0018
12.576   8.9529   -4.0043


































































































































































10.5962  2.4737   -1.4524  R_PRAM
10.767   2.4637   -1.5683
10.8799  2.4707   -1.702
10.9947  2.5138   -1.8583
11.104   2.5236   -2.012
11.2244  2.5828   -2.2268
11.3242  2.6221   -2.4493
11.3926  2.6683   -2.6188
11.4308  2.7535   -2.8465
11.4482  2.7805   -3.0239
11.5129  2.8597   -3.2633
11.5471  2.9091   -3.4127
11.574   2.9747   -3.6173
11.5337  3.0705   -3.816
11.5225  3.1765   -3.9494
11.4935  3.2787   -4.071
11.4296  3.4109   -4.2029
11.4205  3.5564   -4.3169
11.448   3.731    -4.4164
11.4395  3.814    -4.4839
11.479   3.9447   -4.5305
11.5471  4.0944   -4.5865
11.6251  4.2724   -4.6396
11.6595  4.3521   -4.6823
11.7211  4.4656   -4.7127
11.7631  4.5514   -4.7458
11.8327  4.6575   -4.7622
11.8853  4.7761   -4.7949
11.9473  4.916    -4.7824
12.0149  5.0288   -4.7885
12.0882  5.1443   -4.782
12.1604  5.2739   -4.7547
12.2465  5.3977   -4.7262
12.2886  5.4749   -4.7177
12.3578  5.5725   -4.6936
12.3855  5.6123   -4.6966
12.391   5.6148   -4.6838
12.4729  5.7485   -4.6723


































































































































































6.6264   5.6577   -1.5482  L_PRAM
6.6065   5.722    -1.6095
6.6014   5.8836   -1.7234
6.596    5.9506   -1.7892
6.5824   6.0168   -1.8878
6.5675   6.0868   -1.9714
6.5685   6.1643   -2.1232
6.5997   6.2665   -2.2632
6.6199   6.3362   -2.3686
6.6538   6.4132   -2.5436
6.6898   6.4465   -2.7088
6.7557   6.5251   -2.9009
6.7983   6.5568   -3.0532
6.815    6.5993   -3.2066
6.8385   6.6596   -3.2933
6.845    6.7151   -3.4082
6.8719   6.761    -3.5672
6.9196   6.7653   -3.675
6.9614   6.7634   -3.8046
7.025    6.7608   -3.9327
7.1136   6.7808   -4.0541
7.2149   6.6681   -4.1547
7.3379   6.6724   -4.233
7.4732   6.6662   -4.3553
7.6391   6.6847   -4.4739
7.7754   6.7332   -4.5415
7.9185   6.8064   -4.6426
8.0985   6.9632   -4.6876
8.2264   7.0821   -4.7348
8.3405   7.1595   -4.7772
8.5107   7.2847   -4.794
8.6246   7.3999   -4.811
8.7772   7.5511   -4.7809
8.8941   7.6562   -4.7813
9.0121   7.8144   -4.7464
9.1583   7.9744   -4.691
9.2782   8.1018   -4.672
9.3238   8.173    -4.6443
9.4755   8.2535   -4.6399

































































































































































12.5214  5.7876   -4.6524  ARC
12.5689  5.9054   -4.6386
12.5902  6.029    -4.6323
12.6204  6.1443   -4.6375
12.6519  6.3064   -4.6237
12.6895  6.4612   -4.6238
12.7076  6.603    -4.5937
12.7358  6.7657   -4.5701
12.7715  6.9156   -4.5556
12.8038  7.043    -4.5214
12.8522  7.2141   -4.4985
12.9048  7.3566   -4.4932
12.905   7.4872   -4.4449
12.9238  7.6606   -4.3976
12.9344  7.8142   -4.3521
12.9557  7.9189   -4.3397
12.9785  8.0843   -4.3077
12.9787  8.223    -4.2581
12.9866  8.3369   -4.2197
13.0098  8.461    -4.2038
13.0033  8.5526   -4.1629
12.9987  8.6448   -4.1302
12.9856  8.7633   -4.0945
12.9494  8.8052   -4.0571
12.9289  8.8594   -4.0409
12.8247  8.9323   -4.0364
12.7618  8.9816   -4.0135
12.6221  8.9819   -3.9597
12.5257  9.0359   -4.0131
12.371   9.1035   -4.0475
12.2241  9.143    -4.0997
12.0513  9.2091   -4.1813
11.8226  9.1376   -4.2357
11.6702  9.0816   -4.2883
11.4297  8.9558   -4.3478
11.1947  8.8665   -4.3992
10.9853  8.7858   -4.4614
10.77    8.7421   -4.4958
10.5393  8.6741   -4.5292
10.4079  8.5774   -4.5639
10.2779  8.5137   -4.5762
10.042   8.4216   -4.5989
9.9304   8.358    -4.613
9.8054   8.291    -4.6139
9.7004   8.2152   -4.6095
9.5762   8.1441   -4.6231
9.5391   8.1271   -4.6296
9.4769   8.139    -4.6383
9.3887   8.0404   -4.6638
