AMNH     52600    laj5ms.xls
6.338    10.1341  -2.9954  IS
7.3769   10.9228  -3.6816  ID
6.8504   11.2145  -3.6445  R_I12
6.332    11.0003  -3.4535  R_I2C
5.9429   10.9209  -3.492   R_CP3
5.5092   10.5909  -3.6636  R_P34
5.1646   10.2805  -3.6431  R_P4M1
4.6658   9.9121   -3.6293  R_M12
4.1458   9.48     -3.5787  R_M23
3.4486   9.0589   -3.5746  R_DM3
5.7954   10.6895  -2.0839  R_MF
5.3163   10.3251  -2.5345  R_PCF
3.6339 10.1511 -2.856 R_CB
4.2158 9.3802 -3.066 R_CL
1.7162   9.7786   -6.2192  R_COR
1.4767   9.2215   -5.2827  R_NOT
0.5875   9.0697   -5.4164  R_CND
7.6042   10.4217  -3.6289  L_I12
7.2562   9.978    -3.5171  L_I2C
7.1113   9.6693   -3.5304  L_CP3
6.7327   9.3046   -3.6395  L_P34
6.3917   8.9663   -3.6395  L_P4M1
6.0053   8.5508   -3.6123  L_M12
5.4932   8.0211   -3.5222  L_M23
4.9644   7.5236   -3.538   L_DM3
6.8504   9.5589   -2.0845  L_MF
6.4587   9.0907   -2.5845  L_PCF
6.0894 7.6121 -2.7819 L_CB
5.3998 8.1133 -2.9002 L_CL
5.431    5.4807   -6.2107  L_COR
4.995    5.3492   -5.2275  L_NOT
4.7288   4.4629   -5.3217  L_CND
6.6254   11.144   -2.9535  O1
4.4357   10.3479  -2.8754  O2
5.6477   6.6767   -2.4157  O3
1.4037   9.2043   -3.41    O4








































7.2645   10.898   -3.6883  I_SYM
7.178    10.824   -3.6415
7.1017   10.7755  -3.5961
7.0155   10.6836  -3.5449
6.898    10.5606  -3.4478
6.7941   10.4841  -3.3726
6.6822   10.3811  -3.2907
6.5928   10.2591  -3.2093
6.5117   10.165   -3.1597
6.4295   10.1086  -3.1015
6.3864   10.0734  -3.0502
6.3254   10.1509  -2.9253
6.3007   10.1402  -2.7621
6.3058   10.1852  -2.5954
6.26     10.127   -2.5416
6.1341   9.9824   -2.46
6.0516   9.8971   -2.4048
5.992    9.8663   -2.2842
6.0104   9.9187   -2.1054
6.058    9.9773   -2.0284
6.0212   9.9481   -1.9359
6.0419   9.9526   -1.8663


















































































































































































1.6987   9.7359   -6.2226  R_RAM
1.8724   9.7845   -6.2544
2.1085   9.8505   -6.1633
2.3092   9.8857   -5.9556
2.3813   9.8929   -5.7595
2.5347   9.9075   -5.4811
2.724    9.9087   -4.9738
2.8332   9.8811   -4.589
2.9342   9.8906   -3.6031
2.9659   9.9206   -3.3813
3.0332   9.9512   -3.2031
3.0382   9.9673   -3.1274




























































































































































































5.476    5.4442   -6.2481  L_RAM
5.5708   5.6414   -6.1891
5.6552   5.9039   -5.8825
5.7041   6.1448   -5.4686
5.7344   6.3332   -5.034
5.7197   6.4261   -4.746
5.7396   6.4839   -4.5287
5.6884   6.4885   -4.3475
5.6853   6.5435   -4.1316
5.7027   6.6075   -3.9653
5.6965   6.6211   -3.8113
5.7073   6.6532   -3.6842
5.7203   6.6614   -3.5617
5.7425   6.728    -3.4426
5.7399   6.7492   -3.3427

























































































































































































8.4787   11.4483  -3.4372  MMF
7.8985   10.8914  -3.9842  GNA
9.0875   11.237   -2.7238  O1
8.1243   9.1178   -3.1055  O2
4.4961   10.5813  -3.7066  O3
6.7661   6.1767   -2.8959  O4




8.8827   11.8012  -1.9926  E_SYM
8.8764   11.8289  -2.1457
8.8718   11.8413  -2.2521
8.8841   11.8298  -2.3753
8.8858   11.8266  -2.4543
8.8834   11.8036  -2.5725
8.8474   11.7868  -2.6771
8.8145   11.7525  -2.8411
8.7791   11.7148  -2.9908
8.7053   11.6387  -3.1011
8.6425   11.5956  -3.1883
8.5975   11.5278  -3.238
8.5472   11.5021  -3.2629
8.5007   11.445   -3.3655
8.4743   11.4138  -3.4965
8.3735   11.2892  -3.6247
8.2677   11.1569  -3.7556
8.1661   11.0516  -3.8384
8.0513   10.9495  -3.9272
8.0102   10.8905  -3.9811
7.9551   10.8459  -3.9968
7.9192   10.8414  -3.9961


















































































































































































5.7281   5.4848   -1.4977  R_PRAM
5.8267   5.5054   -1.6778
5.9434   5.5282   -1.8926
6.0942   5.5477   -2.2097
6.2723   5.5685   -2.8096
6.3536   5.6427   -3.1505
6.4197   5.7933   -3.5818
6.4823   5.972    -3.9226
6.5304   6.2309   -4.1791
6.5646   6.4301   -4.4277
6.6939   6.7266   -4.6253
6.8357   7.0075   -4.7414
6.9739   7.2387   -4.7781
7.3561   7.8217   -4.6561
7.4329   7.9699   -4.6263
7.497    8.0962   -4.6151
























































































































































































2.3313   8.8982   -1.508   L_PRAM
2.3589   9.0036   -1.7389
2.4357   9.1135   -2.0225
2.4942   9.243    -2.3931
2.523    9.2674   -2.6741
2.6231   9.3112   -3.0277
2.8637   9.3537   -3.8592
3.1464   9.3866   -4.1883
3.9588   9.6934   -4.7435
4.2356   9.9126   -4.7669
4.5045   10.1349  -4.7224
4.7145   10.2674  -4.6672
4.8799   10.3351  -4.6418



























































































































































































7.4657   7.9248   -4.6145  ARC
7.5265   8.1856   -4.5806
7.6012   8.3827   -4.5571
7.7581   8.7654   -4.5238
7.853    9.1619   -4.452
7.9255   9.4381   -4.4124
7.9718   9.6734   -4.3845
8.042    10.029   -4.291
8.068    10.2613  -4.2158
8.09     10.4     -4.1703
8.0397   10.6041  -4.1001
7.9668   10.8262  -4.0274
7.8151   10.873   -4.0133
7.4477   10.9027  -4.1459
7.0522   10.8296  -4.3047
6.7054   10.7664  -4.3956
6.2937   10.6709  -4.4591
5.807    10.5302  -4.5326
5.458    10.4318  -4.5741
5.1775   10.3376  -4.5993
4.9881   10.2458  -4.608
4.7784   10.1389  -4.6305
