AMNH     52626    laj7ms.xls
9.1542   12.2983  -3.2711  IS
10.1321  13.2114  -3.7416  ID
9.619    13.3911  -3.7621  R_I12
9.1945   13.086   -3.7051  R_I2C
8.7265   12.8923  -3.7086  R_CP3
8.3466   12.5967  -3.7521  R_P34
8.0083   12.2787  -3.7416  R_P4M1
7.5186   11.8415  -3.7655  R_M12
7.0182   11.3513  -3.6895  R_M23
6.241    10.9074  -3.7657  R_DM3
8.3887   12.6444  -2.2272  R_MF
7.8609   12.3687  -2.6809  R_PCF
6.4111 11.9202 -3.1693 R_CB
6.9708 11.2708 -3.2349 R_CL
4.5514   11.7375  -5.7944  R_COR
4.3235   11.0298  -5.2956  R_NOT
3.375    10.7452  -5.5001  R_CND
10.4602  12.8233  -3.7448  L_I12
10.137   12.287   -3.7015  L_I2C
9.9227   11.9474  -3.6435  L_CP3
9.6172   11.5147  -3.7093  L_P34
9.2612   11.1106  -3.7912  L_P4M1
8.8955   10.6642  -3.768   L_M12
8.4422   10.0522  -3.6899  L_M23
7.9263   9.5572   -3.634   L_DM3
9.6811   11.4801  -2.2402  L_MF
9.3752   11.0463  -2.6288  L_PCF
8.9744 9.5976 -2.9678 L_CB
8.3641 10.1292 -3.23 L_CL
8.984    7.6689   -5.8894  L_COR
8.1624   7.4196   -5.3427  L_NOT
7.9237   6.4649   -5.6097  L_CND
9.0177   13.2195  -2.9433  O1
7.4239   12.3498  -3.1195  O2
8.7094   8.9951   -2.217   O3
3.8099   10.5785  -3.7563  O4








































10.0835  13.2231  -3.7753  I_SYM
9.9714   13.1008  -3.7642
9.8918   12.9876  -3.7437
9.8165   12.9559  -3.6998
9.7265   12.8374  -3.676
9.6714   12.7332  -3.6352
9.5662   12.6139  -3.5676
9.5245   12.5715  -3.5117
9.4413   12.474   -3.4715
9.3818   12.4076  -3.4257
9.2647   12.3187  -3.3873
9.2134   12.2702  -3.2958
9.171    12.2935  -3.2449
9.1519   12.2919  -3.1279
9.1192   12.2444  -3.0556
9.0968   12.2398  -2.9859
9.0996   12.238   -2.9344
9.057    12.1571  -2.8266
9.0138   12.1072  -2.7127
8.9401   12.0388  -2.6168
8.8522   12.0155  -2.5494
8.839    11.9452  -2.4989
8.7984   11.91    -2.4
8.8095   11.9608  -2.2662
8.9157   12.1234  -1.9974















































































































































































4.5703   11.7584  -5.8012  R_RAM
4.7242   11.9177  -5.8777
4.9568   12.0427  -5.7728
5.2215   12.1076  -5.5507
5.3936   12.0674  -5.3189
5.5231   12.0252  -5.1085
5.6522   11.8989  -4.7504
5.6666   11.7879  -4.4528
5.6891   11.7059  -4.0867
5.7506   11.6926  -3.8386
5.7959   11.7277  -3.6461
5.8701   11.7618  -3.4918
5.8582   11.7685  -3.4351
5.8969   11.805   -3.2772


























































































































































































9.0503   7.5123   -5.8612  L_RAM
9.1222   7.7179   -5.8915
9.2123   7.9129   -5.8045
9.2348   8.1624   -5.5843
9.2458   8.4291   -5.1572
9.19     8.5158   -4.8351
9.1044   8.575    -4.6325
9.0219   8.592    -4.3851
8.9346   8.6454   -4.1671
8.8543   8.8139   -3.9273
8.8419   8.8218   -3.6729
8.8332   8.8484   -3.4592
8.8831   8.9498   -3.2786
8.8695   8.9558   -3.0857


























































































































































































7.5009   10.8801  -3.6491  MMF
6.9045   10.4045  -4.0744  GNA
8.0655   10.54    -3.1752  O1
7.2756   8.8994   -2.8592  O2
3.8      9.9525   -3.7175  O3
5.6708   5.3068   -1.9278  O4




8.0995   11.5778  -2.4467  E_SYM
8.1106   11.6139  -2.612
8.1211   11.5512  -2.7587
8.1069   11.5516  -2.9042
8.0325   11.5018  -3.0127
8.0057   11.432   -3.1574
7.9031   11.3281  -3.3288
7.8204   11.2521  -3.4123
7.7547   11.1934  -3.4747
7.6641   11.0899  -3.5175
7.601    11.0117  -3.5489
7.4774   10.8634  -3.7196
7.3891   10.7889  -3.7899
7.2812   10.6719  -3.8629
7.1922   10.5831  -3.9436
7.1208   10.4931  -3.9907
7.049    10.3842  -4.0461
6.9705   10.2898  -4.0979
6.9287   10.2483  -4.119
6.8818   10.2068  -4.098




















































































































































































5.19     5.0206   -0.5885  R_PRAM
5.2574   5.0175   -0.7458
5.3063   5.0059   -0.9537
5.4104   5.0252   -1.2476
5.4526   5.061    -1.5299
5.4736   5.078    -1.7763
5.4851   5.0914   -2.041
5.4692   5.1122   -2.3412
5.4515   5.17     -2.6543
5.4227   5.2037   -2.8929
5.3877   5.3008   -3.1404
5.3892   5.4086   -3.4029
5.4322   5.6251   -3.6415
5.4793   5.8287   -3.844
5.607    6.1121   -4.0312
5.7649   6.3923   -4.1385
5.9244   6.7026   -4.1789
6.041    6.9073   -4.1921
6.1321   7.1453   -4.196
6.2069   7.3191   -4.2116




















































































































































































1.5236   8.6064   -0.6488  L_PRAM
1.5318   8.6846   -0.8633
1.5562   8.73     -1.152
1.5971   8.7811   -1.4192
1.635    8.8104   -1.7474
1.6875   8.8169   -2.1024
1.7048   8.8371   -2.4719
1.7567   8.8162   -2.8204
1.83     8.7947   -3.2621
2.0032   8.778    -3.6017
2.2293   8.832    -3.826
2.1934   8.7215   -3.7822
2.4369   8.823    -3.9799
2.7728   8.9545   -4.1327
3.077    9.1453   -4.1928
3.3567   9.3006   -4.2316
3.5989   9.4009   -4.2334
3.7077   9.4785   -4.2472
3.7837   9.52     -4.2507





















































































































































































6.3273   7.4374   -4.2369  ARC
6.4274   7.6759   -4.2628
6.5843   8.0314   -4.3025
6.7062   8.3532   -4.3181
6.8607   8.7139   -4.3152
6.9864   9.1029   -4.2993
7.0905   9.5172   -4.2576
7.1326   9.8758   -4.1971
7.0921   10.1572  -4.1219
7.0246   10.3213  -4.1139
6.9646   10.3994  -4.089
6.7126   10.3753  -4.1226
6.3264   10.3524  -4.257
5.755    10.1965  -4.3264
5.11     9.981    -4.3988
4.7668   9.8109   -4.4018
4.321    9.652    -4.3798
4.0724   9.5152   -4.3247
3.9014   9.4185   -4.2766
3.7185   9.3397   -4.2424
