NMNH     220094   lal1ms.xls
9.9299   10.204   3.1183   IS
10.9864  11.4627  3.9156   ID
11.4702  11.2647  4.1037   R_I12
11.2958  10.4734  3.8346   R_I2C
10.9074  9.9057   3.7002   R_CP3
10.449   9.3167   3.8281   R_P34
10.1941  8.8857   3.7893   R_P4M1
9.7708   8.347    3.7834   R_M12
9.3717   7.7875   3.7458   R_M23
8.996    7.0391   3.8846   R_DM3
10.4228  9.4356   2.066    R_MF
10.3367  9.2444   2.4029   R_PCF
9.9416   7.3809   2.8582   R_CB
9.2491   7.8723   3.4956   R_CL
9.873    4.4925   6.6551   R_COR
9.1914   3.9375   5.5658   R_NOT
9.1162   2.8645   5.7266   R_CND
10.5839  11.806   3.887    L_I12
10.0218  11.6083  3.8946   L_I2C
9.5082   11.1483  3.831    L_CP3
8.9714   10.581   3.9154   L_P34
8.672    10.1473  3.9308   L_P4M1
8.2525   9.6737   3.8759   L_M12
7.8698   9.0981   3.8557   L_M23
7.255    8.5122   3.9642   L_DM3
9.0415   10.6795  2.2965   L_MF
8.8309   10.4792  2.8802   L_PCF
7.2092   9.5048   3.0662   L_CB
7.9958   8.9716   3.5508   L_CL
4.8498   8.4926   7.0208   L_COR
4.4742   7.7545   5.9323   L_NOT
3.4209   7.3409   6.1339   L_CND
11.2025  10.8203  3.0366   O1
9.9701   7.6947   2.4201   O2
5.4867   8.419    3.0798   O3
8.8237   3.8134   3.8998   O4








































11.0419  11.4615  4.0216   I_SYM
10.9429  11.3878  3.9886
10.8428  11.3108  3.9646
10.7805  11.1472  3.9037
10.6787  11.0668  3.8462
10.6038  10.962   3.8089
10.5399  10.8889  3.752
10.4781  10.7892  3.6978
10.3837  10.6977  3.6527
10.3261  10.6402  3.5602
10.2339  10.5237  3.4746
10.1605  10.4557  3.4031
10.0862  10.3854  3.3399
10.0085  10.307   3.2889
9.9657   10.2583  3.2428
9.9483   10.215   3.1695
9.9335   10.1793  3.0788
9.9103   10.2214  2.959
9.8983   10.1737  2.7849
9.9017   10.1712  2.6874
9.9511   10.2493  2.6162
9.9125   10.2399  2.5668
9.8456   10.1341  2.502
9.7446   10.0608  2.4734
9.6738   9.9698   2.3593
9.6685   9.9555   2.3505
9.6835   9.9301   2.2553
9.6345   9.9175   2.1479
9.6031   9.842    2.1034
9.5407   9.832    2.0641
9.4986   9.7541   1.991
9.5273   9.7298   1.8772
9.5038   9.7535   1.8379
9.536    9.7704   1.7597
9.5628   9.8307   1.708
9.6581   9.9607   1.5287




































































































































































9.846    4.3499   6.6194   R_RAM
9.8612   4.4659   6.641
9.8898   4.5395   6.6779
9.9218   4.6544   6.6377
9.9248   4.7604   6.5844
9.9195   4.9123   6.4847
9.9247   4.986    6.4407
9.9168   5.0718   6.4405
9.9175   5.1785   6.3539
9.93     5.2996   6.2327
9.9229   5.3747   6.1954
9.9317   5.4822   6.0641
9.9538   5.5874   5.9334
9.9482   5.6412   5.9119
9.9479   5.7087   5.8108
9.9517   5.7508   5.7051
9.9526   5.8133   5.555
9.967    5.8698   5.4415
9.9475   5.899    5.3753
9.9472   5.9456   5.2187
9.9326   5.9573   5.1967
9.9091   5.9906   5.0488
9.9007   6.0122   4.923
9.8523   5.9914   4.7199
9.8571   6.0059   4.5902
9.8535   6.0046   4.5348
9.861    6.0255   4.4002
9.8578   6.031    4.1835
9.8219   6.0181   3.9869
9.8402   6.0413   3.814
9.8307   6.093    3.6816
9.813    6.1586   3.5842
9.8096   6.2013   3.4001
9.791    6.2179   3.3199
9.7868   6.2637   3.2356
9.7909   6.3458   3.1184
9.7985   6.3504   3.0549
9.8113   6.3632   2.9618
9.8264   6.3886   2.8426

































































































































































4.7377   8.4579   7.0118   L_RAM
4.8307   8.4942   7.0321
4.9956   8.5431   6.9815
5.1348   8.585    6.9257
5.1988   8.5882   6.8757
5.3368   8.6307   6.8187
5.5053   8.7023   6.6271
5.5987   8.7281   6.5491
5.7313   8.7796   6.4246
5.7872   8.8308   6.3052
5.8478   8.8544   6.1508
5.8825   8.8766   6.0351
5.919    8.9078   5.9204
5.9566   8.9189   5.7575
5.9722   8.9262   5.5629
5.9856   8.9298   5.4974
5.998    8.9421   5.3491
6.0127   8.939    5.2456
6.0233   8.9391   5.1129
6.0222   8.9702   4.9696
6.0302   8.949    4.8395
6.0251   8.9549   4.7255
6.0204   8.9401   4.5126
6.0635   8.9488   4.379
6.0813   8.9579   4.2763
6.1102   8.975    4.154
6.1615   9.01     4.0212
6.1977   9.0116   3.9651
6.2267   9.03     3.8435
6.2672   9.052    3.7965
6.3      9.0809   3.7129
6.3391   9.0981   3.6014
6.3675   9.1065   3.4803
6.3818   9.123    3.4222
6.4089   9.1537   3.3471
6.4323   9.1754   3.2824
6.4703   9.1921   3.2352
6.4738   9.2039   3.1142


































































































































































8.9364   9.0717   3.3166   MMF
8.3294   8.184    4.4396   GNA
8.5411   9.5583   2.6052   O1
6.0221   7.6332   3.8246   O2
8.0452   3.5645   3.7849   O3
2.5877   5.1969   3.0625   O4




9.1895   9.5291   1.9032   E_SYM
9.2195   9.5285   1.9567
9.2182   9.5495   2.077
9.1787   9.5356   2.2095
9.1567   9.5139   2.3172
9.1666   9.5007   2.4205
9.1676   9.4632   2.5831
9.1627   9.4107   2.6333
9.1184   9.3816   2.7574
9.1009   9.3272   2.8602
9.0743   9.2835   2.9541
8.9991   9.2514   3.1232
8.9931   9.2168   3.1518
8.9708   9.1706   3.1969
8.9489   9.1238   3.2723
8.9475   9.0998   3.2968
8.9352   9.0791   3.3213
8.9046   9.0355   3.3971
8.936    9.0198   3.4742
8.9491   9.0116   3.558
8.8638   8.9502   3.7131
8.7967   8.8883   3.8586
8.7325   8.8136   4.0016
8.6917   8.7414   4.0776
8.6668   8.6807   4.146
8.6204   8.6266   4.2146
8.5509   8.5271   4.303
8.4973   8.4115   4.3639
8.4827   8.3815   4.3692
8.4113   8.3329   4.403
8.3876   8.3233   4.3839
8.3423   8.2466   4.4329
8.3595   8.1916   4.4233
8.2972   8.1205   4.4124
8.2941   8.1178   4.4059





































































































































































1.9427   3.773    1.8898   R_PRAM
1.8591   3.8448   1.9521
1.8328   3.968    2.0643
1.8251   4.0322   2.162
1.768    4.1478   2.3154
1.7763   4.1982   2.4213
1.7523   4.2541   2.5769
1.7743   4.3147   2.7104
1.7714   4.3534   2.8607
1.828    4.4234   3.0477
1.8193   4.4514   3.1789
1.8467   4.4828   3.3302
1.8488   4.525    3.4824
1.8748   4.5674   3.5699
1.92     4.6288   3.7352
1.9577   4.6767   3.9017
2.022    4.711    4.0697
2.0708   4.746    4.2202
2.1555   4.7883   4.3689
2.2217   4.8173   4.4585
2.3131   4.837    4.5586
2.3756   4.87     4.6424
2.4465   4.9165   4.7369
2.5496   4.9981   4.878
2.6872   5.0812   4.9987
2.8035   5.1429   5.0942
2.8883   5.2161   5.1639
2.9744   5.3001   5.2668
3.0775   5.3689   5.3419
3.1474   5.4611   5.4135
3.3354   5.5329   5.4518
3.4485   5.6285   5.4927
3.5299   5.6943   5.5207
3.6376   5.7887   5.5427
3.741    5.8663   5.5686
3.8888   6.0395   5.5689
4.0306   6.1325   5.5569
4.1302   6.219    5.5189
4.3481   6.356    5.4716
4.5622   6.4604   5.4325
4.7317   6.5886   5.3697
4.8367   6.6598   5.3756
4.9516   6.7404   5.3724
5.031    6.7915   5.3474
5.0882   6.8316   5.3506
5.1404   6.8806   5.3582


























































































































































6.3154   0.7267   1.8071   L_PRAM
6.3625   0.7517   1.8343
6.4613   0.7536   1.8965
6.524    0.7791   1.9779
6.608    0.7954   2.1564
6.6781   0.8054   2.2648
6.779    0.8598   2.4641
6.8186   0.8645   2.6045
6.8587   0.9032   2.7414
6.942    0.9172   2.8794
6.9437   0.9548   3.0158
6.9999   0.979    3.1524
7.0267   1.0053   3.2534
7.0309   1.0641   3.4573
7.0982   1.1174   3.6601
7.1138   1.1679   3.7983
7.1347   1.1847   3.9025
7.1504   1.3331   4.1287
7.1604   1.393    4.226
7.2212   1.5043   4.3624
7.172    1.5253   4.418
7.1867   1.5853   4.5813
7.1953   1.7463   4.6565
7.1981   1.8238   4.7352
7.2443   1.9782   4.8827
7.2634   2.1236   4.9654
7.2809   2.2364   5.0501
7.3638   2.4009   5.149
7.3712   2.4956   5.2013
7.4342   2.7488   5.3218
7.491    2.8996   5.3589
7.5506   3.0284   5.3588
7.6323   3.2013   5.3928
7.6892   3.3435   5.3613
7.7585   3.4446   5.3647
7.7783   3.6036   5.3584
7.856    3.7171   5.3574
7.8909   3.8736   5.3331
7.9392   3.9982   5.3039
8.0118   4.0832   5.2777
8.0594   4.2282   5.2578
8.0657   4.3389   5.2253
8.1199   4.4068   5.2065





























































































































































5.109    6.8135   5.3442   ARC
5.2122   6.8809   5.33
5.2962   6.9222   5.3312
5.4233   7.0116   5.3234
5.561    7.0737   5.3091
5.6065   7.1379   5.3228
5.72     7.1726   5.3145
5.8175   7.2287   5.2756
5.8867   7.2867   5.2603
6.0034   7.3573   5.2473
6.081    7.426    5.2419
6.1706   7.4648   5.2018
6.258    7.5617   5.1723
6.3535   7.6399   5.1606
6.4978   7.7186   5.1215
6.6147   7.7907   5.0899
6.7102   7.8383   5.0725
6.8048   7.9127   5.047
6.9168   7.9525   4.9942
7.0362   8.0231   4.964
7.1508   8.0416   4.909
7.3221   8.0985   4.8328
7.4353   8.1291   4.7752
7.5367   8.157    4.7288
7.6305   8.1926   4.6921
7.7675   8.2144   4.6356
7.8814   8.2747   4.5994
7.9719   8.2816   4.5561
8.0377   8.284    4.5118
8.1317   8.2893   4.5115
8.1706   8.2264   4.4844
8.3026   8.1762   4.4375
8.4704   8.1114   4.4711
8.6037   7.9275   4.5197
8.6989   7.7299   4.5843
8.7306   7.5698   4.6463
8.7114   7.3505   4.74
8.7467   7.227    4.794
8.7249   7.0272   4.8504
8.6643   6.801    4.9167
8.6087   6.6417   4.94
8.5465   6.3761   5.0403
8.5415   6.2006   5.0496
8.5078   6.0468   5.0706
8.4772   5.8791   5.1059
8.4209   5.7154   5.129
8.3706   5.5632   5.139
8.2936   5.399    5.1709
8.2514   5.243    5.1799
8.224    5.1177   5.1861
8.1708   4.9621   5.2048
8.1485   4.8184   5.2085
8.1334   4.7536   5.1953
8.1226   4.6619   5.1983
8.0932   4.6182   5.207
8.0892   4.5246   5.2453
