NMNH     220346   ct14ms.xls
5.6891   12.8777  2.1133   IS
5.9581   13.1345  2.4715   ID
6.1606   12.9354  2.508    R_I12
6.0557   12.6519  2.4745   R_I2C
6.001    12.4503  2.4203   R_CP3
5.8358   12.2567  2.2942   R_P34
5.6621   12.0277  2.1708   R_P4M1
5.4708   11.7607  2.0373   R_M12
5.3046   11.4869  1.9376   R_M23
5.0573   11.051   1.8697   R_DM3
5.9313   12.3689  1.4721   R_MF
5.9381   12.157   1.7449   R_PCF
5.5671   11.2219  1.6205   R_CB
5.1747   11.4691  1.7899   R_CL
5.3914   10.1123  2.6419   R_COR
4.9175   9.8835   2.1989   R_NOT
4.7795   9.4332   2.2558   R_CND
5.7987   13.2842  2.5491   L_I12
5.5207   13.2345  2.5521   L_I2C
5.282    13.1661  2.4644   L_CP3
5.0753   13.0315  2.339    L_P34
4.8525   12.8649  2.2349   L_P4M1
4.559    12.7191  2.0951   L_M12
4.2383   12.4566  1.9786   L_M23
3.8669   12.2971  1.9493   L_DM3
5.0112   13.1229  1.5431   L_MF
4.8611   13.1383  1.8921   L_PCF
3.97     12.8509  1.7412   L_CB
4.207    12.4238  1.8671   L_CL
2.9077   12.6192  2.9248   L_COR
2.686    12.1838  2.4683   L_NOT
2.2185   12.058   2.5449   L_CND
6.2246   12.7144  2.1911   O1
5.7564   11.7503  1.8373   O2
3.4464   12.5629  1.6592   O3
4.9908   10.3113  1.3749   O4








































5.9682   13.1283  2.5224   I_SYM
5.8783   13.0398  2.4635
5.8305   13.0172  2.403
5.787    12.9829  2.359
5.7385   12.9255  2.2497
5.7229   12.9072  2.2229
5.6887   12.8835  2.1296
5.6658   12.8696  2.0553
5.6868   12.9094  1.9484
5.7257   12.9865  1.8564
5.702    12.9431  1.8015
5.6502   12.901   1.6668
5.6222   12.8691  1.5958
5.6087   12.837   1.549
5.6563   12.8891  1.4398

























































































































































































5.4596   10.1507  2.6718   R_RAM
5.5028   10.271   2.6195
5.518    10.4102  2.5301
5.5127   10.4868  2.448
5.5106   10.535   2.3676
5.506    10.5671  2.2807
5.5076   10.6547  2.1881
5.4831   10.667   2.094
5.4714   10.732   2.032
5.4585   10.7608  1.9363
5.4559   10.8093  1.8583
5.4374   10.8087  1.7929
5.4351   10.8885  1.6299



























































































































































































2.8993   12.6356  2.909    L_RAM
3.0298   12.7035  2.8502
3.1742   12.6761  2.852
3.2264   12.7163  2.7781
3.28     12.7208  2.6974
3.3284   12.7169  2.6396
3.4153   12.7489  2.4374
3.4604   12.7287  2.3671
3.4933   12.7169  2.2518
3.5368   12.7115  2.1848
3.545    12.7175  2.0965
3.5635   12.711   2.0155
3.5954   12.7327  1.9122
3.659    12.7418  1.8587


























































































































































































6.5467   13.3399  2.3508   MMF
6.2057   13.0561  2.6791   GNA
6.236    13.656   2.0076   O1
5.194    13.2895  2.1394   O2
5.753    10.9219  2.1955   O3
3.5878   12.6525  2.1512   O4




6.691    13.4468  1.7714   E_SYM
6.6739   13.4372  1.9011
6.6454   13.3978  2.0151
6.6322   13.4052  2.0991
6.593    13.3871  2.2017
6.5477   13.3596  2.3116
6.5167   13.3385  2.361
6.4634   13.3281  2.4456
6.4042   13.2575  2.5615
6.3448   13.223   2.591
6.3116   13.1851  2.6309
6.2791   13.1567  2.6487
6.2412   13.1349  2.6762
6.2316   13.0934  2.6989
6.2057   13.0811  2.6922
6.2087   13.058   2.691
























































































































































































2.9129   12.1262  1.3599   R_PRAM
2.9256   12.2015  1.4314
2.9929   12.2459  1.5471
2.994    12.2706  1.6687
3.0353   12.286   1.7545
3.0479   12.3096  1.8464
3.0771   12.3053  1.9361
3.0952   12.2996  2.0579
3.1417   12.2879  2.1536
3.2066   12.2647  2.2488
3.239    12.2338  2.3559
3.2955   12.2398  2.4855
3.375    12.2284  2.5984
3.4395   12.221   2.6534
3.4688   12.2358  2.7023
3.5401   12.2346  2.7389
3.6101   12.2736  2.7624
3.6519   12.3158  2.7847
3.7193   12.3794  2.7934
3.7703   12.4129  2.7885
3.8514   12.5059  2.7905
3.9276   12.5466  2.7986
3.9916   12.5681  2.7805
4.0788   12.5907  2.7779
4.1123   12.6153  2.7967
4.161    12.6639  2.8033
4.2146   12.682   2.7903
4.2401   12.6684  2.795












































































































































































4.8566   9.8812   1.3579   L_PRAM
4.904    9.9042   1.4672
4.9682   9.9062   1.5543
4.9901   9.9173   1.6037
5.0333   9.9515   1.7049
5.0591   9.9843   1.8309
5.0674   10.0179  1.9573
5.0753   10.0448  2.0276
5.067    10.0769  2.119
5.0646   10.099   2.222
5.1047   10.1593  2.3838
5.0701   10.2294  2.5075
5.081    10.3202  2.5827
5.072    10.386   2.6527
5.0652   10.4622  2.7187
5.0802   10.5799  2.7845
5.1012   10.6566  2.8215
5.1401   10.704   2.8285
5.1973   10.7629  2.841
5.2735   10.8122  2.8226
5.3611   10.8799  2.8019
5.3765   10.9366  2.7976
5.4514   11.0163  2.7936
5.4941   11.0971  2.7889
5.511    11.1638  2.7933















































































































































































4.2556   12.6144  2.7711   ARC
4.3405   12.6325  2.7533
4.4061   12.6764  2.7833
4.449    12.6717  2.7831
4.5203   12.7333  2.7954
4.6145   12.7492  2.7903
4.6896   12.7826  2.7979
4.7485   12.7973  2.8104
4.8273   12.8143  2.8006
4.89     12.8432  2.8062
5.0169   12.8844  2.822
5.067    12.9122  2.8102
5.2187   12.9453  2.8162
5.2966   12.9599  2.829
5.4235   12.987   2.8155
5.5014   13.0313  2.8073
5.5795   13.0539  2.7915
5.6542   13.0703  2.7854
5.7404   13.1068  2.7778
5.8246   13.1292  2.7553
5.8592   13.1266  2.7286
5.9898   13.1445  2.7191
6.027    13.1359  2.695
6.0928   13.1231  2.6982
6.1394   13.088   2.6933
6.1882   13.0366  2.686
6.2284   12.9876  2.6817
6.2548   12.9297  2.7081
6.2864   12.7986  2.7206
6.248    12.7166  2.7468
6.2349   12.6433  2.7612
6.2236   12.5569  2.7843
6.1502   12.4339  2.8244
6.1069   12.3276  2.825
6.0605   12.2467  2.8414
5.9984   12.154   2.8522
5.9445   12.0222  2.8454
5.9199   11.9532  2.8388
5.8681   11.8379  2.8299
5.7679   11.7149  2.8297
5.7236   11.584   2.822
5.6518   11.4827  2.809
5.6223   11.4431  2.8042
5.5902   11.3555  2.8046
5.5601   11.2865  2.801
5.5178   11.1946  2.8025
