NMNH     395342   mt15ms.xls
9.9386   11.0536  2.0191   IS
10.3195  11.4258  2.4717   ID
10.4906  11.1629  2.4033   R_I12
10.3933  10.8737  2.5116   R_I2C
10.2699  10.569   2.4149   R_CP3
10.0709  10.3275  2.3231   R_P34
9.8669   10.1047  2.225    R_P4M1
9.6481   9.9166   2.1327   R_M12
9.4345   9.6855   2.0491   R_M23
9.1674   9.2852   2.0281   R_DM3
10.1082  10.4812  1.4298   R_MF
10.1955  10.2379  1.7677   R_PCF
9.6696   9.3342   1.5796   R_CB
9.3066   9.6645   1.8858   R_CL
9.4066   8.1011   2.9573   R_COR
8.9937   7.9657   2.6107   R_NOT
8.7251   7.3829   2.6889   R_CND
10.1652  11.5099  2.4933   L_I12
9.8771   11.5183  2.5204   L_I2C
9.5556   11.5048  2.5144   L_CP3
9.2441   11.3069  2.3968   L_P34
9.024    11.1153  2.2902   L_P4M1
8.7712   10.9293  2.1699   L_M12
8.4823   10.732   2.0907   L_M23
8.0741   10.5699  2.0805   L_DM3
9.4411   11.3841  1.5373   L_MF
9.1871   11.4158  1.8228   L_PCF
8.2198   11.0541  1.7355   L_CB
8.5182   10.6745  1.9908   L_CL
7.0302   10.9664  3.1683   L_COR
6.6884   10.5645  2.7746   L_NOT
6.0512   10.4357  2.8096   L_CND
9.9629   11.6178  2.0497   O1
9.8611   9.6924   1.7868   O2
7.433    10.7652  1.9243   O3
8.8636   8.0304   1.7171   O4








































10.2817  11.3677  2.4969   I_SYM
10.2434  11.3146  2.4978
10.1541  11.2284  2.442
10.0828  11.1671  2.3694
10.028   11.1285  2.2874
10.0018  11.0922  2.2477
9.9579   11.0491  2.1993
9.9527   11.0417  2.1403
9.9398   11.0238  2.0653
9.9246   11.0127  1.89
9.9193   11.0058  1.7534
9.8841   10.9779  1.6713
9.8495   10.986   1.5722
9.8387   10.9717  1.4884
9.8453   10.9632  1.414
9.8695   10.9771  1.3297
























































































































































































9.4208   8.0592   2.9352   R_RAM
9.5469   8.1797   2.9417
9.5551   8.2917   2.9341
9.5616   8.4028   2.864
9.5724   8.449    2.7685
9.554    8.5199   2.6837
9.541    8.5962   2.5936
9.5172   8.6484   2.5182
9.4783   8.6609   2.3907
9.45     8.7286   2.2351
9.4594   8.7429   2.096
9.4416   8.7353   2.007
9.42     8.7413   1.8673
9.4131   8.7636   1.7797
9.4223   8.7631   1.6649
9.3793   8.8089   1.4896
























































































































































































6.992    11.0277  3.1379   L_RAM
7.0628   11.0559  3.1142
7.1542   11.0587  3.076
7.2176   11.0079  3.0253
7.2761   11.0039  2.9634
7.3109   10.98    2.9523
7.3615   10.9856  2.8159
7.3769   10.9847  2.7411
7.4237   10.9492  2.6182
7.454    10.9476  2.5328
7.4678   10.9782  2.3861
7.503    10.924   2.3089
7.5369   10.9374  2.2399
7.5681   10.9049  2.1734
7.6035   10.8849  2.1069
7.6307   10.8856  2.0296
7.6426   10.8956  1.9487
7.6418   10.8994  1.8764
7.6796   10.9106  1.8543
7.7728   10.9298  1.7684
7.8063   10.9425  1.7373
7.8387   10.953   1.686


















































































































































































10.66    12.0462  2.2663   MMF
10.2283  11.6555  2.779    GNA
10.8665  11.646   2.1032   O1
8.8912   11.7385  2.2413   O2
9.7634   9.2435   2.1371   O3
7.1406   10.925   2.149    O4




10.6927  12.1094  1.7379   E_SYM
10.7163  12.1027  1.8398
10.6895  12.1278  2.0069
10.6814  12.0998  2.1493
10.6507  12.0964  2.2229
10.6101  12.039   2.3496
10.5722  12.0011  2.4383
10.5173  11.9287  2.5399
10.4331  11.8413  2.6478
10.3581  11.7775  2.7218
10.2906  11.7304  2.7701
10.2686  11.6806  2.7839
10.2423  11.6634  2.7968



























































































































































































6.5954   10.3767  1.5464   R_PRAM
6.6295   10.4218  1.6174
6.6462   10.5008  1.7661
6.6812   10.5494  1.8554
6.7041   10.566   1.9805
6.7328   10.6062  2.0889
6.7605   10.6142  2.1827
6.7796   10.6215  2.2513
6.7819   10.6473  2.3665
6.7978   10.6431  2.524
6.8231   10.6573  2.5169
6.8449   10.6204  2.6684
6.8692   10.6139  2.7372
6.9111   10.5556  2.8048
6.9451   10.5321  2.884
6.9969   10.5143  2.9347
7.0757   10.5027  2.9979
7.1295   10.5097  3.0468
7.2223   10.5242  3.1044
7.2732   10.528   3.1333
7.3612   10.5518  3.1381
7.4242   10.5517  3.1508
7.4904   10.5883  3.1649
7.479    10.621   3.1689
7.5736   10.6891  3.1545
7.6431   10.7638  3.1356
7.7174   10.8102  3.1015
7.7944   10.891   3.0881
7.835    10.9507  3.0818
7.9027   11.0071  3.0759
7.9539   11.037   3.0841









































































































































































8.8231   7.9639   1.5782   L_PRAM
9.1118   8.0848   2.1166
9.1118   8.1469   2.2625
9.1245   8.167    2.3603
9.1379   8.1931   2.4611
9.119    8.2233   2.5703
9.1033   8.306    2.7428
9.0614   8.3506   2.8264
8.9597   8.4475   2.9711
8.9773   8.5561   3.045
8.9613   8.6248   3.1003
8.9768   8.7316   3.1472
8.9971   8.7955   3.175
9.0623   8.9297   3.1855
9.1061   8.9711   3.2022
9.1965   9.0956   3.1843
9.2717   9.1211   3.1576
9.3444   9.1661   3.1389
9.4082   9.2467   3.1227





















































































































































































8.0658   11.037   3.0647   ARC
8.1809   11.079   3.0559
8.2399   11.1102  3.054
8.3542   11.1533  3.0269
8.4118   11.191   3.0184
8.5156   11.2096  3.015
8.627    11.2565  2.9859
8.6811   11.2852  2.9915
8.7773   11.3464  2.9895
8.8575   11.3803  2.9843
8.9356   11.4208  2.9725
9.0723   11.4938  2.9725
9.1828   11.5136  2.9609
9.3162   11.5575  2.9509
9.3991   11.6162  2.9456
9.5076   11.6665  2.9457
9.649    11.7085  2.9301
9.7295   11.7172  2.9209
9.9407   11.7543  2.8703
10.1123  11.7485  2.8195
10.2693  11.6659  2.8232
10.3346  11.5363  2.8307
10.3366  11.3935  2.8424
10.3179  11.2338  2.9041
10.2728  11.063   2.9318
10.2413  10.9629  2.944
10.1665  10.8031  2.9922
10.1158  10.6254  2.991
10.0815  10.5675  2.9711
10.0402  10.4447  2.981
9.9728   10.3494  2.9836
9.9042   10.2069  3.0041
9.8427   10.0543  3.0183
9.7479   9.9309   3.0441
9.6795   9.8203   3.0316
9.6273   9.708    3.0439
9.5452   9.5908   3.0596
9.4733   9.4549   3.0831
9.4148   9.3487   3.107
