NMNH     397254   0
10.6996  12.8165  2.0462   IS
11.0103  13.2542  2.5848   ID
11.1912  13.0535  2.4944   R_I12
11.1124  12.7625  2.5502   R_I2C
11.0674  12.5002  2.4044   R_CP3
10.9078  12.3157  2.2855   R_P34
10.8118  12.0558  2.1919   R_P4M1
10.6579  11.7652  2.0477   R_M12
10.4861  11.4205  1.9333   R_M23
10.3392  10.9685  1.9003   R_DM3
11.0009  12.3321  1.4364   R_MF
11.0538  12.1424  1.6511   R_PCF
10.823   11.126   1.6579   R_CB
10.395   11.4381  1.8484   R_CL
10.6362  9.9335   2.7723   R_COR
10.3844  9.8473   2.3843   R_NOT
10.3248  9.431    2.4129   R_CND
10.8888  13.2843  2.4568   L_I12
10.5491  13.2474  2.4854   L_I2C
10.3073  13.1264  2.4022   L_CP3
10.1316  12.962   2.2872   L_P34
9.9123   12.7523  2.1931   L_P4M1
9.632    12.5642  2.0997   L_M12
9.3687   12.3224  1.9624   L_M23
8.9968   12.0684  1.9201   L_DM3
10.0974  13.0461  1.5728   L_MF
10.0068  13.0873  1.872    L_PCF
9.0799   12.6628  1.7309   L_CB
9.3881   12.2366  1.8404   L_CL
7.8986   12.2365  2.9021   L_COR
7.8211   11.8822  2.4591   L_NOT
7.4633   11.7945  2.4883   L_CND
11.2613  12.8747  2.0633   O1
10.9286  11.6081  1.4881   O2
8.4087   12.1954  1.6688   O3
10.37    9.9698   1.7389   O4








































10.9635  13.0895  2.5838   I_SYM
10.9025  13.0487  2.4719
10.8623  12.9995  2.3932
10.8048  12.9573  2.3483
10.764   12.9269  2.2793
10.748   12.8967  2.2276
10.7286  12.8801  2.1932
10.6895  12.8528  2.1504
10.6732  12.822   2.0992
10.6886  12.8187  2.0074
10.6909  12.8462  1.8894
10.7189  12.8745  1.8107
10.7341  12.9187  1.7515
10.7022  12.8635  1.6894
10.6683  12.849   1.64
10.6538  12.824   1.5911
10.6361  12.8186  1.5524
10.6341  12.8147  1.4699
10.6603  12.8341  1.4283





















































































































































































10.7223  10.0079  2.8084   R_RAM
10.7471  10.0559  2.7834
10.7768  10.111   2.7494
10.7922  10.209   2.6982
10.8201  10.3024  2.6431
10.8307  10.3678  2.5819
10.8148  10.4377  2.5064
10.8136  10.486   2.449
10.7986  10.5488  2.3828
10.7772  10.534   2.3128
10.7568  10.6017  2.2156
10.716   10.6469  1.9663
10.7224  10.6633  1.8914
10.7616  10.731   1.7731
10.7561  10.7601  1.6907
10.7707  10.8066  1.6194
10.7662  10.8347  1.5376
10.801   10.9272  1.5265






















































































































































































7.9172   12.2778  2.9012   L_RAM
7.9852   12.3363  2.8854
8.0498   12.3634  2.8558
8.0823   12.3832  2.8277
8.1249   12.4086  2.7735
8.1642   12.403   2.7838
8.2098   12.4208  2.7371
8.2255   12.4226  2.7131
8.2619   12.4521  2.6114
8.3139   12.4516  2.5897
8.3726   12.448   2.5588
8.4096   12.4421  2.4745
8.4642   12.4219  2.4241
8.4779   12.4363  2.3754
8.5276   12.4173  2.2606
8.5232   12.4486  2.1629
8.5076   12.3169  1.8948
8.581    12.4434  1.9217
8.6264   12.4698  1.8606
8.6849   12.5042  1.7701
8.7292   12.543   1.6759



















































































































































































11.1022  13.4033  2.4631   MMF
10.8651  13.0757  2.7225   GNA
10.8455  13.6742  2.1899   O1
9.5952   13.0884  2.4774   O2
10.706   10.7833  2.1393   O3
8.133    12.2921  1.9207   O4




11.2918  13.6672  1.7127   E_SYM
11.2659  13.6682  1.8425
11.2405  13.6351  1.9487
11.232   13.5994  1.9931
11.225   13.5856  2.0608
11.2289  13.5786  2.1287
11.2103  13.5529  2.1855
11.1736  13.5092  2.3012
11.1528  13.4964  2.3231
11.139   13.4713  2.3731
11.0866  13.4336  2.4618
11.0751  13.4167  2.4933
11.0451  13.3725  2.5633
10.9983  13.3233  2.6285
10.9778  13.267   2.6527
10.93    13.2209  2.6881
10.9024  13.1994  2.7061
10.8826  13.1377  2.7179
10.8756  13.1333  2.7268
10.8692  13.1124  2.727




















































































































































































7.7663   11.7995  1.5296   R_PRAM
7.7908   11.8709  1.5895
7.7985   11.9095  1.6545
7.8046   11.9261  1.7145
7.8065   11.9552  1.7963
7.8322   11.9952  1.8479
7.8378   12.0033  1.9188
7.8508   12.0254  2.0029
7.875    12.0419  2.0688
7.8781   12.0478  2.1291
7.9185   12.0618  2.1508
7.9236   12.0675  2.1923
7.9333   12.0749  2.2271
7.9581   12.0975  2.3004
7.9544   12.0754  2.3326
7.9764   12.0951  2.4332
7.992    12.0699  2.5258
8.0232   12.0337  2.5968
8.0983   12.007   2.6625
8.1478   12.0113  2.719
8.1737   12.0273  2.7507
8.2559   12.0255  2.7979
8.2901   12.0308  2.8111
8.333    12.0568  2.8239
8.3581   12.0667  2.8372
8.3892   12.0614  2.8616
8.4559   12.0971  2.8694
8.5245   12.1537  2.8646
8.5731   12.2052  2.8639
8.6152   12.2214  2.8474
8.6573   12.2376  2.831
8.7035   12.256   2.8075
8.732    12.2893  2.7948
8.785    12.3428  2.7874
8.8388   12.3806  2.7837





































































































































































10.1672  9.773    1.5679   L_PRAM
10.2164  9.8025   1.641
10.2413  9.8389   1.7164
10.2853  9.8667   1.812
10.2952  9.9007   1.868
10.3067  9.9392   1.9312
10.3323  9.9478   2
10.3494  9.9434   2.0591
10.3683  9.9805   2.1413
10.3654  9.9826   2.2021
10.3639  10.0135  2.2627
10.388   10.0054  2.3318
10.4348  10.0214  2.4022
10.4053  10.0677  2.5159
10.405   10.0973  2.5583
10.361   10.152   2.6206
10.3452  10.1858  2.677
10.2883  10.2299  2.734
10.2518  10.2547  2.7779
10.272   10.3132  2.8107
10.2486  10.2843  2.7748
10.2667  10.3814  2.8308
10.2586  10.4327  2.8506
10.2933  10.5581  2.8717
10.3336  10.6262  2.8669
10.3691  10.7168  2.8646
10.3998  10.7837  2.8349
10.4334  10.8207  2.8164
10.475   10.876   2.8112
10.4935  10.9387  2.8103
10.5233  10.9791  2.7982
10.5333  11.0393  2.8022








































































































































































9.0042   12.4604  2.7882   ARC
9.077    12.4957  2.7994
9.1656   12.5496  2.8071
9.2385   12.5969  2.8287
9.3145   12.6197  2.8229
9.3986   12.6597  2.8365
9.4575   12.6831  2.8365
9.5343   12.7441  2.8442
9.5929   12.768   2.8469
9.6821   12.8416  2.8633
9.7606   12.8633  2.8577
9.8051   12.9157  2.877
9.8842   12.9371  2.8715
9.9425   12.9887  2.8714
10.0432  13.0253  2.8687
10.1095  13.0717  2.8716
10.1824  13.0866  2.8634
10.2904  13.1367  2.8581
10.3877  13.1405  2.8223
10.439   13.1382  2.8141
10.5269  13.1772  2.8007
10.5811  13.1651  2.787
10.6751  13.1729  2.7626
10.736   13.1795  2.7408
10.8119  13.1673  2.7438
10.9472  13.0429  2.7269
11.0114  12.9223  2.7553
11.0273  12.8076  2.7756
11.048   12.7293  2.7936
11.0616  12.654   2.8154
11.047   12.5401  2.8236
11.017   12.4258  2.844
10.9536  12.3363  2.8408
10.933   12.2291  2.8382
10.8757  12.1357  2.8454
10.8662  12.0759  2.8369
10.84    11.9676  2.8548
10.7875  11.8951  2.8394
10.79    11.8045  2.8463
10.7327  11.7021  2.8291
10.6724  11.6145  2.8275
10.598   11.4935  2.8179
10.6063  11.4355  2.8223
10.5653  11.3305  2.7985
10.5609  11.2728  2.7908
10.5418  11.1945  2.7917
10.5056  11.1306  2.7891
