NMNH     396196   ct18ms.xls
9.9065   10.971   2.1089   IS
10.2503  11.3417  2.5885   ID
10.3759  11.14    2.5609   R_I12
10.3595  10.8545  2.5706   R_I2C
10.3865  10.6766  2.4664   R_CP3
10.1606  10.3344  2.3296   R_P34
9.9989   10.1746  2.2123   R_P4M1
9.7976   9.9018   2.1341   R_M12
9.6054   9.594    2.014    R_M23
9.4522   9.1896   2.0004   R_DM3
10.2267  10.4841  1.5969   R_MF
10.2171  10.2687  1.835    R_PCF
9.9408   9.3779   1.625    R_CB
9.6343   9.691    1.8058   R_CL
9.7867   8.0447   2.9684   R_COR
9.3825   7.9619   2.4896   R_NOT
9.2935   7.4228   2.6005   R_CND
10.075   11.4739  2.5707   L_I12
9.749    11.4166  2.6116   L_I2C
9.5742   11.3294  2.5465   L_CP3
9.3163   11.1398  2.3951   L_P34
9.0995   10.9447  2.2008   L_P4M1
8.8086   10.7286  2.1034   L_M12
8.5467   10.5614  2.0614   L_M23
8.1921   10.3204  1.973    L_DM3
9.3635   11.1737  1.646    L_MF
9.2937   11.2306  1.9281   L_PCF
8.3473   10.7699  1.7573   L_CB
8.6017   10.4629  1.8936   L_CL
6.9373   10.5457  2.9888   L_COR
6.8914   10.1079  2.533    L_NOT
6.3602   9.9284   2.6038   L_CND
10.3918  10.9685  2.1064   O1
10.0357  9.754    1.5943   O2
7.6207   10.4517  1.5732   O3
9.4097   8.1084   1.6847   O4








































10.2287  11.2459  2.6511   I_SYM
10.1549  11.1885  2.6425
10.0917  11.13    2.5982
10.042   11.0997  2.5367
9.9969   11.0552  2.4579
9.983    11.0252  2.4054
9.9247   11.0046  2.3639
9.9371   11.0023  2.2923
9.9291   10.9845  2.2216
9.918    10.9847  2.1949
9.9112   10.9695  2.1164
9.9096   10.9656  2.0899
9.9059   10.9813  2.0367
9.9324   10.9774  2.0237
10.0098  11.0461  1.926
9.9914   11.0106  1.8515
9.9681   10.9917  1.7954
9.9302   10.9461  1.7285
9.8811   10.9013  1.6624
9.851    10.8695  1.5407
9.8809   10.9205  1.4782



















































































































































































9.8461   8.0481   2.9572   R_RAM
9.8836   8.1193   2.9662
9.9054   8.2194   2.9184
9.9185   8.2656   2.8717
9.9054   8.329    2.8469
9.9026   8.3966   2.785
9.9077   8.4676   2.7341
9.8769   8.512    2.6412
9.8553   8.5572   2.5831
9.8425   8.5999   2.5325
9.8265   8.6381   2.4063
9.8095   8.6754   2.3384
9.7723   8.7163   2.033
9.783    8.749    1.9841
9.8001   8.7966   1.8982
9.8135   8.8407   1.8272
9.8377   8.8895   1.756
9.847    8.8834   1.7001
9.8868   8.9498   1.6312
9.9055   8.991    1.5879
9.9202   9.0288   1.5831
9.9449   9.0726   1.5537


















































































































































































6.9679   10.5995  2.9542   L_RAM
7.0185   10.6237  2.9599
7.0924   10.6274  2.8902
7.1518   10.6415  2.8733
7.2084   10.6195  2.8483
7.2324   10.6389  2.8096
7.2929   10.6279  2.7147
7.3682   10.6236  2.6858
7.3794   10.6117  2.6385
7.4253   10.6176  2.5757
7.4646   10.593   2.5151
7.519    10.5684  2.4208
7.5775   10.5583  2.3145
7.6107   10.5574  2.2382
7.6674   10.5564  2.1045
7.7021   10.5626  2.0259
7.7181   10.5798  1.9525
7.7563   10.5929  1.8971
7.79     10.6078  1.8574
7.8331   10.6356  1.7789
7.8411   10.6439  1.7487
7.8784   10.6586  1.7045
7.9084   10.6962  1.6417
7.9475   10.7293  1.6083
7.9472   10.7339  1.5897
7.9991   10.7491  1.5831














































































































































































10.4569  11.8504  2.0464   MMF
10.112   11.4107  2.6099   GNA
10.1502  11.9669  2.0266   O1
8.9189   11.3659  2.4672   O2
10.0536  9.1138   2.3206   O3
7.4624   10.5378  2.1052   O4




10.5637  11.9642  1.7264   E_SYM
10.5249  11.959   1.771
10.4915  11.9247  1.8293
10.4691  11.8921  1.926
10.4676  11.8745  1.9782
10.4473  11.8301  2.0862
10.4294  11.8386  2.1477
10.4198  11.8101  2.2105
10.3732  11.7822  2.292
10.3673  11.7273  2.3683
10.3273  11.6873  2.4306
10.2844  11.6571  2.4904
10.2588  11.6284  2.5136
10.2287  11.5821  2.5482
10.1846  11.53    2.5793
10.1449  11.4987  2.6055
10.141   11.4845  2.6088
10.1112  11.4199  2.6231






















































































































































































6.9235   9.932    1.5587   R_PRAM
6.943    10.004   1.6098
6.9902   10.0669  1.6473
7.0152   10.1377  1.7325
7.0378   10.187   1.8129
7.07     10.2237  1.9239
7.1106   10.2395  2.0478
7.1424   10.252   2.1756
7.1789   10.2613  2.2493
7.1957   10.2679  2.2996
7.1987   10.2629  2.3627
7.1871   10.2543  2.4439
7.2177   10.2488  2.4893
7.2521   10.2626  2.561
7.3157   10.2041  2.6471
7.3267   10.1785  2.7034
7.3683   10.1415  2.7586
7.4343   10.1174  2.8041
7.5075   10.1273  2.8585
7.5804   10.1712  2.9077
7.622    10.1848  2.9385
7.6871   10.2068  2.9617
7.7256   10.2649  2.9777
7.7728   10.2986  2.9932
7.8218   10.339   2.9709
7.8553   10.4195  2.9575
7.8976   10.4721  2.9495
7.9996   10.5333  2.905
8.0805   10.6113  2.8895
8.1081   10.6622  2.8879
8.1798   10.7195  2.8869









































































































































































9.4094   7.7973   1.5719   L_PRAM
9.4769   7.8639   1.655
9.5153   7.9428   1.7731
9.562    7.9603   1.8254
9.5728   8.0129   1.8979
9.6111   8.084    2.0607
9.6129   8.1316   2.1677
9.615    8.1412   2.2525
9.5984   8.1918   2.3308
9.5881   8.2158   2.412
9.5589   8.2275   2.4916
9.562    8.2971   2.6001
9.5031   8.345    2.6971
9.4783   8.4266   2.7874
9.4495   8.5098   2.8865
9.4484   8.5262   2.8692
9.4666   8.6713   2.9629
9.5074   8.7978   2.9936
9.5494   8.825    2.9871
9.5763   8.9087   3.0051
9.6398   9.0157   2.9932
9.7319   9.1203   2.9423
9.7811   9.2156   2.9387
9.7979   9.2871   2.9317
















































































































































































8.1694   10.63    2.8683   ARC
8.2471   10.7125  2.8786
8.3289   10.7628  2.8645
8.4358   10.8356  2.8843
8.5156   10.8861  2.8735
8.683    10.9581  2.8781
8.7545   11.0125  2.8676
8.7992   11.0577  2.8794
8.85     11.0788  2.8743
8.948    11.1404  2.8694
9.072    11.2177  2.8637
9.1311   11.2517  2.855
9.2154   11.307   2.8363
9.3831   11.3588  2.8104
9.4804   11.3986  2.7894
9.6204   11.4409  2.7585
9.772    11.4809  2.7099
9.826    11.4965  2.6939
9.8629   11.5035  2.6815
9.9328   11.5175  2.6593
10.0303  11.4676  2.6247
10.0796  11.4709  2.6259
10.1288  11.4714  2.6415
10.1857  11.3786  2.6294
10.2284  11.2364  2.6479
10.2472  11.1065  2.6964
10.2691  11.0049  2.721
10.2769  10.9387  2.7473
10.2585  10.8254  2.765
10.2259  10.7382  2.789
10.1918  10.6174  2.807
10.1527  10.5454  2.8306
10.094   10.3555  2.8558
10.045   10.2357  2.8834
10.0239  10.1362  2.8984
9.9706   9.9357   2.9188
9.9543   9.8431   2.9209
9.9235   9.7547   2.9256
9.918    9.7037   2.9167
9.8677   9.61     2.9237
9.8429   9.5651   2.9147
9.8179   9.5064   2.9062
9.7793   9.4328   2.9102
9.7702   9.3334   2.9152
