NMNH     397656   mt24ms.xls
6.6296   9.8708   1.9501   IS
6.9124   10.2799  2.3976   ID
7.0506   10.0823  2.4085   R_I12
7.098    9.7671   2.4351   R_I2C
7.0577   9.555    2.3509   R_CP3
6.8597   9.328    2.1814   R_P34
6.689    9.057    2.0927   R_P4M1
6.4837   8.8016   2.0005   R_M12
6.253    8.4542   1.9085   R_M23
6.1442   8.0779   1.8797   R_DM3
6.884    9.4106   1.4285   R_MF
6.9481   9.2479   1.7515   R_PCF
6.5881   8.3139   1.5295   R_CB
6.1736   8.4974   1.7764   R_CL
6.5528   7.1924   2.8277   R_COR
6.139    6.9728   2.2835   R_NOT
6.0474   6.474    2.3518   R_CND
6.7778   10.385   2.3877   L_I12
6.5164   10.3457  2.4061   L_I2C
6.2878   10.2626  2.3564   L_CP3
6.0858   10.0582  2.2314   L_P34
5.8302   9.8745   2.0952   L_P4M1
5.5498   9.7263   2.0263   L_M12
5.2676   9.4892   1.9388   L_M23
4.868    9.2712   1.9086   L_DM3
5.9961   10.0856  1.4881   L_MF
5.7556   10.085   1.694    L_PCF
4.9866   9.7195   1.6339   L_CB
5.3401   9.4157   1.7503   L_CL
3.9038   9.4988   2.8928   L_COR
3.732    9.1531   2.4089   L_NOT
3.2039   8.9457   2.5584   L_CND
7.1281   9.9782   2.0342   O1
6.7689   8.8512   1.5893   O2
4.4099   9.4126   1.5898   O3
6.0674   7.0027   1.7918   O4








































6.9904   10.2368  2.4491   I_SYM
6.8918   10.1748  2.4197
6.8489   10.121   2.3615
6.7928   10.0884  2.3133
6.7522   10.0387  2.2823
6.7275   9.9943   2.2238
6.7309   9.9544   2.1358
6.7021   9.9256   2.0942
6.6936   9.91     2.051
6.6875   9.8991   2.0345
6.6517   9.88     2.0131
6.6404   9.8593   1.9724
6.6507   9.8663   1.8725
6.6752   9.9044   1.7992
6.7149   9.9468   1.7511
6.675    9.9452   1.6794
6.6451   9.9177   1.6368
6.604    9.8934   1.6031
6.6025   9.8697   1.5679
6.5743   9.8446   1.4877
6.6093   9.8375   1.4148



















































































































































































6.5771   7.2837   2.807    R_RAM
6.6098   7.3552   2.7753
6.6176   7.4141   2.7293
6.6338   7.5361   2.635
6.6586   7.5962   2.5223
6.66     7.6658   2.4303
6.6334   7.7292   2.3231
6.6076   7.7182   2.2365
6.605    7.781    2.1554
6.5848   7.8021   2.0616
6.5696   7.8263   1.9878
6.5682   7.8186   1.8982
6.5589   7.8694   1.8286
6.5411   7.8785   1.7475
6.5317   7.9039   1.6638
6.5536   7.9588   1.5923
6.5616   8.0074   1.5465
6.5548   7.9752   1.4808
6.55     7.9953   1.3996





















































































































































































3.9368   9.5604   2.9282   L_RAM
4.0146   9.6043   2.9134
4.0952   9.6326   2.8548
4.1245   9.6343   2.8499
4.1842   9.6691   2.7707
4.2141   9.6648   2.7409
4.2685   9.6413   2.7124
4.3362   9.6737   2.6102
4.3633   9.6604   2.5164
4.3804   9.6539   2.4659
4.4142   9.6423   2.365
4.4507   9.6301   2.2886
4.418    9.6228   2.1993
4.4704   9.6301   2.1575
4.4377   9.6037   2.0961
4.4887   9.6196   2.0766
4.5009   9.6017   2.0134
4.5111   9.6067   1.945
4.5358   9.6117   1.8916
4.5527   9.6078   1.8086
4.5768   9.629    1.7857
4.5967   9.6145   1.7329
4.6325   9.6524   1.6768
4.6409   9.6432   1.667
















































































































































































7.1765   10.8766  2.2274   MMF
6.9408   10.615   2.5366   GNA
6.969    11.1261  1.9392   O1
5.8453   10.5961  2.2192   O2
6.7689   8.3423   2.1521   O3
4.1201   9.6495   1.8021   O4




7.3295   11.0901  1.6357   E_SYM
7.3064   11.0699  1.7299
7.2843   11.0277  1.7942
7.2589   11.0445  1.8587
7.2608   11.031   1.9129
7.2394   11.009   2.0021
7.2147   10.9952  2.087
7.1627   10.958   2.158
7.1252   10.9521  2.2116
7.0574   10.9037  2.3207
7.0356   10.8433  2.3721
6.9799   10.7868  2.4518
6.9506   10.7385  2.4942
6.9265   10.7004  2.5084
6.9259   10.7107  2.5085
6.9136   10.6642  2.5355
6.9076   10.6008  2.5417























































































































































































3.8181   9.1766   1.4897   R_PRAM
3.8182   9.2071   1.559
3.8303   9.2439   1.6035
3.8673   9.2799   1.6496
3.8748   9.282    1.7156
3.8872   9.3182   1.7607
3.9186   9.3265   1.8545
3.9166   9.336    1.8982
3.9539   9.3579   2.0005
3.9721   9.3371   2.0754
4.0124   9.3329   2.1583
4.0116   9.34     2.2259
4.0548   9.3404   2.28
4.0561   9.3514   2.3702
4.1217   9.3064   2.4608
4.1379   9.2736   2.5516
4.1924   9.21     2.6163
4.2821   9.2303   2.6662
4.4317   9.2519   2.7665
4.5039   9.2788   2.8035
4.594    9.3454   2.8268
4.6569   9.405    2.8157
4.7421   9.4976   2.8155
4.791    9.5783   2.8072
4.8262   9.6522   2.7539
4.8776   9.6982   2.7599
4.9373   9.7637   2.7636
5.0047   9.7855   2.7538
5.0354   9.8114   2.7731











































































































































































6.1982   7.2667   1.607    L_PRAM
6.2284   7.2843   1.6878
6.2293   7.3178   1.761
6.2426   7.3526   1.8683
6.2563   7.3939   2.025
6.266    7.4204   2.1531
6.2362   7.4669   2.3279
6.2194   7.5119   2.5021
6.2134   7.582    2.6311
6.1837   7.6793   2.7534
6.1877   7.7675   2.8184
6.1922   7.863    2.8717
6.2085   7.9538   2.879
6.2577   7.9831   2.8903
6.2182   7.9916   2.8737
6.297    8.1048   2.8424
6.3592   8.2      2.8158
6.4354   8.3328   2.7967
6.5053   8.4383   2.7838





















































































































































































5.0092   9.7492   2.7274   ARC
5.0655   9.8369   2.7635
5.1755   9.9208   2.7651
5.2764   9.952    2.7598
5.3319   9.9826   2.7796
5.4137   10.0252  2.7745
5.4813   10.0643  2.7644
5.5985   10.1255  2.7595
5.674    10.1662  2.7423
5.7608   10.2373  2.7477
5.8104   10.2727  2.7554
5.9631   10.3651  2.7441
6.0305   10.3963  2.7447
6.0841   10.4171  2.7376
6.2254   10.4972  2.7193
6.3975   10.5904  2.6625
6.4392   10.617   2.6682
6.5739   10.6461  2.6375
6.6478   10.6479  2.6086
6.7018   10.6548  2.5994
6.7758   10.6563  2.5707
6.8863   10.6409  2.5536
6.915    10.58    2.5391
7.0162   10.5278  2.5559
7.0614   10.4422  2.5933
7.0949   10.3029  2.6536
7.0886   10.2389  2.641
7.0349   10.1343  2.678
7.035    10.0723  2.6938
6.9957   9.9857   2.7367
6.9734   9.9132   2.7282
6.9482   9.82     2.7489
6.874    9.6367   2.7921
6.8242   9.5011   2.7968
6.7992   9.3949   2.7878
6.7573   9.2254   2.8056
6.6983   9.0597   2.8001
6.6325   8.8845   2.8062
6.5573   8.7234   2.801
6.5499   8.6626   2.8018
6.517    8.5805   2.7983
6.4567   8.458    2.792
