NMNH     397255   mt25ms.xls
7.2575   9.1775   1.9557   IS
7.6146   9.6805   2.1987   ID
7.7584   9.4808   2.2117   R_I12
7.7536   9.1605   2.2874   R_I2C
7.7265   8.9498   2.2691   R_CP3
7.5412   8.7117   2.2009   R_P34
7.4022   8.4571   2.1089   R_P4M1
7.2315   8.2169   2.0277   R_M12
6.9763   7.8391   1.9198   R_M23
6.8461   7.4417   1.8762   R_DM3
7.6075   8.8046   1.5412   R_MF
7.6042   8.6661   1.6835   R_PCF
7.3054   7.6349   1.4704   R_CB
6.9113   7.9318   1.7725   R_CL
7.0849   6.4377   2.7462   R_COR
6.724    6.2315   2.3131   R_NOT
6.711    5.8725   2.3067   R_CND
7.4032   9.8073   2.1894   L_I12
7.1424   9.7681   2.2498   L_I2C
6.9347   9.6767   2.2585   L_CP3
6.723    9.4613   2.1796   L_P34
6.5136   9.2711   2.0917   L_P4M1
6.2337   9.071    1.9856   L_M12
5.9708   8.8138   1.8902   L_M23
5.6268   8.6137   1.8754   L_DM3
6.6997   9.4718   1.4559   L_MF
6.5988   9.4979   1.7038   L_PCF
5.6076   9.0859   1.4919   L_CB
6.0208   8.7634   1.7751   L_CL
4.4165   8.7207   2.7764   L_COR
4.354    8.3817   2.3755   L_NOT
3.9254   8.39     2.3365   L_CND
7.8131   9.1929   1.8493   O1
7.4246   8.1252   1.6349   O2
5.1214   8.8234   1.6195   O3
6.7668   6.4244   1.8527   O4








































7.609    9.6203   2.2619   I_SYM
7.549    9.5797   2.2828
7.487    9.4888   2.2503
7.4402   9.4257   2.2187
7.4125   9.4211   2.2193
7.3794   9.3601   2.1767
7.3469   9.3464   2.1524
7.3205   9.2976   2.1183
7.3041   9.2673   2.0825
7.2868   9.2591   2.053
7.2639   9.2168   2.0086
7.272    9.1852   1.9532
7.2497   9.1926   1.9096
7.2549   9.2203   1.8329
7.2693   9.2206   1.7962
7.2609   9.2266   1.7402
7.2768   9.252    1.6813
7.2948   9.2379   1.5972
7.2506   9.2055   1.5354
7.2409   9.1887   1.4989
7.2336   9.176    1.4613
7.2238   9.159    1.4249
7.195    9.1533   1.3885
7.2092   9.1331   1.3328
7.2334   9.1515   1.2746















































































































































































7.1014   6.4166   2.7315   R_RAM
7.1309   6.4982   2.6997
7.1708   6.5746   2.6649
7.1791   6.6269   2.6052
7.1775   6.691    2.5351
7.1755   6.7481   2.476
7.1823   6.7849   2.4061
7.1651   6.8562   2.3616
7.1403   6.9189   2.2466
7.1257   6.9103   2.1715
7.131    6.9669   2.0986
7.1377   7.024    2.029
7.1457   7.0483   1.9686
7.1573   7.0935   1.9058
7.1652   7.1088   1.8565
7.2016   7.1568   1.8022
7.2135   7.1922   1.7508
7.2248   7.2192   1.6812
7.2421   7.2498   1.6448
7.2734   7.2916   1.6001
7.2976   7.36     1.5531
7.2946   7.3694   1.5282
7.3041   7.4124   1.4944

















































































































































































4.5031   8.7848   2.7786   L_RAM
4.5745   8.8393   2.7294
4.612    8.8429   2.7028
4.6879   8.8526   2.6642
4.7258   8.8539   2.6242
4.7729   8.8496   2.5746
4.7951   8.8473   2.525
4.823    8.8628   2.467
4.8655   8.8393   2.4519
4.8803   8.8418   2.3883
4.9194   8.8492   2.3151
4.9436   8.8399   2.2326
4.9975   8.8756   2.1711
5.0249   8.8495   2.1108
5.0455   8.8454   2.1009
5.0864   8.8629   2.06
5.1181   8.8839   1.8928
5.1462   8.9064   1.844
5.179    8.9251   1.8245
5.2107   8.933    1.8046
5.2222   8.9381   1.776
5.2729   8.9691   1.7276
5.2775   8.9817   1.6807
5.303    9.0001   1.652
5.3362   9.0247   1.6233
5.3516   9.0374   1.6227
5.397    9.0477   1.6029













































































































































































8.0686   10.1731  2.1194   MMF
7.7211   9.78     2.5521   GNA
7.637    10.4167  1.9665   O1
6.6102   9.9256   2.1155   O2
7.5475   7.7208   1.9739   O3
5.0009   9.142    1.6013   O4




8.2428   10.3649  1.7413   E_SYM
8.1979   10.3146  1.8202
8.173    10.2683  1.8715
8.1355   10.2246  1.9619
8.1171   10.2381  2.0276
8.083    10.2051  2.1026
8.0515   10.1689  2.1508
8.0333   10.1721  2.2289
8.0081   10.1279  2.2893
7.9711   10.0921  2.3522
7.9314   10.0406  2.4109
7.9084   10.0053  2.4318
7.8796   9.985    2.4606
7.8555   9.9587   2.4756
7.7902   9.8875   2.5262
7.7599   9.8538   2.5461
7.7347   9.8222   2.5516
7.687    9.7715   2.5438






















































































































































































4.692    8.6445   1.3507   R_PRAM
4.699    8.7304   1.4401
4.6943   8.7884   1.5057
4.7169   8.8158   1.557
4.7226   8.8399   1.6071
4.7368   8.8361   1.6466
4.7777   8.858    1.7318
4.8014   8.8716   1.7899
4.8341   8.8843   1.8267
4.8414   8.8997   1.8821
4.8748   8.924    1.9142
4.9054   8.9149   1.9676
4.9131   8.9297   2.0236
4.9365   8.9264   2.0699
4.9494   8.9211   2.1186
4.9651   8.9423   2.1493
4.973    8.9431   2.183
4.9892   8.9519   2.2189
5.0157   8.9546   2.255
5.0255   8.9654   2.276
5.0723   8.923    2.2902
5.1112   8.9033   2.3986
5.1645   8.8562   2.4939
5.2476   8.8543   2.5339
5.3154   8.8619   2.5954
5.3665   8.887    2.6093
5.4241   8.9359   2.6264
5.4758   8.9714   2.636
5.5232   8.9939   2.6302
5.5577   9.0158   2.6351
5.5931   9.0696   2.6266
5.6243   9.1105   2.6027
5.7127   9.1349   2.5944
5.7252   9.1677   2.6072
5.7392   9.1786   2.5922





































































































































































6.9221   6.6077   1.4539   L_PRAM
6.9591   6.6899   1.5553
6.9661   6.6986   1.6301
6.9929   6.7579   1.7106
7.0081   6.8311   1.8229
7.0304   6.8908   1.9254
7.0387   6.9451   1.9794
7.0468   6.934    2.0357
7.0634   6.9368   2.1266
7.062    6.9858   2.1815
7.0609   6.9942   2.2679
7.0633   7.0008   2.3417
7.0287   7.054    2.4104
7.0134   7.0837   2.4508
7.0011   7.1499   2.4956
6.9707   7.2371   2.5636
6.9626   7.2466   2.5903
6.9318   7.2884   2.6069
6.9656   7.3583   2.6259
6.9966   7.3921   2.6402
7.0255   7.4868   2.6639
7.0529   7.5065   2.6635
7.089    7.5466   2.6523
7.1602   7.6141   2.6292
7.2036   7.6745   2.615
7.1978   7.6934   2.6226
7.2553   7.7329   2.6074













































































































































































5.8263   9.2414   2.5816   ARC
5.871    9.2656   2.5854
5.9258   9.2841   2.5891
5.9994   9.3315   2.5917
6.0733   9.3788   2.5945
6.1339   9.4008   2.5757
6.2183   9.4422   2.5788
6.2625   9.4807   2.5973
6.3218   9.4956   2.5889
6.4276   9.5307   2.6045
6.5433   9.5798   2.593
6.6214   9.6129   2.614
6.6907   9.6365   2.6206
6.8648   9.6996   2.6406
6.9234   9.7236   2.6354
7.0101   9.7609   2.6622
7.1854   9.8113   2.6427
7.2971   9.844    2.6213
7.3837   9.8478   2.607
7.4605   9.8566   2.5928
7.5325   9.8697   2.5912
7.6076   9.8716   2.587
7.6813   9.7948   2.5576
7.7762   9.7471   2.5562
7.7833   9.7312   2.5439
7.8095   9.6339   2.5607
7.8118   9.4891   2.6033
7.8186   9.3759   2.6153
7.7762   9.2664   2.6483
7.7275   9.0884   2.6572
7.6964   9.0342   2.6681
7.6441   8.8366   2.6432
7.5751   8.602    2.6301
7.5392   8.5404   2.6164
7.5122   8.4609   2.6083
7.4395   8.3305   2.6014
7.4078   8.2514   2.5991
7.3796   8.1794   2.5861
7.3504   8.0943   2.5936
7.3084   8.0238   2.5971
7.2807   7.9784   2.5893
7.2731   7.9115   2.5841
7.2513   7.8746   2.5901
