AMNH     99.1/1280mt4ms2.xls
9.0513   7.3231   -1.49    IS
9.4625   7.3333   -1.7312  ID
9.2867   7.5264   -1.77    R_I12
9.0542   7.7289   -1.7967  R_I2C
8.8518   7.757    -1.778   R_CP3
8.5245   7.666    -1.6833  R_P34
8.2848   7.6017   -1.6367  R_P4M1
7.9938   7.4754   -1.6036  R_M12
7.6389   7.3521   -1.5517  R_M23
7.2713   7.2134   -1.5245  R_DM3
8.5612   7.5329   -1.0673  R_MF
8.5298   7.6468   -1.3726  R_PCF
7.3368   7.5449   -1.3145  R_CB
7.625    7.2527   -1.3997  R_CL
6.4938   7.6428   -2.5401  R_COR
6.3082   7.4173   -2.1345  R_NOT
5.908    7.4998   -2.1717  R_CND
9.4842   7.1422   -1.7252  L_I12
9.4045   6.9541   -1.7417  L_I2C
9.2918   6.754    -1.7122  L_CP3
9.0573   6.6036   -1.6173  L_P34
8.8653   6.4333   -1.5694  L_P4M1
8.6025   6.2454   -1.4852  L_M12
8.2641   5.9996   -1.4427  L_M23
7.9864   5.7945   -1.4438  L_DM3
9.1032   6.7831   -1.0369  L_MF
9.1718   6.6216   -1.2769  L_PCF
8.4817   5.7812   -1.1278  L_CB
8.2127   6.0268   -1.3649  L_CL
8.1278   4.8586   -2.3118  L_COR
7.7656   4.9132   -1.9537  L_NOT
7.5962   4.4959   -1.9504  L_CND
9.5444   7.1469   -1.5015  O1
7.966    7.5617   -1.1189  O2
8.1034   5.4067   -1.1738  O3
6.4515   7.4155   -1.6275  O4








































9.4183   7.4379   -1.7606  I_SYM
9.3202   7.388    -1.7323
9.25     7.3448   -1.6727
9.1703   7.3      -1.6094
9.1079   7.2847   -1.5598
9.0741   7.2961   -1.4693
9.0449   7.2958   -1.4393
9.0612   7.3106   -1.3565
9.1104   7.335    -1.309
9.0791   7.3339   -1.268
9.0418   7.2945   -1.2282
8.9928   7.2939   -1.1773
8.967    7.2731   -1.1538
8.9413   7.2625   -1.1033
8.9215   7.2573   -1.0225

























































































































































































6.5149   7.6673   -2.5213  R_RAM
6.6003   7.6651   -2.4963
6.7161   7.6487   -2.4134
6.8139   7.6378   -2.3363
6.8526   7.6138   -2.2475
6.8852   7.5972   -2.1884
6.905    7.5761   -2.1112
6.9233   7.5692   -2.0549
6.9203   7.5319   -2.0281
6.9273   7.5023   -1.9265
6.9708   7.4992   -1.86
7.0026   7.4967   -1.7372
7.0304   7.5052   -1.7008
7.0346   7.5053   -1.6321
7.0356   7.5172   -1.5672
7.0674   7.5281   -1.5124
7.0852   7.5361   -1.441























































































































































































8.1669   4.9096   -2.3176  L_RAM
8.1791   4.939    -2.3106
8.2525   5.0116   -2.2476
8.2503   5.0482   -2.2302
8.2832   5.1046   -2.1778
8.2909   5.1688   -2.1321
8.2979   5.2173   -2.0794
8.3281   5.2417   -2.0093
8.3208   5.2544   -1.9483
8.2683   5.2664   -1.8407
8.2585   5.3663   -1.7637
8.2692   5.3744   -1.723
8.2668   5.3734   -1.6649
8.2783   5.3992   -1.6212
8.276    5.4092   -1.5557
8.2753   5.4386   -1.5468
8.2753   5.4404   -1.5089
8.276    5.44     -1.4815
8.2663   5.4444   -1.4113
8.2818   5.4839   -1.3828
8.2965   5.4933   -1.3573
8.2849   5.4998   -1.3737


















































































































































































9.0565   7.268    -1.615   MMF
8.6937   7.1357   -1.9945  GNA
8.928    7.569    -1.4479  O1
8.4571   6.2241   -1.9636  O2
6.59     7.5332   -1.8696  O3
7.4135   5.069    -1.5782  O4




9.0658   7.2882   -1.2024  E_SYM
9.0898   7.298    -1.3068
9.1048   7.3042   -1.3904
9.1174   7.273    -1.4715
9.0814   7.3066   -1.537
9.0515   7.2668   -1.5992
9.0406   7.2791   -1.6042
9.0186   7.2632   -1.7186
8.9755   7.2713   -1.7701
8.9519   7.2503   -1.8085
8.908    7.2349   -1.8652
8.8629   7.186    -1.9093
8.8259   7.1468   -1.937
8.7549   7.1347   -1.966
8.7214   7.1218   -1.9889
8.6761   7.114    -2.0118
8.6425   7.102    -2.0111























































































































































































6.8002   4.7028   -1.2865  R_PRAM
6.8157   4.7317   -1.346
6.8867   4.7508   -1.451
6.9441   4.8104   -1.5852
7.0119   4.8426   -1.6957
7.031    4.8811   -1.7724
7.0655   4.8987   -1.8725
7.09     4.9663   -1.9313
7.1011   4.9809   -2.055
7.1037   5.0035   -2.1223
7.0815   5.0702   -2.2165
7.075    5.1072   -2.2441
7.0612   5.153    -2.318
7.0736   5.2115   -2.3586
7.1007   5.2549   -2.38
7.119    5.3165   -2.4068
7.164    5.3528   -2.4293
7.2174   5.4069   -2.4454
7.2845   5.4484   -2.4445
7.357    5.4597   -2.4329
7.4335   5.5121   -2.4084
7.5221   5.5594   -2.3841
7.62     5.6462   -2.3482
7.683    5.7051   -2.3241
7.7222   5.7373   -2.3288
7.7503   5.7679   -2.3161
7.7627   5.7899   -2.3257
7.8466   5.8531   -2.3364












































































































































































5.6007   7.2282   -1.3724  L_PRAM
5.6516   7.2544   -1.4862
5.7181   7.2707   -1.5824
5.7671   7.2826   -1.6931
5.8083   7.334    -1.8015
5.836    7.3406   -1.9034
5.8745   7.3414   -2.006
5.9069   7.3231   -2.1164
5.9526   7.3009   -2.1916
5.9857   7.2847   -2.2671
6.0218   7.2426   -2.3184
6.0963   7.2336   -2.3787
6.1224   7.2221   -2.3805
6.2677   7.1873   -2.4557
6.3893   7.1857   -2.4939
6.4878   7.215    -2.4835
6.5988   7.2781   -2.4465
6.7002   7.3096   -2.4096
6.8183   7.3458   -2.378
6.8913   7.3437   -2.3782
6.9552   7.3186   -2.3819
6.9925   7.3289   -2.3654
7.0898   7.3593   -2.3706

















































































































































































7.8828   5.8392   -2.3204  ARC
7.9268   5.9085   -2.306
7.9736   5.9544   -2.3071
8.0325   6.0387   -2.2979
8.0959   6.1285   -2.2773
8.145    6.1977   -2.2732
8.2054   6.2766   -2.2828
8.2922   6.3685   -2.2871
8.4026   6.4945   -2.2818
8.4878   6.5845   -2.2703
8.5287   6.6536   -2.2407
8.5854   6.7286   -2.2182
8.6342   6.8143   -2.1842
8.6942   6.9239   -2.1365
8.724    7.0064   -2.0978
8.733    7.0778   -2.0636
8.7168   7.1326   -2.0451
8.6371   7.0798   -2.0261
8.5469   7.1297   -2.0604
8.462    7.1988   -2.1008
8.3935   7.2324   -2.1473
8.3078   7.2295   -2.1955
8.1695   7.2541   -2.2448
8.0544   7.2551   -2.2646
7.9322   7.2312   -2.2902
7.8223   7.214    -2.3071
7.7313   7.2153   -2.3175
7.6223   7.2148   -2.3189
7.5087   7.2193   -2.321
7.4233   7.2231   -2.3525
7.3474   7.2049   -2.3275
7.2311   7.1901   -2.3499
7.1694   7.1803   -2.3528
7.1295   7.2286   -2.3522
7.0461   7.2285   -2.3627
