AMNH     99.1/1283mt5ms.xls
13.3974  9.8196   -1.6944  IS
13.948   10.1053  -1.9852  ID
13.7686  10.2316  -1.9933  R_I12
13.4742  10.3143  -2.0523  R_I2C
13.2359  10.3143  -2.0271  R_CP3
13.0041  10.2017  -1.953   R_P34
12.7836  10.0915  -1.9084  R_P4M1
12.4235  9.9674   -1.8267  R_M12
12.1201  9.806    -1.7439  R_M23
11.7595  9.625    -1.7348  R_DM3
12.8349  10.0265  -1.1869  R_MF
12.8222  10.1347  -1.467   R_PCF
11.7514  9.9735   -1.2995  R_CB
12.096   9.6733   -1.5186  R_CL
10.659   10.0193  -2.7189  R_COR
10.4488  9.658    -2.3388  R_NOT
10.0547  9.6745   -2.4195  R_CND
9999     9999     9999     L_I12
9999     9999     9999     L_I2C
13.8204  9.3138   -1.9748  L_CP3
13.6314  9.1624   -1.9449  L_P34
13.4416  8.9684   -1.8809  L_P4M1
13.1472  8.7598   -1.8067  L_M12
12.877   8.5076   -1.7281  L_M23
12.5565  8.2138   -1.7397  L_DM3
13.5948  9.2191   -1.2366  L_MF
13.6361  9.1298   -1.4625  L_PCF
13.0617  8.2921   -1.3221  L_CB
12.8063  8.5677   -1.5619  L_CL
12.7524  7.1983   -2.6963  L_COR
12.2825  7.1514   -2.325   L_NOT
12.0876  6.656    -2.4149  L_CND
13.645   10.3877  -1.7783  O1
12.3     10.1011  -1.2714  O2
12.6145  7.6155   -1.4999  O3
10.5387  9.7198   -1.6937  O4








































13.8606  10.1424  -2.0257  I_SYM
13.8023  10.1129  -2.0135
13.7196  10.0632  -1.9759
13.6587  9.9819   -1.9406
13.617   9.9321   -1.8998
13.5648  9.9043   -1.8658
13.508   9.8655   -1.8299
13.4757  9.8353   -1.7884
13.4399  9.7985   -1.7568
13.4165  9.8025   -1.7095
13.3864  9.8295   -1.6085
13.4258  9.861    -1.5005
13.4485  9.865    -1.4188
13.37    9.8241   -1.3417
13.3226  9.8017   -1.2764
13.2822  9.7694   -1.2212
13.2889  9.7661   -1.1298























































































































































































10.6859  10.0161  -2.7411  R_RAM
10.8059  10.0846  -2.6762
10.898   10.0876  -2.5859
10.922   10.0746  -2.5539
11.0627  10.0877  -2.382
11.1189  10.0297  -2.2925
11.1516  9.9947   -2.1307
11.2132  9.9821   -1.9927
11.2517  9.9479   -1.9101
11.2781  9.9033   -1.79
11.2902  9.8968   -1.6602
11.324   9.9197   -1.5343
11.3605  9.9288   -1.436
11.3798  9.9273   -1.3615
11.393   9.9281   -1.3243
11.429   9.9355   -1.3046
























































































































































































12.7268  7.1501   -2.6941  L_RAM
12.7665  7.1991   -2.6579
12.7999  7.272    -2.6446
12.8163  7.3275   -2.6086
12.8401  7.3884   -2.5589
12.8389  7.3861   -2.5313
12.8651  7.4408   -2.4377
12.8689  7.4734   -2.3845
12.8917  7.4961   -2.3085
12.8699  7.546    -2.2693
12.8593  7.6054   -2.1548
12.8251  7.6578   -2.1173
12.8362  7.6588   -1.9976
12.8153  7.7775   -1.7671
12.8092  7.8285   -1.6677
12.8257  7.8391   -1.5649
12.8527  7.8548   -1.4523
12.8482  7.8573   -1.3458
12.8741  7.9032   -1.3372
12.8736  7.9411   -1.2763




















































































































































































12.5138  9.0124   -1.5149  MMF
12.0806  8.738    -2.0075  GNA
12.7841  8.8337   -1.2328  O1
12.2179  7.8847   -1.9202  O2
9.768    8.8401   -1.8256  O3
11.178   6.3005   -1.7687  O4




12.6603  9.0447   -1.0031  E_SYM
12.7008  9.0668   -1.1324
12.6755  9.0834   -1.226
12.6302  9.0692   -1.3179
12.5902  9.0672   -1.3945
12.5699  9.0713   -1.4411
12.5477  9.054    -1.5184
12.5422  9.0578   -1.5739
12.5126  9.0461   -1.6372
12.4697  9.0061   -1.6997
12.4223  8.9767   -1.7677
12.3661  8.937    -1.8549
12.3299  8.9013   -1.8991
12.271   8.8865   -1.9407
12.2462  8.8498   -1.9758
12.1947  8.8188   -2.0006
12.1393  8.7728   -2.018























































































































































































10.5129  5.8491   -1.4522  R_PRAM
10.5947  5.8334   -1.5334
10.6683  5.8367   -1.6032
10.74    5.8747   -1.6929
10.8261  5.9255   -1.7944
10.8977  5.9866   -1.915
10.9172  6.013    -1.9777
10.9364  6.0397   -2.0405
10.9635  6.114    -2.1628
10.9647  6.145    -2.2876
10.9614  6.1966   -2.3752
10.9468  6.3269   -2.3957
10.9246  6.3087   -2.5175
10.9361  6.3978   -2.581
10.9281  6.4689   -2.648
10.972   6.5608   -2.6734
11.0041  6.5966   -2.683
11.0774  6.6482   -2.6786
11.1462  6.7218   -2.6701
11.2115  6.7519   -2.6688
11.3025  6.8434   -2.6
11.3848  6.8976   -2.585
11.4439  6.9771   -2.5476
11.5159  7.0758   -2.5248
11.5363  7.1306   -2.5128
11.5765  7.1695   -2.5118














































































































































































8.7478   8.216    -1.3468  L_PRAM
8.7738   8.2842   -1.4
8.8339   8.3673   -1.5026
8.9465   8.4713   -1.6734
9.0075   8.4942   -1.794
9.045    8.5168   -1.8989
9.1078   8.5525   -1.9624
9.1642   8.5583   -2.1178
9.1975   8.5508   -2.2141
9.234    8.5257   -2.3712
9.2972   8.5178   -2.5169
9.3706   8.4741   -2.5604
9.4523   8.4913   -2.6138
9.5117   8.3684   -2.6365
9.6545   8.4062   -2.6698
9.795    8.4815   -2.6574
9.9076   8.5652   -2.5959
9.997    8.6225   -2.5347
10.0778  8.6743   -2.5019
10.2405  8.7306   -2.4889
10.3266  8.7538   -2.4756
10.3384  8.7461   -2.4837
10.4486  8.7757   -2.4691

















































































































































































11.6657  7.2657   -2.4717  ARC
11.7227  7.3679   -2.447
11.7557  7.4794   -2.4411
11.7952  7.6029   -2.4086
11.8539  7.6796   -2.3914
11.914   7.7784   -2.3802
12.0226  7.8948   -2.3536
12.0844  7.9939   -2.3205
12.1304  8.1015   -2.2941
12.1761  8.2128   -2.2478
12.2371  8.307    -2.1943
12.2534  8.3862   -2.1608
12.258   8.5242   -2.0934
12.2333  8.6601   -2.0322
12.2041  8.7303   -2.0164
12.0679  8.797    -2.0217
11.9144  8.8184   -2.0691
11.7423  8.8503   -2.143
11.596   8.8731   -2.2291
11.4491  8.8577   -2.2735
11.3064  8.8357   -2.3157
11.1425  8.8015   -2.3709
10.9982  8.7663   -2.3896
10.8582  8.7259   -2.4206
10.7313  8.7121   -2.4228
10.6234  8.6791   -2.4591
10.5679  8.6833   -2.4545
10.5028  8.6838   -2.4664
10.425   8.6618   -2.4899
