AMNH     106030   na17cs.xls
9.3137   9.7515   -2.1399  IS
9.742    10.1224  -2.6638  ID
9.4317   10.2223  -2.6883  R_I12
9.1006   10.2653  -2.5649  R_I2C
8.7514   10.1291  -2.4553  R_CP3
8.1805   9.7735   -2.4489  R_P34
7.791    9.3874   -2.3497  R_P4M1
7.3398   8.9766   -2.3194  R_M12
6.7197   8.3766   -2.216   R_M23
6.0152   7.8196   -2.3694  R_DM3
8.0228   9.8856   -1.0773  R_MF
7.9065   9.8255   -1.2205  R_PCF
5.8886   8.9556   -1.5252  R_CB
6.7725   8.3301   -2.0067  R_CL
4.3217   8.3784   -4.8512  R_COR
3.8985   7.7099   -4.1782  R_NOT
2.8543   7.3623   -4.4398  R_CND
9.9443   9.8534   -2.6595  L_I12
9.7749   9.5192   -2.5914  L_I2C
9.7192   9.0521   -2.5568  L_CP3
9.391    8.4926   -2.4858  L_P34
9.0543   8.0851   -2.3998  L_P4M1
8.6048   7.524    -2.2359  L_M12
8.1942   6.9181   -2.2466  L_M23
7.7207   6.1458   -2.4223  L_DM3
9.6598   8.3814   -1.0769  L_MF
9.6305   8.3714   -1.3153  L_PCF
8.9456   6.181    -1.63    L_CB
8.1376   6.8951   -1.7736  L_CL
8.3517   4.6888   -5.0329  L_COR
7.7196   4.1546   -4.3975  L_NOT
7.4181   3.168    -4.7598  L_CND
9.7972   8.6706   -1.8882  O1
9.1309   6.8802   -1.3986  O2
4.5473   7.9621   -3.3512  O3
7.6196   3.8979   -1.7713  O4








































9.7012   10.2008  -2.6423  I_SYM
9.5934   10.074   -2.5358
9.4944   9.9428   -2.4089
9.3894   9.8578   -2.3193
9.3391   9.7705   -2.1863
9.2937   9.7171   -1.9685
9.2904   9.6855   -1.8418
9.2266   9.5806   -1.6959
9.094    9.4748   -1.5966
8.9894   9.4219   -1.5258
8.9566   9.3428   -1.3705
8.934    9.3922   -1.2195
8.9789   9.4453   -1.0273
9.0558   9.4954   -0.8196


























































































































































































4.3404   8.2913   -4.8744  R_RAM
4.5193   8.3631   -4.7997
4.6767   8.359    -4.6567
4.7399   8.3765   -4.4368
4.8179   8.3504   -4.13
4.8746   8.3097   -3.8247
4.9203   8.2582   -3.5219
4.9785   8.2522   -3.2262
5.0654   8.3262   -2.9059
5.1437   8.4035   -2.6404
5.2263   8.449    -2.465
5.2702   8.5548   -2.2014
5.3881   8.7108   -1.9319
5.4481   8.7876   -1.7249
5.4791   8.8166   -1.6313

























































































































































































8.3369   4.7273   -5.0057  L_RAM
8.3288   4.9106   -4.8924
8.3726   5.0203   -4.6265
8.3132   5.1132   -4.3344
8.2872   5.1519   -4.0585
8.2624   5.2379   -3.7417
8.2763   5.2458   -3.4987
8.3063   5.3008   -3.2965
8.3942   5.3387   -3.0282
8.4663   5.4297   -2.795
8.5567   5.4314   -2.6063
8.6031   5.5157   -2.4112
8.7601   5.5983   -2.0889
8.8235   5.6349   -1.9026
8.8384   5.6754   -1.8125

























































































































































































9999     9999     9999     MMF
8.8141   8.2115   -3.1105  GNA
7.8066   8.9263   -2.104   O1
6.1607   8.4355   -3.1104  O2
6.8115   3.6391   -1.576   O3
3.1218   6.9532   -3.5829  O4




9.2343   8.6471   -1.1163  E_SYM
9.3559   8.7476   -1.3683
9.3949   8.7446   -1.607
9.4504   8.7367   -1.8634
9.368    8.7305   -2.1541
9.2785   8.6732   -2.3546
9.183    8.5882   -2.6385
9.0497   8.4946   -2.8465
8.9266   8.3961   -2.98
8.8314   8.3003   -3.0874
8.7789   8.2514   -3.1127





























































































































































































5.2731   2.1809   -1.48    R_PRAM
5.5106   2.1532   -1.6815
5.7598   2.1575   -1.9983
6.0125   2.2694   -2.4368
6.1468   2.3441   -3.0325
6.2244   2.4894   -3.5589
6.3113   2.808    -4.0502
6.4837   3.1714   -4.2782
6.7307   3.5028   -4.3562
6.9537   3.879    -4.3985
7.1915   4.296    -4.3968
7.3713   4.3468   -4.2023
7.5331   4.4624   -4.0663
7.6534   4.5624   -3.9982


























































































































































































2.1969   5.6726   -1.3992  L_PRAM
2.1294   5.9108   -1.6185
2.1898   6.1283   -1.9221
2.2855   6.3165   -2.3178
2.3886   6.4457   -2.6962
2.4263   6.5934   -3.1171
2.4891   6.5625   -3.4408
2.7562   6.6377   -3.9064
3.2489   6.8266   -4.254
3.8627   7.0431   -4.3624
4.3101   7.2356   -4.3511
4.6295   7.4185   -4.1858
4.8393   7.5806   -4.0479



























































































































































































7.6354   4.7371   -3.9955  ARC
7.8235   4.9618   -3.9273
8.0733   5.2992   -3.8792
8.2188   5.5151   -3.8711
8.3986   5.8005   -3.8253
8.661    6.185    -3.7354
8.8321   6.4784   -3.6658
8.9523   6.8151   -3.5746
9.0643   7.1206   -3.481
9.11     7.4119   -3.3686
9.1563   7.7027   -3.2571
9.0464   8.0203   -3.1255
8.9164   8.243    -3.0735
8.6835   8.4069   -3.1251
8.4551   8.5293   -3.2275
8.1366   8.6306   -3.3768
7.8114   8.6281   -3.5059
7.3865   8.5182   -3.6526
7.1493   8.4706   -3.7305
6.891    8.3777   -3.8193
6.477    8.192    -3.9371
6.0243   8.0084   -4.0295
5.5338   7.7816   -3.98
5.1221   7.637    -3.9811
4.8553   7.5483   -4.0469
