AMNH     103460   na19cs.xls
8.863    9.3559   -1.9221  IS
9.63     9.984    -2.3276  ID
9.271    10.2111  -2.3178  R_I12
8.9224   10.1254  -2.5174  R_I2C
8.5019   9.954    -2.4407  R_CP3
8.0633   9.6956   -2.3998  R_P34
7.576    9.3189   -2.3576  R_P4M1
7.0735   8.9036   -2.3112  R_M12
6.3735   8.3639   -2.3389  R_M23
5.5946   7.8226   -2.4437  R_DM3
7.6683   9.6547   -1.0494  R_MF
7.8112   9.7409   -1.183   R_PCF
5.5571   9.0367   -1.6389  R_CB
6.2706   8.2605   -1.8987  R_CL
9999     9999     9999     R_COR
9999     9999     9999     R_NOT
2.5296   7.6188   -4.087   R_CND
9.7917   9.6619   -2.2837  L_I12
9.6019   9.14     -2.4107  L_I2C
9999     9999     9999     L_CP3
9999     9999     9999     L_P34
8.8229   7.9532   -2.3607  L_P4M1
8.3599   7.4599   -2.3458  L_M12
7.7247   6.8666   -2.3804  L_M23
7.03     6.0039   -2.5723  L_DM3
9.1395   8.1244   -1.0314  L_MF
9.2494   8.2667   -1.1301  L_PCF
8.2464   5.9638   -1.6985  L_CB
7.6046   6.7516   -1.9737  L_CL
7.8186   4.7642   -4.562   L_COR
7.0603   4.1886   -3.8582  L_NOT
6.7771   3.3157   -4.1184  L_CND
8.1494   9.9866   -1.6828  O1
6.3369   9.194    -1.795   O2
7.6292   5.1461   -2.0717  O3
2.9888   7.5542   -2.9698  O4








































9.3757   9.8864   -2.433   I_SYM
9.178    9.7095   -2.3167
9.059    9.5179   -2.1675
8.9293   9.4088   -2.0745
8.8682   9.3278   -1.9337
8.7672   9.2517   -1.7678
8.69     9.1936   -1.6427
8.5781   9.1165   -1.5692
8.5202   8.9899   -1.4531
8.3952   8.9263   -1.2091
8.448    8.9638   -0.9925
8.4687   8.9783   -0.86
8.5563   9.0687   -0.6614



























































































































































































9999     9999     9999     R_RAM







































































































































































































7.8454   4.8057   -4.5619  L_RAM
7.907    5.0609   -4.3637
7.8797   5.1773   -4.0938
7.8355   5.2371   -3.6672
7.8437   5.315    -3.2861
7.8504   5.4263   -2.9111
7.9317   5.5318   -2.5703
7.9724   5.5475   -2.344
8.1078   5.6441   -2.0169
8.1243   5.6848   -1.8992






























































































































































































9999     9999     9999     MMF
7.778    8.1265   -3.0596  GNA
8.6333   7.8836   -1.8663  O1
7.8736   6.1985   -1.9573  O2
3.6571   7.4098   -2.3559  O3
5.8962   2.8503   -1.1511  O4




8.5433   9.1149   -1.2155  E_SYM
8.5471   9.1044   -1.491
8.5286   9.0645   -1.8162
8.4688   8.9608   -2.0821
8.3338   8.8915   -2.3236
8.2628   8.7571   -2.5517
8.138    8.5718   -2.7648
8.0091   8.4049   -2.9223
7.8962   8.2435   -3.0271
7.8229   8.1027   -3.0503






























































































































































































5.0026   2.4329   -0.4362  R_PRAM
5.1473   2.3625   -0.6907
5.4031   2.3802   -1.0134
5.5283   2.4256   -1.4354
5.6407   2.4744   -1.8373
5.7085   2.5591   -2.2991
5.7663   2.7691   -2.7225
5.8426   2.9486   -3.0099
5.9701   3.1543   -3.2066
6.0804   3.4743   -3.3839
6.2463   3.806    -3.5162
6.4205   4.1218   -3.555
6.545    4.2361   -3.4459
6.7238   4.455    -3.2947
6.8149   4.5394   -3.2352
6.8928   4.6563   -3.2001
























































































































































































1.7578   5.8123   -0.9604  L_PRAM
1.7555   6.0105   -1.3739
1.8859   6.1638   -1.8989
1.9462   6.2076   -2.5
2.1168   6.1985   -3.0507
2.3504   6.2121   -3.4028
2.4935   6.1718   -3.6204
2.9595   6.2654   -3.8751
3.4178   6.5745   -3.9178
3.7438   6.759    -3.8188
4.0097   7.0428   -3.6469
4.0852   7.0941   -3.6158
4.2015   7.1906   -3.597



























































































































































































6.9545   4.6913   -3.1974  ARC
7.1766   5.03     -3.1647
7.3165   5.3646   -3.1535
7.5322   5.7469   -3.1638
7.7118   6.0701   -3.1644
7.8978   6.4365   -3.142
8.0648   6.7992   -3.1167
8.1553   7.1384   -3.1101
8.2206   7.5729   -3.0764
7.9956   8.0287   -3.0295
7.7921   8.2247   -3.0749
7.506    8.3155   -3.1382
6.9854   8.4377   -3.3258
6.3987   8.2936   -3.4635
5.7057   8.0618   -3.51
5.1334   7.7328   -3.5409
4.5865   7.3758   -3.5621
4.3127   7.135    -3.5735
4.2312   7.1152   -3.5896
