AMNH     103467   na23cs.xls
-27.0741 11.9836  2.6907   IS
-26.178  12.3776  3.3222   ID
-26.1416 12.0137  3.2891   R_I12
9999     9999     9999     R_I2C
9999     9999     9999     R_CP3
9999     9999     9999     R_P34
9999     9999     9999     R_P4M1
9999     9999     9999     R_M12
-29.0997 10.4724  3.1046   R_M23
-30.0084 10.0591  3.1742   R_DM3
9999     9999     9999     R_MF
9999     9999     9999     R_PCF
-29.0541 9.2322   2.1442   R_CB
-29.0507 10.4389  2.6173   R_CL
-30.1968 8.6236   5.2163   R_COR
-31.0405 8.6981   4.3844   R_NOT
-31.8221 8.0635   4.6035   R_CND
-26.4236 12.5763  3.3059   L_I12
-26.6189 12.7263  3.2529   L_I2C
-27.0612 12.8207  3.1726   L_CP3
-27.6031 12.7126  3.1612   L_P34
-28.1216 12.6697  3.1651   L_P4M1
-28.8104 12.5184  3.1492   L_M12
-29.6014 12.3522  3.1169   L_M23
-30.6373 12.318   3.309    L_DM3
-27.7126 12.9321  1.5478   L_MF
-27.5624 13.0015  1.9504   L_PCF
-29.9811 13.5356  2.2185   L_CB
-29.8347 12.3403  2.5251   L_CL
-31.4655 13.4693  5.4909   L_COR
-32.1016 13.2523  4.6519   L_NOT
-32.9714 13.5019  4.8715   L_CND
-26.915  12.8142  2.0008   O1
-28.7614 12.9908  2.3211   O2
-30.3807 8.8311   4.015    O3
-32.3359 13.2437  2.7467   O4








































-26.1442 12.1939  3.3205   I_SYM
-26.3852 12.1474  3.2466
-26.5875 12.0916  3.0526
-26.7974 12.0299  2.8756
-27.0008 11.9871  2.783
-27.1396 11.9471  2.5744
-27.2785 11.9309  2.4216
-27.4132 11.8742  2.1322
-27.4869 11.7952  1.9817
-27.5745 11.768   1.803
-27.5531 11.7384  1.6204
-27.4471 11.728   1.4401
-27.3704 11.7568  1.2987



























































































































































































-30.2444 8.5916   5.2039   R_RAM
-29.9942 8.769    5.1467
-29.8341 8.9078   4.8396
-29.8277 8.9791   4.4909
-29.8221 9.0859   4.0674
-29.8056 9.176    3.7203
-29.7456 9.2027   3.3557
-29.6667 9.1973   2.9287
-29.5276 9.2063   2.634
-29.4347 9.1228   2.2941
-29.3215 9.1074   2.1215





























































































































































































-31.3702 13.5007  5.4911   L_RAM
-31.0662 13.4809  5.37
-30.888  13.3978  5.0183
-30.8338 13.3506  4.5462
-30.8004 13.3318  4.0555
-30.7962 13.3365  3.606
-30.7218 13.4078  3.1819
-30.6541 13.4789  2.8212
-30.5244 13.6156  2.582
-30.4076 13.7453  2.3396






























































































































































































9999     9999     9999     MMF
-28.7197 11.2506  3.9414   GNA
-28.0754 10.4839  2.9738   O1
-29.6227 9.443    3.1064   O2
-33.1475 12.3764  2.1569   O3
-32.7605 7.5801   3.4992   O4




9999     9999     9999     E_SYM







































































































































































































-35.0863 11.7211  2.3855   R_PRAM
-35.0414 11.8446  2.5444
-34.8891 12.0167  2.8319
-34.7155 12.1274  3.3081
-34.5682 12.1719  3.7064
-34.4118 12.1557  4.1694
-34.1981 12.1427  4.565
-33.8412 12.1347  4.8821
-33.4304 12.2024  5.0232
-33.1292 12.2435  5.1082
-32.7754 12.259   5.1145
-32.4236 12.2654  4.9981
-32.0842 12.275   4.8194
-31.9449 12.3229  4.7557


























































































































































































-34.1014 7.7453   2.0713   L_PRAM
-33.9118 7.4918   2.3038
-33.6229 7.3885   2.6908
-33.4255 7.3701   3.2728
-33.335  7.3219   3.7296
-33.1987 7.3746   4.1869
-32.8983 7.5425   4.5292
-32.5277 7.6476   4.7036
-32.3728 7.8064   4.787
-31.8903 8.0729   4.7624
-31.4529 8.387    4.5783
-31.1766 8.5232   4.5311




























































































































































































-31.9017 12.3644  4.6715   ARC
-31.4545 12.3823  4.5516
-30.8717 12.3382  4.4586
-30.2373 12.2449  4.271
-29.579  12.1476  4.1613
-29.1302 11.9466  4.0688
-28.7459 11.619   3.9677
-28.6375 11.1853  3.9517
-28.717  10.6271  4.0566
-29.1586 10.113   4.2016
-29.7536 9.7375   4.2139
-30.0883 9.5472   4.1415
-30.4062 9.3267   4.1043
-30.8285 8.9421   4.2921
-31.1075 8.7248   4.442
-31.1846 8.5633   4.5959
