AMNH     103471   na26cs.xls
6.2457   32.5438  2.8968   IS
6.4966   31.7718  3.3099   ID
6.105    31.7431  3.2601   R_I12
5.911    32.0898  3.2328   R_I2C
5.5171   32.6538  3.1817   R_CP3
5.2733   33.1569  3.1545   R_P34
5.2045   33.6077  3.1932   R_P4M1
4.8218   34.2808  3.2588   R_M12
4.6105   34.9878  3.2931   R_M23
4.2945   35.8461  3.4683   R_DM3
5.1241   33.0094  1.913    R_MF
4.9176   33.2453  2.1335   R_PCF
9999     9999     9999     R_CB
4.6507   34.9276  2.8249   R_CL
2.8159   35.9689  5.8346   R_COR
2.6639   36.7369  5.2698   R_NOT
1.9381   37.5451  5.5958   R_CND
6.7828   31.9141  3.2838   L_I12
6.9752   32.1928  3.2063   L_I2C
7.1409   32.8693  3.113    L_CP3
7.077    33.4783  3.1839   L_P34
6.9645   33.9024  3.1796   L_P4M1
6.8778   34.6289  3.2058   L_M12
6.7494   35.3895  3.2167   L_M23
6.6214   36.3308  3.3573   L_DM3
7.1004   33.2309  1.8318   L_MF
7.1781   33.7466  2.0042   L_PCF
7.5997   35.6404  2.4464   L_CB
6.6939   35.5234  2.8345   L_CL
8.2725   36.9697  5.7054   L_COR
7.9046   37.7069  5.0705   L_NOT
8.1731   38.8428  5.3852   L_CND
5.2204   32.6946  2.2958   O1
3.1983   35.7042  2.7364   O2
7.7244   37.0441  4.1634   O3
2.352    37.5036  2.774    O4








































6.4066   31.7513  3.3643   I_SYM
6.3959   31.9484  3.3786
6.3567   32.1199  3.2827
6.2921   32.296   3.1616
6.2629   32.4458  3.0458
6.2691   32.563   2.9454
6.24     32.5507  2.8097
6.2147   32.6009  2.671
6.1817   32.7946  2.6498
6.1734   32.813   2.5099
6.1387   32.9192  2.308
6.104    33.1598  2.2659
6.054    33.3353  2.1672
6.0512   33.376   2.0015
6.0556   33.3202  1.8128
6.0463   33.2252  1.6315
6.0551   32.9206  1.3463























































































































































































9999     9999     9999     R_RAM







































































































































































































8.2426   36.9787  5.7246   L_RAM
8.2093   36.7188  5.6715
8.1073   36.4856  5.4706
8.0272   36.4141  5.2532
7.9211   36.4388  4.954
7.8351   36.4788  4.6036
7.7706   36.5017  4.3022
7.6924   36.4765  3.8825
7.6377   36.4268  3.5742
7.6576   36.3166  3.1724
7.7096   36.2119  2.7562
7.735    36.2085  2.395
7.7461   36.1035  2.0729



























































































































































































9999     9999     9999     MMF
5.7651   34.3388  4.1465   GNA
6.6553   34.3562  3.2565   O1
7.1423   37.9816  3.6674   O2
2.3107   37.7002  2.3716   O3
7.0295   39.9878  4.1533   O4




5.986    33.3973  2.1246   E_SYM
6.0003   33.3952  2.3806
5.9436   33.4071  2.7143
5.9483   33.4596  2.9837
5.9543   33.5326  3.2695
5.9367   33.6172  3.5359
5.9292   33.7962  3.8056
5.8436   34.0242  4.0258
5.7797   34.2232  4.1509
5.7165   34.3991  4.1706






























































































































































































6.5342   41.0628  1.9898   R_PRAM
6.6585   40.9899  2.1137
6.8572   40.837   2.4065
6.9324   40.7759  2.7376
7.0003   40.7184  3.0852
7.0412   40.6993  3.4624
7.0588   40.665   4.0097
6.9879   40.4605  4.3932
6.8659   40.1636  4.7234
6.7973   39.9188  4.8638
6.7437   39.7147  4.9984
6.7645   39.2941  5.1501
6.7521   38.9537  5.2013
6.8228   38.4832  5.1804
6.855    38.0582  5.0568
6.8727   37.8751  4.9798
























































































































































































1.8657   39.757   1.9558   L_PRAM
1.7365   39.6546  2.1519
1.6644   39.4392  2.4555
1.6444   39.2879  2.8951
1.6322   39.1619  3.4489
1.6584   39.1331  3.9007
1.7417   39.2478  4.2423
1.9564   39.0743  4.6922
2.1437   38.8116  4.9837
2.4304   38.4395  5.2395
2.7507   38.0078  5.3217
3.0159   37.577   5.322
3.1824   37.1979  5.1892
3.2337   36.8893  5.0169
3.268    36.8131  5.0004

























































































































































































9999     9999     9999     ARC
5.7789   34.3211  4.1641
5.4325   34.244   4.2359
5.0607   34.3389  4.3378
4.7086   34.6329  4.4563
4.3774   34.9402  4.5384
4.02     35.3745  4.664
3.7849   35.7339  4.766
3.5376   36.1689  4.8694
3.3771   36.6353  4.9681
3.2654   36.875   5.0169
3.2139   36.9313  5.0158
