AMNH     85171    na2cs.xls
9.548    8.3042   -2.7292  IS
10.3847  8.9624   -3.3536  ID
9.9762   9.1495   -3.3918  R_I12
9.5545   9.1325   -3.3582  R_I2C
8.9577   9.0428   -3.2373  R_CP3
8.4311   8.6592   -3.2598  R_P34
8.1022   8.3865   -3.2624  R_P4M1
7.5182   7.8669   -3.2037  R_M12
6.9463   7.4213   -3.169   R_M23
6.185    6.6299   -3.4158  R_DM3
8.0054   8.559    -1.3056  R_MF
8.2719   8.6964   -1.5339  R_PCF
6.1718   7.8699   -1.8729  R_CB
6.9871   7.2269   -2.9702  R_CL
3.6615   6.4814   -5.9802  R_COR
3.1155   5.9927   -5.0172  R_NOT
1.7304   5.5621   -5.3493  R_CND
10.5288  8.6136   -3.3929  L_I12
10.457   8.2548   -3.3295  L_I2C
10.3118  7.7525   -3.2653  L_CP3
10.0831  7.1517   -3.2012  L_P34
9.7566   6.7284   -3.1785  L_P4M1
9.2916   6.1765   -3.1222  L_M12
8.6707   5.5866   -3.1329  L_M23
8.073    4.7922   -3.442   L_DM3
9.9619   6.7078   -1.2854  L_MF
10.0124  6.8656   -1.4845  L_PCF
9.2825   5.0307   -2.0537  L_CB
8.6336   5.5981   -2.7807  L_CL
8.034    2.3508   -6.0523  L_COR
7.5675   1.7221   -4.9714  L_NOT
7.1824   0.411    -5.3294  L_CND
10.4451  8.1607   -2.1394  O1
9.3203   4.9339   -1.9174  O2
4.0156   6.3998   -4.0344  O3
7.2449   1.1372   -2.7562  O4








































10.2288  9.0209   -3.3657  I_SYM
10.0949  8.8824   -3.3238
9.9735   8.7751   -3.2078
9.8938   8.6317   -3.0948
9.7732   8.5622   -2.9675
9.6951   8.3993   -2.8709
9.5454   8.3042   -2.7905
9.554    8.3115   -2.5672
9.5595   8.3403   -2.4628
9.5177   8.223    -2.2116
9.4048   8.1351   -2.1454
9.234    7.9823   -2.1143
9.1465   7.8515   -1.9761
9.1342   7.8112   -1.6996
9.1027   7.8725   -1.4903
9.1877   7.9449   -1.2807
9.2257   7.9371   -1.1328
9.2646   8.0218   -0.9565






















































































































































































3.675    6.4822   -5.9865  R_RAM
3.9016   6.6756   -6.0644
4.1623   6.7786   -5.941
4.4383   6.8847   -5.6611
4.579    6.9247   -5.4078
4.7102   6.9259   -5.0782
4.7571   6.9342   -4.6662
4.8057   6.9299   -4.3326
4.855    6.9529   -4.0313
4.9505   7.0133   -3.6457
4.9574   7.0212   -3.3441
5.0098   7.0556   -2.9426
5.0645   7.1278   -2.6989
5.0562   7.1845   -2.4172
5.0889   7.2808   -2.2328

























































































































































































8.0104   2.2207   -6.097   L_RAM
8.1177   2.4541   -6.1003
8.2316   2.6927   -5.9668
8.3359   2.8527   -5.7521
8.3824   3.0009   -5.521
8.4133   3.1359   -5.1598
8.4449   3.1938   -4.8189
8.4024   3.2772   -4.4286
8.4364   3.3678   -4.0136
8.4963   3.4288   -3.6678
8.5272   3.4502   -3.1014
8.5776   3.521    -2.7696
8.6228   3.536    -2.5384
8.6597   3.5818   -2.41


























































































































































































9999     9999     9999     MMF
9.6561   8.2603   -3.8608  GNA
9.5547   9.2616   -2.4862  O1
6.4905   8.173    -3.4585  O2
7.9466   2.6036   -1.9497  O3
2.7769   5.85     -3.5109  O4




10.2393  9.045    -1.3484  E_SYM
10.2619  9.0343   -1.6463
10.2494  8.9956   -1.945
10.2577  8.9661   -2.2239
10.2281  8.9058   -2.5153
10.2011  8.8758   -2.7846
10.1498  8.8774   -2.9791
10.1182  8.8487   -3.2084
10.0107  8.7585   -3.4846
9.8911   8.6261   -3.6599
9.7467   8.4681   -3.801
9.6495   8.3614   -3.8641
9.4887   8.1989   -3.8651



























































































































































































6.1781   0.5786   -1.8253  R_PRAM
6.3595   0.5591   -2.0624
6.4928   0.6133   -2.1927
6.697    0.6568   -2.3869
6.8196   0.6818   -2.5569
6.9637   0.678    -2.7807
7.1008   0.6845   -3.0844
7.2512   0.7812   -3.3921
7.321    0.811    -3.7042
7.4487   0.8798   -4.067
7.5116   1.011    -4.2569
7.7555   1.3422   -4.6215
7.927    1.5907   -4.8523
8.0458   1.8829   -5.0121
8.2063   2.213    -5.1842
8.3716   2.5658   -5.2581
8.5536   2.9689   -5.2572
8.6982   3.2965   -5.2331
8.7379   3.477    -5.2016
8.8698   3.6299   -5.0589
9.0146   3.9442   -4.9068
9.0839   4.0524   -4.8736


















































































































































































2.0646   4.308    -1.7039  L_PRAM
2.0433   4.4726   -1.9415
2.0652   4.6397   -2.1012
2.044    4.8159   -2.3422
2.0983   5.0171   -2.5633
2.1363   5.139    -2.9117
2.1256   5.2669   -3.1573
2.1849   5.4666   -3.5251
2.2239   5.5665   -3.7377
2.2968   5.6569   -3.9693
2.3937   5.7726   -4.229
2.6108   5.7525   -4.469
2.9931   6.0743   -4.8406
3.3667   6.3675   -5.044
3.7172   6.5273   -5.2188
4.1141   6.6863   -5.3244
4.3813   6.7838   -5.3129
4.7009   6.9049   -5.2712
4.9353   6.9673   -5.2229
5.0779   7.0816   -5.0758
5.2282   7.2279   -4.9511
5.3609   7.3776   -4.8867
5.4743   7.4514   -4.8602

















































































































































































9.0758   4.1999   -4.8418  ARC
9.2385   4.4624   -4.837
9.4176   4.7742   -4.8013
9.58     5.1427   -4.7027
9.7654   5.5172   -4.6421
9.9228   5.8721   -4.5702
10.0184  6.1367   -4.5524
10.0738  6.5109   -4.5007
10.1133  6.8043   -4.4216
10.1275  7.2056   -4.286
10.0969  7.5255   -4.1528
9.994    7.7752   -4.0313
9.9307   7.9705   -3.9821
9.7926   8.1886   -3.8846
9.6754   8.3061   -3.8756
9.4584   8.3749   -3.8751
9.1744   8.6133   -3.986
8.8283   8.6357   -4.1355
8.4393   8.5937   -4.3067
8.0811   8.5858   -4.4547
7.6994   8.4862   -4.5513
7.2608   8.3464   -4.62
6.9216   8.21     -4.6766
6.5984   8.1159   -4.7266
6.2917   7.9031   -4.8016
5.9509   7.7154   -4.8499
5.7257   7.5299   -4.8528
5.6084   7.4439   -4.8638
5.4572   7.4345   -4.9037
