AMNH     106031   na5ms2.xls
11.9354  9.8868   2.3883   IS
12.7721  11.113   3.6984   ID
13.0172  10.8349  3.7026   R_I12
13.1144  10.5135  3.628    R_I2C
12.9973  9.7762   3.5879   R_CP3
12.6101  9.161    3.5563   R_P34
12.3112  8.7135   3.5187   R_P4M1
11.8266  8.2388   3.5469   R_M12
11.2939  7.6246   3.549    R_M23
10.8053  6.8073   3.7003   R_DM3
12.8179  9.1559   1.9364   R_MF
12.7366  8.8002   2.4315   R_PCF
9999     9999     9999     R_CB
9999     9999     9999     R_CL
11.1413  4.6183   6.1573   R_COR
10.5535  3.7981   5.2413   R_NOT
10.6072  2.8755   5.634    R_CND
12.4804  11.22    3.7862   L_I12
12.2496  11.3539  3.6506   L_I2C
11.554   10.8786  3.6152   L_CP3
10.9393  10.3652  3.6693   L_P34
10.6203  10.1285  3.615    L_P4M1
10.191   9.6663   3.5065   L_M12
9.7286   8.9935   3.5879   L_M23
9.0981   8.3829   3.7195   L_DM3
10.9222  10.7312  1.9559   L_MF
10.7076  10.6698  2.4394   L_PCF
8.8744   9.7051   2.2085   L_CB
9.8603   9.0671   3.1241   L_CL
7.0419   8.2584   6.3332   L_COR
6.2803   7.5242   5.4264   L_NOT
5.2561   7.3681   5.8187   L_CND
13.2336  10.354   2.5147   O1
12.5296  8.2956   2.709    O2
7.5793   8.6474   2.7557   O3
10.4915  3.8229   3.935    O4








































12.9146  10.9774  3.7246   I_SYM
12.7276  10.8435  3.7511
12.5916  10.6713  3.6777
12.538   10.6226  3.6485
12.5026  10.5934  3.5262
12.404   10.4742  3.4339
12.3447  10.416   3.3749
12.3055  10.357   3.2957
12.3441  10.3487  3.1821
12.3123  10.319   2.9858
12.2338  10.2338  2.9482
12.2393  10.2132  2.8617
12.2867  10.2554  2.7294
12.1585  10.1567  2.6315
12.0824  10.0235  2.6091
12.0228  9.9497   2.5631
11.975   9.9074   2.5294
11.9649  9.8766   2.4723
11.9262  9.8642   2.345
12.0137  9.9038   2.0453
12.1934  10.0681  1.7999
12.2473  10.1071  1.6647
12.2847  10.185   1.4139
12.3547  10.2808  1.3516
















































































































































































11.0697  4.5462   6.1677   R_RAM
11.1133  4.6697   6.2022
11.1827  4.8802   6.0564
11.2282  5.0767   5.8224
11.2386  5.1644   5.6366
11.2256  5.3015   5.3835
11.2128  5.422    5.0894
11.1904  5.4836   4.8971
11.1872  5.546    4.6267
11.1872  5.5965   4.411
11.203   5.6325   4.2747
11.2232  5.689    4.1647
11.2566  5.7601   3.9201
9999     9999     9999


























































































































































































7.0819   8.2816   6.3761   L_RAM
7.1961   8.3627   6.3099
7.35     8.3964   6.1391
7.4397   8.433    6.0002
7.538    8.4671   5.7583
7.6153   8.4797   5.5656
7.6535   8.4931   5.3043
7.7249   8.5037   5.0399
7.7643   8.4806   4.9877
7.8025   8.4997   4.828
7.8388   8.6169   4.2971
7.9137   8.6658   4.1065
7.9678   8.724    3.9407
8.0092   8.8489   3.4196
8.0378   8.9394   3.1792
8.0482   9.0231   2.9285
8.0722   9.1032   2.7596
8.1231   9.177    2.6127
8.1597   9.2427   2.487
8.23     9.3523   2.3529




















































































































































































9999     9999     9999     MMF
12.2385  9.7535   3.9968   GNA
12.1044  10.6536  2.7613   O1
10.2555  9.7174   2.8785   O2
11.2515  4.7767   3.4651   O3
6.0396   6.8927   2.4224   O4




12.7113  10.3035  1.6199   E_SYM
12.7717  10.4037  1.8169
12.8026  10.4452  2.0202
12.7995  10.4918  2.1343
12.8093  10.4611  2.2671
12.806   10.4477  2.3627
12.8102  10.4469  2.4812
12.7934  10.4494  2.5673
12.8251  10.4326  2.6686
12.7986  10.4201  2.8366
12.7746  10.4061  2.9447
12.7538  10.417   3.0198
12.7515  10.4148  3.0965
12.7305  10.4116  3.1687
12.6998  10.4054  3.2966
12.6982  10.3795  3.4072
12.6508  10.4346  3.3731
12.627   10.4159  3.4421
12.5818  10.3776  3.5704
12.5317  10.3588  3.6369
12.4926  10.2746  3.7352
12.418   10.2091  3.8317
12.3239  10.0892  3.9436
12.2371  10.0384  4
12.1979  9.9677   4.0261
12.1866  9.8531   4.0075
12.0854  9.7773   4.0141













































































































































































5.1458   5.6991   1.4041   R_PRAM
5.1788   5.7911   1.5423
5.1936   5.8993   1.6745
5.2525   6.0096   1.8515
5.3174   6.1387   2.0667
5.355    6.2051   2.2314
5.3705   6.2132   2.4147
5.4103   6.2567   2.6184
5.4205   6.2773   2.7257
5.4414   6.2857   2.8734
5.4585   6.3225   3.0441
5.4624   6.3159   3.1573
5.4877   6.2896   3.2885
5.5538   6.2735   3.4804
5.6167   6.2231   3.6271
5.6936   6.2072   3.7234
5.7572   6.1793   3.8516
5.7872   6.2293   3.9356
5.8427   6.273    4.123
5.9868   6.3578   4.2557
6.1124   6.4037   4.4676
6.2579   6.443    4.6135
6.4118   6.5027   4.761
6.5871   6.6063   4.8621
6.7352   6.7313   4.9367
6.6251   6.6723   4.8968
6.733    6.7539   4.9389
6.9388   6.9275   5.0357
7.0729   7.0421   5.1053
7.1976   7.1261   5.1756
7.3368   7.2372   5.2335
7.4782   7.3134   5.2893
7.5951   7.349    5.2742
7.7058   7.4283   5.2702
7.8187   7.4798   5.2073
7.9643   7.5483   5.1722
8.0709   7.601    5.1638
8.1556   7.7198   5.0963
8.2751   7.8066   5.0572
8.3621   7.9076   4.9983
8.3053   7.9435   4.9824
8.4057   8.095    4.8914
8.4329   8.2183   4.8725
8.5382   8.4259   4.836
8.5865   8.4797   4.8299
8.6613   8.5582   4.8341


























































































































































9.0724   2.1334   1.3905   L_PRAM
9.132    2.1398   1.5095
9.2452   2.169    1.6381
9.3469   2.204    1.739
9.4339   2.2673   1.872
9.5442   2.3153   2.0232
9.5969   2.3689   2.1572
9.6505   2.4169   2.2474
9.6921   2.4702   2.4525
9.7022   2.4855   2.6564
9.7251   2.5395   2.7724
9.7527   2.5488   2.909
9.7948   2.5619   3.0744
9.8046   2.5867   3.2
9.8332   2.5845   3.381
9.8277   2.6019   3.5722
9.8618   2.6461   3.6917
9.8975   2.7224   3.8631
9.8759   2.7698   3.9684
9.8393   2.7834   3.9659
9.7992   2.8547   4.1373
9.81     2.9734   4.3186
9.8494   3.0444   4.4192
9.8836   3.1525   4.5563
9.9276   3.234    4.6385
9.9888   3.3437   4.7609
10.0434  3.4628   4.8816
10.1066  3.615    4.9934
10.136   3.7001   5.0251
10.2354  3.8849   5.1007
10.2401  3.9429   5.1354
10.3701  4.0926   5.2275
10.4063  4.2126   5.2366
10.4481  4.3313   5.232
10.5026  4.4547   5.2503
10.5093  4.6106   5.3336
10.5681  4.7435   5.2931
10.6182  4.844    5.2949
10.608   4.9344   5.3647
10.7019  5.0558   5.3094
10.7699  5.1553   5.2584
10.8625  5.2999   5.1601
10.9478  5.4119   5.081
11.031   5.533    5.0277
11.1084  5.6184   4.9802
11.2391  5.7494   4.8959
11.3495  5.8623   4.8385
11.4886  5.9724   4.8149
11.5624  6.0804   4.8072
11.6354  6.1709   4.8086






















































































































































8.6966   8.6082   4.825    ARC
8.7997   8.71     4.8187
8.9433   8.8498   4.8058
9.0569   8.9459   4.795
9.2008   9.0652   4.7782
9.3313   9.1718   4.7651
9.494    9.2714   4.7126
9.6076   9.3513   4.6959
9.6975   9.4399   4.6934
9.7485   9.4784   4.6912
9999     9999     9999
10.8877  9.955    4.3757
11.0632  10.0214  4.3227
11.2154  10.0191  4.2847
11.36    10.0301  4.2214
11.5193  10.0473  4.1926
11.6742  10.0514  4.1618
11.8426  10.0074  4.1221
12.0304  9.9566   4.0629
12.1401  9.8651   4.0496
12.1986  9.8239   4.0521
12.2334  9.5588   4.0362
12.3382  9.3448   4.0659
12.4512  9.0696   4.1491
12.4675  8.8411   4.2047
12.446   8.5789   4.2851
12.4146  8.3652   4.3706
12.3592  8.0845   4.4485
12.2774  7.8349   4.532
12.186   7.5775   4.572
12.1351  7.4036   4.6216
12.0417  7.2138   4.6643
11.9571  7.019    4.6902
11.8815  6.8692   4.7389
11.7674  6.6471   4.7661
11.6988  6.5015   4.7776
11.6313  6.3268   4.811
11.5773  6.1933   4.8197
11.5574  6.1696   4.8171
11.5093  6.072    4.8302
