AMNH     106032   na6ms2.xls
10.5437  12.0118  3.1155   IS
11.0436  12.7047  3.7892   ID
11.3476  12.4269  3.772    R_I12
11.3195  12.033   3.6806   R_I2C
11.0367  11.4738  3.5506   R_CP3
10.6585  10.7569  3.4507   R_P34
10.2764  10.3144  3.4473   R_P4M1
9.9313   9.8708   3.4328   R_M12
9.291    9.2719   3.4039   R_M23
8.7795   8.5089   3.442    R_DM3
10.7842  10.376   1.75     R_MF
10.7892  10.4632  2.4863   R_PCF
10.0864  8.4799   2.2502   R_CB
9.2594   9.2805   3.0767   R_CL
8.8908   6.285    6.025    R_COR
8.2858   5.6293   5.0582   R_NOT
7.8906   4.4024   5.4857   R_CND
10.8109  12.908   3.791    L_I12
10.4271  12.9758  3.7915   L_I2C
9.9691   12.6006  3.5711   L_CP3
9.3219   12.1637  3.4579   L_P34
8.7973   11.8179  3.4251   L_P4M1
8.3786   11.4386  3.4127   L_M12
7.8349   10.8748  3.337    L_M23
7.0394   10.3397  3.445    L_DM3
9.1762   12.5034  1.7866   L_MF
8.8794   12.3894  2.5584   L_PCF
7.0128   11.7955  1.8882   L_CB
7.8367   10.8597  2.9791   L_CL
4.7699   10.5251  5.9639   L_COR
4.2304   9.9517   5.0307   L_NOT
3.2419   9.6851   5.3825   L_CND
11.3869  12.2683  2.6001   O1
10.2919  9.2824   2.417    O2
5.6847   11.0624  1.8586   O3
8.5125   5.7639   3.1828   O4








































11.1645  12.6105  3.7802   I_SYM
11.0059  12.4692  3.6961
10.8986  12.3469  3.5445
10.8024  12.2638  3.4343
10.6852  12.1589  3.3218
10.6119  12.0933  3.2375
10.572   12.0467  3.1952
10.518   12.0144  3.1495
10.5126  11.9972  3.0675
10.5229  11.9516  2.8728
10.4868  11.9508  2.5389
10.4033  11.8465  2.4716
10.2511  11.7252  2.4504
10.1479  11.6317  2.3911
10.1115  11.5621  2.3226
10.0881  11.5449  2.2486
10.1036  11.5184  1.9442
10.2024  11.5906  1.7234
10.2335  11.6132  1.5607
10.2268  11.6359  1.4438
10.3397  11.6703  1.2867



















































































































































































8.897    6.1952   5.9661   R_RAM
8.9788   6.2641   5.9965
9.0425   6.3631   6.0064
9.096    6.4466   5.9874
9.1586   6.5874   5.914
9.1931   6.7334   5.7698
9.2046   6.893    5.6033
9.2315   7.0032   5.4065
9.2178   7.071    5.249
9.2378   7.1758   5.0054
9.2066   7.2108   4.8408
9.2024   7.2256   4.6761
9.2255   7.3182   4.4235
9.2585   7.3933   4.1535
9.3269   7.5008   3.9206
9.388    7.5587   3.7025
9.4423   7.5843   3.4599
9.4786   7.6034   3.2808
9.5568   7.6506   3.0213
9.5682   7.6502   2.9257
9.6214   7.7023   2.8419



















































































































































































4.7149   10.4945  5.9545   L_RAM
4.889    10.6168  5.9682
5.0556   10.6856  5.9749
5.1797   10.7083  5.9125
5.3217   10.7652  5.7688
5.435    10.7941  5.6133
5.5449   10.8216  5.363
5.6189   10.8184  5.1214
5.7001   10.7897  4.9446
5.7108   10.7701  4.8717
5.8219   10.8073  4.2605
5.9132   10.8407  4.0813
6.0113   10.9039  3.8339
6.0358   10.9974  3.528
6.1005   11.0203  3.2606
6.1511   11.1138  3.0053
6.1771   11.2249  2.8114
6.3157   11.3189  2.6232
6.3719   11.352   2.4784
6.4572   11.424   2.3537




















































































































































































9999     9999     9999     MMF
9.4111   10.6465  3.9284   GNA
9.806    11.6937  2.4632   O1
7.0127   10.7298  3.0596   O2
8.5671   6.0217   3.9461   O3
3.4122   9.0709   2.9092   O4




10.1788  11.343   1.3767   E_SYM
10.2166  11.3706  1.5303
10.2225  11.4303  1.7791
10.233   11.4179  1.9924
10.232   11.4449  2.1866
10.194   11.458   2.3296
10.1523  11.3884  2.5968
10.1106  11.3915  2.726
10.0737  11.3259  2.9545
10.0432  11.3142  3.0715
9.9947   11.3148  3.1968
9.9039   11.3168  3.3537
9.8203   11.3264  3.4407
9.8098   11.2743  3.5155
9.7623   11.258   3.5695
9.7916   11.1393  3.5562
9.7244   11.0688  3.6492
9.6157   10.9884  3.7495
9.5408   10.9171  3.8055
9.444    10.8293  3.8772
9.3885   10.7434  3.9127
9.3178   10.6959  3.9266
9.2359   10.6379  3.907

















































































































































































2.0372   7.4071   1.3      R_PRAM
2.0158   7.5195   1.4202
2.0014   7.6507   1.5922
2.0404   7.8418   1.8525
2.0586   7.9263   1.9434
2.152    8.0298   2.1809
2.2024   8.1173   2.3528
2.3087   8.1988   2.5487
2.3609   8.2441   2.6946
2.437    8.3285   2.8369
2.5026   8.3953   3.0262
2.5282   8.5254   3.2431
2.5837   8.6069   3.466
2.6416   8.6637   3.6944
2.7173   8.6773   3.841
2.8267   8.7127   3.9826
2.9339   8.7666   4.1222
3.0833   8.8157   4.3066
3.2583   8.8473   4.4857
3.3693   8.9157   4.5585
3.5507   9.0149   4.6713
3.6886   9.0926   4.736
3.9459   9.2041   4.7878
4.1511   9.3445   4.8383
4.3492   9.4103   4.9091
4.4839   9.4783   4.9803
4.6252   9.5302   4.9655
4.803    9.5906   5.0238
4.8887   9.6586   4.9877
5.0049   9.7312   4.9628
5.0526   9.8091   4.9624
5.1873   9.8458   4.7708
5.3151   9.9364   4.7025
5.4233   10.0167  4.6791
5.5323   10.1095  4.6586
5.6718   10.2033  4.6481
5.7578   10.2577  4.669
5.8195   10.2811  4.6655
5.8719   10.3526  4.6739

































































































































































5.9616   3.5052   1.3319   L_PRAM
6.0663   3.5109   1.4375
6.1188   3.5513   1.5716
6.1935   3.5667   1.6738
6.307    3.5959   1.8829
6.4506   3.6471   2.1013
6.5038   3.6756   2.2086
6.5848   3.7267   2.4304
6.6217   3.7572   2.6505
6.6784   3.7825   2.8203
6.7209   3.8143   3.0351
6.7974   3.8653   3.2902
6.8284   3.9139   3.4815
6.8309   3.9517   3.7509
6.8172   4.0176   3.932
6.8636   4.1319   4.0784
6.953    4.2359   4.2309
6.9723   4.28     4.2763
6.9312   4.2444   4.2925
6.9908   4.336    4.4346
7.1347   4.4813   4.593
7.3358   4.7221   4.7372
7.4171   4.9083   4.7936
7.52     5.0727   4.8366
7.6793   5.3084   4.9046
7.8126   5.4429   4.9603
7.9361   5.5517   4.9959
8.1259   5.6907   5.0888
8.1876   5.8322   5.1093
8.254    6.0526   5.1466
8.3134   6.185    5.1475
8.3537   6.273    5.1269
8.3212   6.4041   5.0488
8.4363   6.5697   4.8836
8.5641   6.731    4.8315
8.7519   6.9523   4.7724
8.8591   7.0999   4.7812
8.8821   7.1155   4.7722
8.9499   7.2121   4.7693

































































































































































5.9381   10.3062  4.6436   ARC
6.0559   10.3468  4.6476
6.2425   10.4283  4.6469
6.3787   10.5001  4.6448
6.543    10.5558  4.6408
6.6931   10.6143  4.6475
6.8528   10.6737  4.5929
6.9912   10.712   4.5628
7.1836   10.7984  4.5155
7.3626   10.8703  4.4893
7.5562   10.9456  4.4432
7.8129   11.0556  4.4053
8.0232   11.1315  4.3372
8.2281   11.1949  4.2925
8.3777   11.1913  4.2517
8.5111   11.1958  4.2051
8.6491   11.1394  4.1491
8.8087   11.1059  4.1302
8.9398   11.0277  4.0584
9.0992   10.967   4.0199
9.2467   10.9023  3.955
9.3467   10.7992  3.9304
9.3827   10.7456  3.9266
9.5448   10.4456  3.99
9.7352   10.2257  4.0447
9.7948   9.9885   4.1108
9.8484   9.7519   4.1689
9.8623   9.4854   4.258
9.8436   9.2124   4.3397
9.7506   9.0045   4.4118
9.6778   8.7831   4.4711
9.6199   8.6009   4.5216
9.5659   8.4526   4.5654
9.4357   8.2458   4.6454
9.3994   8.0907   4.6639
9.3237   7.9345   4.7099
9.2386   7.7804   4.7299
9.1413   7.6326   4.7657
9.0284   7.4777   4.7787
8.9572   7.3268   4.7693
8.8963   7.2399   4.7917
8.8817   7.1256   4.7844
