AMNH     103366   scc11cs.xls
9.2765   8.5291   -1.6883  IS
10.103   9.1646   -2.1485  ID
9.8724   9.3131   -2.1968  R_I12
9.4796   9.3226   -2.1104  R_I2C
9.1195   9.2334   -2.1242  R_CP3
8.7841   8.9424   -2.1898  R_P34
8.4097   8.7372   -2.2101  R_P4M1
7.8486   8.4474   -2.2845  R_M12
7.3276   7.9404   -2.4621  R_M23
6.6506   7.4883   -2.7817  R_DM3
8.3097   8.7986   -1.0431  R_MF
8.2751   8.837    -1.1868  R_PCF
6.8974   8.3252   -1.6691  R_CB
7.5148   7.7757   -2.0621  R_CL
5.3115   8.2553   -5.0812  R_COR
5.0716   7.7229   -4.5333  R_NOT
4.2658   7.6039   -4.7359  R_CND
10.1878  8.9065   -2.1618  L_I12
10.1417  8.5225   -2.0615  L_I2C
10.0007  8.2428   -2.0615  L_CP3
9.8319   7.933    -2.2009  L_P34
9.5439   7.5163   -2.2317  L_P4M1
9.1608   7.0437   -2.3239  L_M12
8.6661   6.6208   -2.451   L_M23
8.0775   5.9544   -2.7135  L_DM3
9.5299   7.3728   -0.9144  L_MF
9.6099   7.4527   -1.0609  L_PCF
9.0947   6.0268   -1.6867  L_CB
8.501    6.6509   -2.0978  L_CL
8.7331   4.6597   -5.2086  L_COR
8.1571   4.3859   -4.638   L_NOT
7.9154   3.6808   -4.9805  L_CND
8.7487   9.2262   -1.6236  O1
7.225    8.4851   -1.8633  O2
8.4274   4.957    -3.0514  O3
4.5793   6.8203   -2.1494  O4








































9.9979   9.1658   -2.1188  I_SYM
9.828    9.0042   -2.0576
9.6596   8.8371   -1.9401
9.4697   8.6837   -1.8266
9.2829   8.5322   -1.7079
9.2286   8.4922   -1.532
9.1193   8.4193   -1.358
8.9268   8.207    -1.3884
8.8206   8.0887   -1.3365
8.7887   8.0882   -1.1343
8.8231   8.1225   -0.937
8.9633   8.2944   -0.6092
9.0943   8.4103   -0.4577



























































































































































































5.3729   8.2948   -5.1086  R_RAM
5.665    8.4441   -4.9295
5.8408   8.4109   -4.5146
5.8981   8.2632   -4.1513
5.9208   8.158    -3.78
5.9658   8.059    -3.42
6.0177   7.9848   -3.0442
6.0206   7.9269   -2.7098
6.083    7.9112   -2.3296
6.1563   7.9469   -1.9615
6.2201   7.984    -1.5618
6.2928   8.0089   -1.4509




























































































































































































8.8114   4.6846   -5.2516  L_RAM
9.0001   4.9498   -5.0254
8.9668   5.1176   -4.6596
8.8552   5.2058   -4.1689
8.7583   5.2462   -3.7132
8.7176   5.3061   -3.2471
8.7256   5.3377   -2.8513
8.7387   5.3614   -2.4454
8.7918   5.4073   -2.0287
8.8292   5.4397   -1.8226
8.8996   5.5564   -1.5544





























































































































































































9999     9999     9999     MMF
8.6845   7.4085   -2.8647  GNA
9.3003   6.9565   -1.6893  O1
8.4526   5.5964   -2.1977  O2
4.7185   6.8218   -1.9486  O3
6.6947   3.2668   -3.3247  O4




9.1786   7.9303   -0.9553  E_SYM
9.2004   7.9452   -1.1443
9.2402   7.9621   -1.4106
9.2453   7.9227   -1.7336
9.193    7.8801   -2.0175
9.1209   7.804    -2.2603
9.0267   7.7365   -2.4455
8.9578   7.644    -2.628
8.8472   7.573    -2.7609
8.7474   7.4981   -2.8422
8.6678   7.4117   -2.8655





























































































































































































5.5855   2.277    -1.126   R_PRAM
5.7845   2.2267   -1.4325
5.9755   2.2799   -1.7176
6.1202   2.3908   -2.1153
6.1923   2.4164   -2.5112
6.2113   2.4486   -2.868
6.2389   2.5186   -3.2414
6.2444   2.7538   -3.5752
6.3548   3.0292   -3.8596
6.5388   3.3682   -4.1151
6.6772   3.6022   -4.2125
6.7967   3.8677   -4.2831
6.966    4.1685   -4.3719
7.0992   4.4111   -4.3811
7.2161   4.5767   -4.3333
7.2904   4.6455   -4.304
7.3959   4.7337   -4.238























































































































































































3.2856   5.1346   -1.0959  L_PRAM
3.1677   5.3127   -1.3411
3.1604   5.4702   -1.6049
3.2592   5.6549   -1.9451
3.4384   5.7081   -2.233
3.4903   5.7658   -2.6374
3.5426   5.7987   -3.0426
3.5544   5.7582   -3.3683
3.6664   5.75     -3.6105
3.914    5.803    -3.8927
4.1607   5.9198   -4.1777
4.4255   6.0813   -4.3422
4.7182   6.2262   -4.467
5.0315   6.4186   -4.5566
5.3862   6.5431   -4.6261
5.6409   6.6287   -4.5529
5.8282   6.7058   -4.4456























































































































































































7.3775   4.8191   -4.1918  ARC
7.6368   5.0268   -4.0142
7.8844   5.2529   -3.9052
8.1677   5.5083   -3.7798
8.3909   5.7678   -3.6142
8.5778   6.1331   -3.4475
8.7021   6.5233   -3.2713
8.8417   6.9031   -3.0944
8.8378   7.148    -2.9691
8.7745   7.4745   -2.8496
8.4872   7.5856   -2.9561
8.1226   7.5986   -3.1565
7.7097   7.6593   -3.3946
7.2582   7.556    -3.5595
6.9571   7.4754   -3.681
6.6705   7.3181   -3.8963
6.3766   7.1475   -4.0124
6.1775   7.0074   -4.1022
5.9872   6.882    -4.2309
5.8392   6.7298   -4.3794
5.7585   6.6397   -4.4816
