AMNH     103360   scc5cs.xls
8.3147   8.2828   -1.883   IS
9.2883   9.1289   -2.5388  ID
8.9948   9.314    -2.6806  R_I12
8.615    9.3466   -2.6171  R_I2C
8.1669   9.1578   -2.468   R_CP3
7.7186   8.7862   -2.5868  R_P34
7.3531   8.4408   -2.7072  R_P4M1
6.9313   8.069    -2.8126  R_M12
6.4296   7.5691   -2.8984  R_M23
5.7855   7.0239   -3.0815  R_DM3
7.1603   8.3599   -1.1061  R_MF
7.3555   8.4833   -1.1944  R_PCF
5.7409   7.8625   -1.8228  R_CB
6.5246   7.4387   -2.5663  R_CL
4.1481   7.5954   -5.5238  R_COR
3.8595   7.035    -4.8458  R_NOT
2.9649   6.8435   -5.0011  R_CND
9.4958   8.9878   -2.5993  L_I12
9.2865   8.5125   -2.5935  L_I2C
9.1106   8.0485   -2.5346  L_CP3
8.7976   7.5914   -2.692   L_P34
8.4828   7.2466   -2.735   L_P4M1
8.1559   6.7953   -2.8424  L_M12
7.7285   6.2912   -2.9246  L_M23
7.2451   5.4814   -3.123   L_DM3
8.5324   6.9409   -1.1193  L_MF
8.6495   7.132    -1.2607  L_PCF
8.1669   5.7494   -2.1125  L_CB
7.5964   6.3962   -2.7286  L_CL
7.8274   3.9751   -5.5162  L_COR
7.4471   3.67     -4.888   L_NOT
7.2369   2.7138   -4.9504  L_CND
7.4338   8.8584   -2.0015  O1
6.089    7.9739   -2.2293  O2
7.716    4.4106   -4.2494  O3
3.3413   6.448    -1.7854  O4








































9.0662   9.0912   -2.5851  I_SYM
8.9018   8.8885   -2.4974
8.7226   8.7252   -2.3824
8.5883   8.4844   -2.2272
8.4152   8.4022   -2.0989
8.2997   8.2434   -1.8977
8.3272   8.2919   -1.6553
8.2229   8.1956   -1.4647
8.0899   8.0552   -1.4521
7.9155   7.8791   -1.431
7.9145   7.8166   -1.1372
7.9411   7.8822   -0.8777
8.0106   7.9962   -0.5877



























































































































































































4.1064   7.5555   -5.542   R_RAM
4.4245   7.722    -5.4876
4.725    7.7952   -5.1225
4.7886   7.7537   -4.7699
4.745    7.6996   -4.3706
4.7901   7.6434   -3.9524
4.8583   7.5829   -3.52
4.9661   7.5975   -3.0864
5.0029   7.5659   -2.6872
5.1054   7.5766   -2.2843
5.0962   7.5731   -1.9184
5.1578   7.6251   -1.7151




























































































































































































7.8035   3.9184   -5.5593  L_RAM
7.985    4.1951   -5.5653
8.1133   4.4045   -5.3482
8.0878   4.6326   -5.1175
8.0341   4.6922   -4.6419
7.9372   4.6868   -3.9968
7.8943   4.827    -3.4055
7.8901   4.9284   -2.8938
7.8851   4.9177   -2.4614
7.9081   4.9983   -2.0677
7.9284   5.0555   -1.766





























































































































































































9999     9999     9999     MMF
7.4804   6.6907   -3.5668  GNA
8.0798   5.9512   -2.1246  O1
7.1429   4.6713   -2.4973  O2
3.0786   5.9316   -1.2165  O3
5.8514   2.2322   -4.0201  O4




8.2499   7.4086   -1.191   E_SYM
8.2579   7.4029   -1.5226
8.1994   7.3946   -1.7914
8.1591   7.3499   -2.0184
8.0892   7.3277   -2.3622
8.0295   7.3056   -2.7049
7.9285   7.1806   -3.0177
7.7388   6.9614   -3.3483
7.6005   6.8336   -3.4855
7.4946   6.7348   -3.5514






























































































































































































4.428    1.4995   -1.4686  R_PRAM
4.5354   1.3399   -1.6566
4.8201   1.278    -1.9324
5.0058   1.2397   -2.2986
5.2265   1.1603   -2.7839
5.4089   1.1987   -3.3404
5.3945   1.2995   -3.7379
5.4455   1.6091   -4.1874
5.5926   2.0274   -4.6201
5.8311   2.476    -4.8486
6.0115   3.0094   -4.9271
6.1285   3.3265   -4.898
6.379    3.737    -4.6955
6.4798   3.882    -4.6079


























































































































































































1.703    4.4317   -1.6703  L_PRAM
1.7562   4.8134   -2.1027
1.8174   5.0454   -2.6477
1.8366   5.219    -3.2717
1.9284   5.3187   -3.7791
2.0821   5.2065   -4.2493
2.3122   5.1619   -4.4077
2.5238   5.158    -4.5662
2.8601   5.2851   -4.8754
3.2213   5.4432   -4.9925
3.6621   5.5852   -5.036
4.0674   5.6699   -5.0133
4.3426   5.8676   -4.8228
4.4329   6.0272   -4.7298


























































































































































































6.4244   3.8566   -4.6107  ARC
6.6276   4.0306   -4.5318
6.7899   4.2543   -4.4529
7.0373   4.5377   -4.3661
7.2431   4.881    -4.2274
7.3533   5.1757   -4.0996
7.5169   5.5745   -3.9542
7.6274   5.9935   -3.7839
7.6627   6.3238   -3.645
7.5881   6.5813   -3.5333
7.4857   6.7658   -3.5256
7.2103   6.9027   -3.6308
6.7609   6.9081   -3.8573
6.3812   6.8131   -4.0235
5.9486   6.7053   -4.1844
5.4846   6.5935   -4.3316
5.1663   6.4082   -4.4368
4.9361   6.2625   -4.5257
4.6823   6.0612   -4.6487
4.5068   5.9862   -4.7065
