AMNH     103361   scc6cs.xls
8.1696   8.2071   -1.795   IS
9.0055   9.0746   -2.4935  ID
8.789    9.2875   -2.4163  R_I12
8.3216   9.1659   -2.4526  R_I2C
7.9428   8.908    -2.4004  R_CP3
7.5247   8.5934   -2.4655  R_P34
7.1169   8.1884   -2.4971  R_P4M1
6.7035   7.7711   -2.5779  R_M12
6.2207   7.229    -2.6729  R_M23
5.3836   6.5467   -2.9284  R_DM3
6.98     8.3058   -1.0021  R_MF
7.1659   8.4675   -1.1173  R_PCF
5.4889   7.577    -1.6797  R_CB
6.2804   7.0914   -2.4631  R_CL
3.9394   6.9191   -5.1874  R_COR
3.6559   6.4493   -4.5192  R_NOT
2.8217   5.9747   -4.7082  R_CND
9.2257   8.8803   -2.3735  L_I12
9.1182   8.485    -2.3732  L_I2C
8.9044   7.955    -2.3106  L_CP3
8.5878   7.4772   -2.4037  L_P34
8.2825   7.1328   -2.4242  L_P4M1
7.9436   6.6319   -2.4891  L_M12
7.5257   5.9793   -2.5797  L_M23
7.0228   5.0785   -2.8089  L_DM3
8.5545   7.2602   -0.9716  L_MF
8.6607   7.3103   -1.176   L_PCF
8.002    5.5179   -1.9361  L_CB
7.4218   6.0357   -2.382   L_CL
7.8752   3.5969   -4.9527  L_COR
7.4114   3.3189   -4.2948  L_NOT
7.1584   2.4854   -4.439   L_CND
7.4605   8.8699   -1.6476  O1
5.9384   7.7677   -2.0641  O2
7.7996   4.0977   -3.9588  O3
3.4163   5.7829   -1.596   O4








































8.8513   8.999    -2.4732  I_SYM
8.7046   8.8196   -2.3818
8.5504   8.651    -2.2877
8.4007   8.4979   -2.1652
8.248    8.2919   -1.9882
8.1818   8.234    -1.8668
8.1579   8.1792   -1.7626
8.1748   8.212    -1.6345
8.0534   8.0996   -1.4121
7.9533   7.9571   -1.3828
7.83     7.8317   -1.3436
7.81     7.7818   -1.2021
7.8166   7.8465   -1.0247
7.97     7.9808   -0.8


























































































































































































3.9573   6.8553   -5.204   R_RAM
4.2396   7.1159   -5.2166
4.4869   7.2532   -4.8538
4.5633   7.2175   -4.5075
4.6184   7.1364   -4.0363
4.633    7.0737   -3.6773
4.6711   7.0473   -3.3161
4.7286   7.0671   -2.7665
4.7411   7.1093   -2.379
4.8185   7.2058   -2.0279
4.8675   7.2842   -1.7676
4.9527   7.3294   -1.6048




























































































































































































7.9327   3.6629   -5.0191  L_RAM
8.0831   3.9934   -4.9874
8.127    4.2306   -4.7158
7.9928   4.4571   -4.1634
7.8537   4.4534   -3.7401
7.7781   4.4682   -3.2637
7.7208   4.6174   -2.6562
7.765    4.7589   -2.1099
7.8458   4.8514   -1.7892
7.8757   4.914    -1.6201






























































































































































































9999     9999     9999     MMF
7.3225   7.1798   -3.124   GNA
8.142    6.708    -2.208   O1
7.3618   5.0112   -2.413   O2
3.017    5.4816   -0.9192  O3
6.0624   2.3957   -3.8624  O4




7.9294   7.8673   -1.1491  E_SYM
7.9494   7.8717   -1.4454
7.9584   7.8621   -1.8894
7.8813   7.7986   -2.2383
7.7886   7.7265   -2.5396
7.6242   7.5183   -2.8918
7.4906   7.3509   -3.0691
7.3527   7.2494   -3.1514
































































































































































































5.1107   1.3159   -1.3683  R_PRAM
5.315    1.2487   -1.63
5.5306   1.2802   -2.0381
5.6237   1.343    -2.4589
5.6217   1.3077   -2.9603
5.596    1.492    -3.5523
5.6788   1.7846   -3.9674
5.7968   2.1931   -4.3198
5.9131   2.6575   -4.5181
6.1452   3.234    -4.5686
6.2889   3.5398   -4.5001
6.4765   3.6801   -4.3678
6.5666   3.8272   -4.313



























































































































































































2.1125   3.8022   -1.2933  L_PRAM
2.0167   3.9437   -1.5195
2.0398   4.1044   -1.8855
2.1211   4.1921   -2.2398
2.1576   4.2639   -2.6555
2.245    4.3352   -3.4536
2.5323   4.4385   -4.0716
3.0227   4.9102   -4.4886
3.4662   5.0895   -4.5933
3.804    5.3074   -4.5591
4.0583   5.5321   -4.4262
4.1681   5.6375   -4.3477




























































































































































































6.496    3.8667   -4.2843  ARC
6.7593   4.2481   -4.1591
6.9843   4.5405   -4.0928
7.1518   4.8887   -3.9964
7.2958   5.3058   -3.9258
7.4731   5.8517   -3.7587
7.5901   6.4057   -3.5653
7.5421   6.8647   -3.3427
7.3609   7.2412   -3.152
7.0778   7.3423   -3.1836
6.4887   7.2205   -3.4817
6.0278   7.0934   -3.6859
5.4643   6.7864   -3.8662
4.9359   6.3783   -4.0333
4.4797   5.974    -4.1497
4.2353   5.679    -4.2674
4.1098   5.5711   -4.3487
