AMNH       52665      CA14MS.XLS
18.2889    17.1999    -10.388    IN
15.5034    14.6492    -12.5231   BR
11.6477    11.6364    -9.5973    GL
11.6217    11.6296    -9.4742    NA
10.7987    10.9038    -7.0318    RH
9.9105     10.1372    -4.4065    NS
9.6705     9.9581     -3.5767    PR
10.3023    9.4944     -3.7263    R_PR2
9999       9999       9999       R_PMS
14.7062    10.0456    -5.74      R_ZMI
13.0314    10.7684    -7.4915    R_ZMU
12.1408    11.5435    -8.5792    R_DA
13.3339    10.5734    -9.5939    R_MTI
13.7157    10.8173    -10.2325   R_MTS
14.4084    10.0855    -8.5005    R_FMO
15.2487    10.1329    -8.7533    R_FMT
18.976     13.3781    -7.998     R_PO
16.2147    10.0307    -6.4522    R_ZTS
9.3141     10.5802    -3.735     L_PR2
11.2311    11.5858    -7.81      L_PMS
10.7932    14.601     -5.7737    L_ZMI
11.1571    13.0045    -7.4906    L_ZMU
11.7161    12.1836    -8.3836    L_DA
11.0669    13.2048    -9.605     L_MTI
11.3593    13.3638    -10.3046   L_MTS
10.6208    14.5534    -8.4734    L_FMO
10.8118    15.2972    -8.7388    L_FMT
14.5383    18.3933    -7.9744    L_PO
10.9165    16.3072    -6.364     L_ZTS
9.2275     10.0134    -3.2242    O1
10.4316    15.0644    -6.0498    O2
15.3651    18.9664    -8.0155    O3
17.6329    17.8862    -9.2397    O4







































































































































































11.654     11.5989    -9.6537    GLRH
11.6121    11.5542    -9.4799
11.6021    11.5515    -9.2542
11.6112    11.5179    -9.0074
11.5835    11.4828    -8.669
11.5078    11.4292    -8.4212
11.4109    11.336     -8.1261
11.3188    11.2901    -7.8965
11.2253    11.2279    -7.6872
11.1245    11.1177    -7.4989
11.0383    11.0678    -7.3895
10.9282    11.0132    -7.2723
10.8393    10.9302    -7.1581
10.7988    10.8969    -7.0797


























































































































































































9.8635     10.1174    -4.3665    NOSE
9.8171     10.2027    -4.4118
9.8037     10.2623    -4.5023
9.8063     10.3679    -4.622
9.8158     10.5247    -4.7752
9.8487     10.7409    -4.9337
10.0144    10.9827    -5.1835
10.0957    11.083     -5.355
10.1587    11.1466    -5.5607
10.2341    11.1948    -5.7226
10.3284    11.2161    -5.9527
10.3758    11.1917    -6.1279
10.4456    11.177     -6.3623
10.5563    11.0845    -6.6763
10.6302    11.0316    -6.7786
10.6427    10.9826    -6.8405
























































































































































































9.9198     10.1381    -4.4134    NASP-PR
9.8437     10.0818    -4.3317
9.7476     10.0267    -4.1825
9.7038     9.9875     -4.0224
9.6556     9.9424     -3.8684
9.6369     9.948      -3.6776
9.6445     9.9463     -3.6067
9.6978     9.9465     -3.5631
































































































































































































9999       9999       9999       R-PM/MAX







































































































































































































11.2248    11.5627    -7.813     L-PM/MAX
11.1661    11.54      -7.6939
11.0939    11.4956    -7.5499
10.998     11.453     -7.4034
10.8831    11.4468    -7.2145
10.6879    11.4387    -6.8819
10.567     11.4178    -6.6576
10.4833    11.4018    -6.5012
10.3944    11.3765    -6.2926
10.2629    11.3679    -6.0658
10.169     11.362     -5.8347
10.1021    11.3741    -5.6558
10.0093    11.3534    -5.502
9.9127     11.4114    -5.1858
9.8695     11.4448    -5.0137
9.7887     11.447     -4.8362
9.7482     11.5538    -4.6807
9.691      11.7003    -4.472
9.6851     11.7592    -4.2804
9.7019     11.7451    -4.1387
9.7268     11.6452    -4.0304



















































































































































































9999       9999       9999       ROSTRUM
11.289     11.4181    -8.024
11.2623    11.506     -7.917
11.225     11.5728    -7.7398
11.2134    11.6956    -7.5549
11.1919    11.8184    -7.3266
11.1265    11.9368    -7.0865
11.0595    12.0427    -6.9744
10.9359    12.1798    -6.7327
10.8435    12.3169    -6.459
10.8055    12.4403    -6.2512
10.6581    12.8249    -5.49
10.6861    13.0185    -5.2114
10.6827    13.1343    -5.0102
10.661     13.211     -4.8111
10.6912    13.285     -4.6659
10.7279    13.3245    -4.5873
10.7706    13.3421    -4.4236






















































































































































































15.2819    10.1029    -8.5732    SUPORB
15.2773    10.1409    -8.7077
15.2757    10.1637    -8.8946
15.1953    10.1842    -9.1065
15.0826    10.2408    -9.3501
14.9237    10.2873    -9.5593
14.7091    10.364     -9.7331
14.4333    10.4794    -9.9119
14.1836    10.5637    -10.0345
13.8953    10.7455    -10.1466
13.6263    10.9785    -10.316
13.3755    11.1328    -10.4079
12.9736    11.3796    -10.4655
12.6631    11.4853    -10.4263
12.4527    11.5625    -10.3848
12.1981    11.7535    -10.2397
12.0044    11.9321    -10.1691
11.8726    12.1621    -10.2258
11.8463    12.3407    -10.3128
11.8138    12.3724    -10.3391
11.7491    12.5842    -10.4146
11.661     12.8235    -10.4234
11.5978    13.0276    -10.4209
11.4895    13.2686    -10.3687
11.3925    13.5592    -10.2725
11.324     13.7545    -10.1967
11.2617    13.8733    -10.1437
11.0423    14.3982    -9.9383
11.0284    14.5035    -9.8976
11.0143    14.6138    -9.8251
11.0008    14.7727    -9.76
10.9932    14.9271    -9.6337
10.9796    15.1031    -9.4344
10.9582    15.2289    -9.1615
10.9503    15.2678    -9.0409
10.8749    15.3026    -8.8779
10.8532    15.3233    -8.7128



































































































































































13.0679    10.8408    -7.5291    RORBIT
13.1986    10.7037    -7.4693
13.5104    10.5475    -7.4366
13.6517    10.4242    -7.4985
13.8688    10.2964    -7.6107
14.0162    10.248     -7.7112
14.177     10.2186    -7.852
14.3074    10.1389    -8.0498
14.3898    10.132     -8.2494
14.4325    10.0963    -8.4358
14.4628    10.091     -8.6214
14.4064    10.0675    -8.7965
14.3292    10.0782    -8.9774
14.2557    10.0786    -9.1227
14.1391    10.118     -9.2748
14.088     10.1443    -9.3416
13.9786    10.1444    -9.4288
13.9579    10.1635    -9.4022
13.8055    10.2937    -9.4768
13.6596    10.3621    -9.5299
13.5099    10.488     -9.5639
13.3537    10.603     -9.5744
13.243     10.7288    -9.5718
13.1167    10.8132    -9.5555
12.9944    10.9204    -9.528
12.8675    10.992     -9.5177
12.7779    11.1333    -9.549
12.7839    11.0667    -9.6064
12.7311    11.1239    -9.6484
12.6739    11.2797    -9.5532
12.5492    11.4156    -9.4491
12.4009    11.5472    -9.3062
12.3761    11.5833    -9.1316
12.3107    11.6051    -8.9547
12.2432    11.5953    -8.7616
12.2253    11.5548    -8.5649




































































































































































11.1666    13.096     -7.4625    LORBIT
11.099     13.2252    -7.444
10.9988    13.4485    -7.4214
10.9419    13.6073    -7.4355
10.8624    13.7995    -7.4871
10.7889    14.0328    -7.6046
10.7569    14.2137    -7.7306
10.7335    14.2987    -7.8401
10.7144    14.3972    -8.0698
10.761     14.5028    -8.2981
10.7688    14.5241    -8.6081
10.774     14.4518    -8.8429
10.7749    14.3684    -9.0363
10.816     14.2882    -9.1712
10.8539    14.1264    -9.3057
10.9411    13.9081    -9.4579
11.0202    13.6223    -9.5532
11.0955    13.4175    -9.5758
11.2162    13.2064    -9.5837
11.2837    13.0507    -9.5671
11.3516    12.9013    -9.5186
11.4112    12.7368    -9.6048
11.4648    12.6159    -9.6591
11.6116    12.3129    -9.5598
11.6864    12.2653    -9.391
11.7208    12.2106    -9.2203
11.745     12.1956    -9.0423
11.7862    12.1638    -8.8208
11.8226    12.1785    -8.6766
11.8436    12.2003    -8.4622










































































































































































7.7294     15.2727    -14.3541   RTEMFOS
15.3102    10.1089    -8.7245
15.3045    10.0646    -8.4894
15.2304    10.0396    -8.2085
15.1854    9.9931     -7.8638
15.0931    9.9621     -7.5854
14.9744    9.9608     -7.2654
14.9039    9.9796     -6.8724
14.9535    9.9737     -6.6705
15.0152    9.9781     -6.5462
15.1747    10.0054    -6.4104
15.4234    9.99       -6.2841
15.6117    10.0125    -6.264
15.8498    10.0227    -6.2939
16.0004    10.0437    -6.3547
16.1219    10.0808    -6.4403
16.1861    10.1096    -6.4748























































































































































































10.8515    15.2668    -8.8789    LTEMFOS
10.8309    15.3091    -8.6377
10.8071    15.309     -8.4873
10.7773    15.2851    -8.2829
10.7235    15.21      -8.0623
10.6765    15.1749    -7.8777
10.6373    15.1363    -7.7176
10.6257    15.0988    -7.5524
10.6244    15.0214    -7.3843
10.5597    14.9026    -7.146
10.5004    14.8865    -6.9685
10.5181    14.9185    -6.8412
10.5639    14.9858    -6.7092
10.5721    15.0836    -6.534
10.6616    15.3543    -6.3482
10.7152    15.538     -6.2892
10.7443    15.7843    -6.2661
10.8206    15.9723    -6.3098
10.8698    16.1405    -6.3883
10.9071    16.2754    -6.3956




















































































































































































9.5003     9.9769     -8.0888    OP
10.7323    10.9739    -8.5471    BA
14.0021    13.4176    -8.2173    ST
16.9445    15.7874    -8.5523    IV
13.0449    8.3729     -8.0091    R_PG
15.5279    9.243      -7.7033    R_ZTI
15.1207    12.2734    -9.2007    R_M3D
16.6142    12.9777    -8.9772    R_M12
17.9605    14.5933    -8.8505    R_MP3
18.2323    15.3858    -8.7757    R_PMI
8.6986     13.8622    -8.1935    L_PG
10.3639    16.0651    -8.0961    L_ZTI
12.8801    14.7507    -9.3133    L_M3D
13.9217    16.0774    -9.1334    L_M12
15.6931    16.9768    -9.0523    L_MP3
16.5133    17.2528    -8.8124    L_PMI
18.6066    17.4392    -9.2118    O1
12.6596    17.0585    -7.6969    O2
7.6299     12.7377    -7.6389    O3
7.9386     10.3064    -6.6945    O4




















































































































































































16.8303    11.8575    -7.8943    RZYGINF
16.8628    11.6907    -7.885
16.9067    11.4308    -7.9408
16.8062    11.1923    -8.0453
16.7326    10.965     -8.1456
16.6825    10.7132    -8.1593
16.546     10.5066    -8.1155
16.4502    10.2938    -8.0232
16.3001    10.0961    -7.9845
16.1411    9.9151     -7.9606
15.9174    9.7314     -7.8843
15.7653    9.56       -7.8229
15.5969    9.3448     -7.6987
15.4981    9.2995     -7.6323


























































































































































































12.8043    16.7052    -8.1996    LZYGINF
12.5963    16.7461    -8.2265
12.3793    16.7587    -8.2887
12.0736    16.7799    -8.3922
11.7827    16.7469    -8.4798
11.5475    16.6968    -8.5189
11.3332    16.6435    -8.4355
11.1203    16.5409    -8.3681
10.8881    16.3943    -8.352
10.8174    16.324     -8.297
10.6224    16.2077    -8.2199
10.4351    16.0602    -8.1929
10.3225    15.994     -8.1242



























































































































































































15.124     12.2736    -9.168     R-ALV
15.2868    12.2973    -9.1478
15.5657    12.3353    -9.0641
15.7967    12.4442    -9.0271
16.0514    12.5295    -8.9835
16.1341    12.5989    -8.9802
16.2999    12.6717    -8.9658
16.4635    12.7832    -8.9134
16.5638    12.9549    -8.9455
16.7212    13.0798    -8.8834
16.91      13.2134    -8.8769
17.1101    13.406     -8.9365
17.2723    13.6758    -8.977
17.4666    13.7959    -8.9765
17.6037    14.0163    -9.0004
17.7289    14.2175    -8.9827
17.9129    14.5027    -8.8974
17.9384    14.5992    -8.8744






















































































































































































12.8708    14.6999    -9.3247    L-ALV
12.9242    14.9343    -9.288
13.0102    15.1752    -9.2067
13.2456    15.446     -9.2041
13.4691    15.7162    -9.1692
13.6292    15.9339    -9.1796
13.9392    16.1052    -9.0859
14.1977    16.3379    -9.003
14.4629    16.4816    -9.0256
14.6722    16.5599    -9.0622
14.855     16.7565    -9.0346
15.1153    16.8043    -9.0951
15.3419    16.8743    -9.0566
15.619     16.9636    -9.0534
15.7202    17.0072    -9.0506

























































































































































































14.0476    10.7838    -6.1402    R_FOS
11.4532    13.9973    -6.1352    L_FOS
