NMNH       477291     cta1ms.xls
15.487     15.9255    12.9278    IN
11.8282    12.7354    15.2808    BR
8.5887     9.5427     12.2131    GL
8.5764     9.5285     11.9732    NA
7.7591     8.8525     9.106      RH
7.352      8.3963     6.5605     NS
7.2393     8.3247     5.5636     PR
6.8736     8.7869     5.6238     R_PR2
8.0775     9.5513     10.0966    R_PMS
7.4708     13.0004    8.2654     R_ZMI
7.8034     11.2159    10.1179    R_ZMU
8.6897     10.2258    11.1088    R_DA
7.4558     11.401     12.1426    R_MTI
7.7109     11.5314    12.5858    R_MTS
7.2654     12.4757    10.9485    R_FMO
7.276      13.1881    11.2319    R_FMT
10.9931    16.7195    10.8933    R_PO
7.7147     14.5834    9.161      R_ZTS
7.6631     7.9753     5.6095     L_PR2
8.4798     9.0438     10.0389    L_PMS
11.8426    8.3906     8.1475     L_ZMI
10.1363    8.6882     10.1504    L_ZMU
9.1432     9.5124     11.3358    L_DA
10.4302    8.3617     12.1371    L_MTI
10.564     8.4823     12.5674    L_MTS
11.4434    8.0946     11.104     L_FMO
12.2151    8.0986     11.1912    L_FMT
15.8777    11.5783    10.8333    L_PO
13.4044    8.3503     9.0908     L_ZTS
8.7226     7.7309     6.7787     O1
12.8579    8.0707     8.4602     O2
16.2542    11.8107    11.6158    O3
15.7577    15.1216    13.4049    O4







































































































































































8.5981     9.5413     12.175     GLRH
8.578      9.547      12.0929
8.5572     9.5323     11.9834
8.5114     9.5082     11.8248
8.5046     9.4828     11.692
8.4663     9.4905     11.559
8.4743     9.4782     11.4286
8.4666     9.4744     11.179
8.4535     9.466      11.1086
8.4312     9.4536     10.9954
8.4055     9.4306     10.8086
8.3727     9.4149     10.7002
8.3397     9.3983     10.5922
8.305      9.3302     10.4233
8.2393     9.3004     10.2924
8.2234     9.2707     10.1923
8.191      9.2098     10.0983
8.1353     9.1878     10.008
8.0702     9.1319     9.8908
8.0094     9.0866     9.742
7.984      9.0524     9.6956
7.9701     9.0154     9.639
7.9311     9.0017     9.5543
7.8972     8.959      9.45
7.8507     8.948      9.3987
7.8287     8.917      9.3253
7.8024     8.8996     9.2703
7.7964     8.876      9.2115
7.7754     8.8661     9.175
7.7574     8.8638     9.1171










































































































































































7.7632     8.8521     9.0773     NOSE
7.7314     8.9396     9.0492
7.6866     8.991      9.0691
7.5736     9.0263     9.0824
7.4745     9.0972     8.9539
7.4293     9.1088     8.9008
7.4011     9.1036     8.8107
7.4089     9.1102     8.7649
7.4043     9.1432     8.6916
7.3823     9.193      8.7869
7.4005     9.2917     8.8163
7.4068     9.277      8.7041
7.3429     9.2681     8.5588
7.3066     9.2965     8.459
7.2494     9.3294     8.2736
7.2096     9.33       8.2038
7.1824     9.3484     8.0598
7.1377     9.3454     7.9702
7.1097     9.3282     7.8058
7.077      9.3099     7.6959
7.0838     9.2651     7.4528
7.0768     9.2104     7.3579
7.0819     9.1406     7.1651
7.1011     9.0795     7.0873
7.0798     8.9761     6.9665
7.0977     8.896      6.9231
7.0778     8.7837     6.8452
7.1057     8.7004     6.7916
7.1459     8.6182     6.7642
7.2439     8.5456     6.7112
7.3029     8.5072     6.654
7.3915     8.4519     6.6343
7.4568     8.3773     6.6393
7.4966     8.318      6.6956
7.562      8.2564     6.7033
7.6287     8.1799     6.7674
7.7114     8.107      6.8131
7.8056     8.0718     6.9415
7.8459     8.0411     6.9748
7.9538     8.0369     7.0275
8.0041     8.0363     7.0898
8.0802     8.0354     7.1987
8.1275     8.0296     7.2722
8.1792     8.0436     7.3665
8.2024     8.0532     7.4251
8.2256     8.0751     7.5944
8.238      8.0999     7.6957
8.2614     8.1094     7.7844
8.2802     8.1147     7.8922
8.3178     8.1332     7.9862
8.3018     8.18       8.0674
8.3059     8.2124     8.076
8.2631     8.2606     8.1656
8.2336     8.2796     8.2121
8.211      8.3151     8.2853
8.1647     8.3387     8.366
8.185      8.4086     8.4596
8.1854     8.3849     8.4725
8.1726     8.4051     8.5972
8.1707     8.4244     8.6419
8.1623     8.4404     8.6748
8.1601     8.4363     8.6854
8.1596     8.4421     8.729
8.1149     8.4609     8.8115
8.0794     8.4284     8.757
8.0308     8.4224     8.7465
8.0028     8.4455     8.7822
7.9904     8.4527     8.8366
7.9561     8.4985     8.9235
7.956      8.5282     8.984
7.9652     8.57       9.073
7.9812     8.6145     9.089
7.9052     8.6587     9.1911
7.873      8.7311     9.1698
7.8243     8.7792     9.084
7.8076     8.8021     9.0617
7.7911     8.8508     9.018



























































































































7.3597     8.4084     6.5554     NASP-PR
7.2846     8.3727     6.4657
7.2665     8.3475     6.3582
7.2429     8.3182     6.272
7.2059     8.2857     6.1675
7.2115     8.2578     6.0677
7.1971     8.2589     5.9365
7.1831     8.2601     5.8765
7.2525     8.2599     5.7845
7.207      8.2891     5.7157
7.1943     8.2918     5.6858
7.2053     8.2875     5.6045
7.2322     8.3105     5.5578
7.2307     8.3129     5.5163
7.2738     8.3468     5.4353

























































































































































































8.0662     9.5468     10.0692    R-PM/MAX
8.0061     9.5455     9.96
7.9166     9.5686     9.8167
7.8503     9.5421     9.7202
7.7938     9.5057     9.5933
7.7182     9.4993     9.4741
7.606      9.5094     9.2642
7.5495     9.5239     9.1111
7.4682     9.5431     8.9493
7.4375     9.5459     8.8485
7.3797     9.5657     8.7561
7.3033     9.5972     8.6341
7.2097     9.5916     8.4795
7.1271     9.5813     8.3149
7.0921     9.5655     8.1995
7.0595     9.553      8.074
7.0027     9.5423     7.9001
6.9806     9.5409     7.7337
6.9426     9.5079     7.6034
6.8909     9.5082     7.4305
6.8392     9.4898     7.2599
6.8159     9.5096     7.1708
6.7908     9.4913     7.0385
6.7698     9.4959     6.9323
6.7488     9.5191     6.8338
6.7113     9.5724     6.7128
6.6507     9.6344     6.6029
6.6228     9.6173     6.5404
6.5951     9.6363     6.4926
6.567      9.653      6.416
6.5659     9.6686     6.2995
6.5636     9.6673     6.2437
6.5618     9.6814     6.1755
6.5736     9.6776     6.124
6.6413     9.6204     5.9945





































































































































































8.5111     9.0412     10.0357    L-PM/MAX
8.5098     8.9686     9.9502
8.4696     8.938      9.8339
8.4703     8.8608     9.7249
8.4323     8.814      9.625
8.4362     8.7428     9.4963
8.4106     8.6499     9.3385
8.4239     8.5863     9.2029
8.433      8.5164     9.0391
8.4288     8.4653     8.8945
8.4507     8.4106     8.7688
8.4759     8.3426     8.6113
8.501      8.2658     8.4787
8.4645     8.1892     8.3712
8.4757     8.1276     8.2332
8.4691     8.0752     8.1447
8.4703     8.0083     7.9516
8.4769     7.9864     7.7809
8.4802     7.9561     7.6406
8.4567     7.9277     7.5212
8.4437     7.8885     7.3648
8.4362     7.8481     7.2707
8.4402     7.8316     7.115
8.4329     7.793      7.0073
8.4293     7.787      6.88
8.4176     7.7672     6.7929
8.465      7.7414     6.7174
8.4987     7.7337     6.6355
8.5213     7.6836     6.585
8.517      7.6495     6.5099
8.5707     7.605      6.4184
8.5471     7.5961     6.3589
8.5087     7.6143     6.2673
8.516      7.6092     6.1501
8.5071     7.6072     6.1157
8.5767     7.6378     5.9789
8.6177     7.7276     5.8188



































































































































































8.0662     12.1281    6.8873     ROSTRUM
7.9789     12.1029    7.0116
7.9589     12.0437    7.1532
7.9482     11.9817    7.2502
7.9554     11.8822    7.3696
7.9727     11.822     7.5099
7.9848     11.7263    7.6027
7.9758     11.6771    7.6659
7.9823     11.6018    7.8062
7.9641     11.5346    7.9054
7.945      11.4793    7.973
7.9254     11.4399    8.0945
7.9044     11.3669    8.2346
7.8804     11.3178    8.3015
7.8363     11.309     8.4289
7.822      11.2852    8.5245
7.72       11.2499    8.6933
7.678      11.2068    8.8196
7.634      11.2171    8.9202
7.645      11.1576    9.0006
7.6116     11.0999    9.0663
7.5841     10.9873    9.2115
7.6489     10.7909    9.2742
7.6835     10.7047    9.3703
7.6584     10.6679    9.416
7.6863     10.5332    9.5635
7.8179     10.3822    9.5924
7.8569     10.307     9.6583
7.8963     10.2047    9.734
7.9211     10.1402    9.7754
7.9851     10.0479    9.8694
8.0365     9.939      9.9675
8.0823     9.8463     10.1047
8.0753     9.7622     10.1546
8.097      9.6667     10.2324
8.1345     9.6063     10.2876
8.1646     9.5382     10.3341
8.1756     9.4903     10.3047
8.2261     9.3715     10.3443
8.2605     9.3314     10.3868
8.3069     9.2723     10.3595
8.3711     9.2458     10.368
8.3916     9.2276     10.3577
8.465      9.1722     10.3272
8.5584     9.1462     10.2839
8.6474     9.1014     10.2097
8.7532     9.0723     10.1311
8.8646     9.0194     10.0183
8.987      8.9961     9.8732
9.0421     8.9532     9.8488
9.1567     8.8884     9.748
9.2474     8.8436     9.6748
9.3751     8.7718     9.5962
9.4546     8.7008     9.548
9.5675     8.6089     9.5074
9.6619     8.5405     9.4689
9.6969     8.5045     9.4166
9.7528     8.4893     9.3857
9.82       8.4703     9.3082
9.8561     8.4998     9.2302
9.9829     8.5032     9.1085
9.9808     8.4918     9.0414
10.0661    8.4947     8.9132
10.1308    8.535      8.7655
10.1594    8.602      8.6352
10.1992    8.6581     8.4668
10.2457    8.7098     8.383
10.2864    8.7401     8.2469
10.302     8.7545     8.1717
10.3531    8.7879     8.0247
10.4037    8.8056     7.9403
10.4296    8.8149     7.8239
10.4868    8.8271     7.7193
10.5572    8.8148     7.5875
10.6302    8.8147     7.435
10.744     8.827      7.3232
10.7719    8.8157     7.2287
10.8071    8.8312     7.1423
10.8509    8.8291     7.0179
10.9406    8.8719     6.8773
10.9951    8.9947     6.747
10.9814    9.0914     6.6299






















































































































7.239      13.1741    11.1694    SUPORB
7.2281     13.133     11.3086
7.2303     13.1051    11.4692
7.2268     13.0421    11.6001
7.2311     13.0156    11.7297
7.2523     12.9337    11.8617
7.2693     12.859     11.9754
7.3304     12.769     12.1105
7.4149     12.6166    12.2645
7.4723     12.4502    12.3817
7.5198     12.2292    12.476
7.5553     12.0803    12.5262
7.5953     11.9187    12.558
7.6541     11.6758    12.5941
7.7039     11.5394    12.6143
7.7459     11.3452    12.6189
7.8327     11.14      12.6379
7.9136     11.0197    12.6851
7.9676     10.8656    12.6974
8.0329     10.7247    12.7201
8.0739     10.597     12.6994
8.1105     10.6071    12.7681
8.2248     10.4404    12.8105
8.3275     10.3248    12.8649
8.4249     10.1844    12.9033
8.5566     10.0277    12.8912
8.6117     9.9333     12.9148
8.7127     9.7955     12.8403
8.7777     9.6853     12.7952
8.847      9.5836     12.7784
8.9217     9.5251     12.7936
8.9815     9.4628     12.7998
9.005      9.4554     12.8157
9.1007     9.4298     12.8747
9.2429     9.3653     12.923
9.4124     9.2467     12.9133
9.5797     9.1603     12.919
9.7607     9.049      12.864
9.8721     8.985      12.823
9.9888     8.9123     12.7926
10.1909    8.7699     12.7365
10.3233    8.7082     12.7244
10.5518    8.5814     12.6447
10.6767    8.5291     12.6224
10.8137    8.4601     12.5715
10.8947    8.4092     12.5415
11.0823    8.3589     12.4826
11.2603    8.3144     12.4239
11.3727    8.2913     12.3876
11.4466    8.2801     12.3427
11.5289    8.2667     12.3278
11.6127    8.2514     12.2829
11.7284    8.2199     12.2162
11.8071    8.2175     12.1906
11.8289    8.1584     12.0884
11.9981    8.1557     11.8963
12.0306    8.1491     11.7979
12.0807    8.1403     11.7217
12.2031    8.1444     11.4827
12.1634    8.0734     11.3321
12.1159    8.0922     11.1566
12.1952    8.0607     11.0363










































































































































7.8358     11.1822    10.1192    RORBIT
7.7655     11.2877    10.1352
7.7328     11.3884    10.1093
7.6523     11.4986    10.1293
7.607      11.5836    10.1491
7.5516     11.6715    10.2171
7.4798     11.7741    10.2368
7.4205     11.874     10.2851
7.4139     11.989     10.3558
7.3983     12.1093    10.4272
7.3994     12.1613    10.523
7.3679     12.2244    10.6401
7.3448     12.2632    10.7107
7.3141     12.3095    10.7737
7.3221     12.3358    10.83
7.3168     12.3976    10.9083
7.3083     12.4198    10.9497
7.3591     12.4656    11.016
7.3253     12.4633    11.1536
7.3085     12.4323    11.274
7.2762     12.3638    11.4158
7.2567     12.3313    11.5236
7.2589     12.2618    11.6105
7.2494     12.161     11.7211
7.2122     12.0521    11.8505
7.3044     11.9298    11.908
7.3403     11.8814    11.9376
7.3841     11.7942    11.9891
7.4115     11.686     12.0339
7.4143     11.5954    12.05
7.5013     11.4602    12.0619
7.5528     11.3856    12.0835
7.5858     11.2741    12.099
7.6549     11.1309    12.1028
7.7195     11.0257    12.1061
7.7352     10.9419    12.1355
7.8188     10.8487    12.1048
7.8501     10.7678    12.1305
7.9126     10.7268    12.119
7.9501     10.6666    12.1418
7.9881     10.5811    12.2323
8.0834     10.5126    12.2341
8.2383     10.4589    12.2373
8.307      10.3356    12.1787
8.3939     10.2305    12.0877
8.4319     10.1979    11.9813
8.4828     10.1944    11.8445
8.5417     10.1739    11.6985
8.6025     10.131     11.4826
8.6395     10.1491    11.3887
8.6432     10.1461    11.2857
8.6717     10.2001    11.1913
8.6656     10.2163    11.1167
8.6678     10.2243    11.062


















































































































































10.2234    8.6936     10.1484    LORBIT
10.3436    8.5936     10.1432
10.4245    8.5594     10.1469
10.5707    8.4847     10.1856
10.6537    8.4315     10.1908
10.7685    8.3415     10.2562
10.8652    8.29       10.29
10.9658    8.2469     10.3418
11.0621    8.2178     10.4043
11.1367    8.1678     10.4942
11.2164    8.1297     10.5911
11.252     8.1267     10.6481
11.3102    8.1417     10.7624
11.3848    8.1429     10.8471
11.4211    8.1172     10.9087
11.4323    8.138      10.9675
11.4513    8.1248     11.0183
11.4548    8.1251     11.1246
11.4209    8.0945     11.2848
11.4088    8.1127     11.3674
11.3748    8.0842     11.4522
11.3773    8.0904     11.4735
11.2972    8.1179     11.5844
11.1973    8.146      11.6867
11.1004    8.1925     11.7993
11.0211    8.2239     11.8716
10.9363    8.2303     11.9242
10.8295    8.2572     11.9873
10.6764    8.3014     12.0482
10.5916    8.331      12.0886
10.4835    8.3961     12.109
10.3856    8.4869     12.1141
10.2783    8.553      12.1261
10.1994    8.578      12.1258
10.1264    8.6152     12.1239
10.0609    8.6675     12.1104
9.9936     8.7411     12.124
9.872      8.8319     12.1158
9.7874     8.8876     12.1069
9.6982     8.9348     12.1486
9.6428     8.9542     12.2099
9.557      9.0312     12.2549
9.4776     9.0821     12.2551
9.348      9.1697     12.2399
9.2392     9.1845     12.2102
9.2481     9.2314     12.1393
9.2391     9.2581     12.0944
9.2777     9.3361     11.9885
9.2877     9.4067     11.8446
9.2566     9.4413     11.7355
9.2336     9.5091     11.6162
9.215      9.5432     11.5121
9.2141     9.5491     11.4452
9.2093     9.5439     11.3697
9.1888     9.5303     11.3014

















































































































































7.3307     13.2078    11.2606    RTEMFOS
7.2946     13.2189    11.144
7.2802     13.2232    10.98
7.2809     13.2681    10.864
7.2845     13.2854    10.6521
7.2751     13.2986    10.5443
7.2623     13.3209    10.426
7.2722     13.349     10.3065
7.2772     13.3722    10.1822
7.2609     13.3541    10.0791
7.243      13.3731    9.9336
7.248      13.3842    9.7909
7.2478     13.3894    9.6063
7.2571     13.444     9.4038
7.2584     13.5088    9.2538
7.2384     13.5853    9.1306
7.2738     13.6393    9.0941
7.3155     13.7129    9.0368
7.4176     13.8335    8.9848
7.4733     13.9036    8.9769
7.5173     14.0456    8.9612
7.5728     14.1035    8.9728
7.5989     14.1657    8.9926
7.6462     14.2175    9.0234
7.6306     14.3171    9.0469
7.6602     14.3557    9.0805
7.6973     14.4004    9.1324
7.7022     14.4593    9.1807
7.726      14.5208    9.2019











































































































































































12.2535    8.1443     11.2148    LTEMFOS
12.2377    8.1672     11.043
12.2596    8.1516     10.9039
12.2644    8.0969     10.8057
12.2877    8.0797     10.6779
12.3075    8.1045     10.4938
12.3213    8.103      10.3703
12.3477    8.0901     10.2582
12.3657    8.0545     10.1724
12.3591    8.0198     10.0422
12.3463    8.0129     9.8924
12.3356    7.9941     9.7637
12.3107    7.9785     9.6047
12.317     7.9808     9.4473
12.3658    8.0005     9.2709
12.4317    8.0309     9.1581
12.6326    8.1012     9.0189
12.7023    8.1045     8.996
12.7991    8.1496     8.9662
12.9106    8.2057     8.9368
13.0258    8.3039     8.9658
13.1137    8.2751     8.9542
13.1973    8.2939     8.9799
13.2782    8.3317     9.0228
13.2905    8.3531     9.0359
13.3572    8.3704     9.0982














































































































































































6.2876     5.6462     9.6345     OP
7.3362     6.7803     9.2987     BA
10.0117    9.4069     8.1099     ST
12.5191    11.9068    7.2815     IV
5.0916     9.3029     8.8041     R_PG
6.0275     11.4278    7.8293     R_ZTI
9.1065     11.0933    8.9614     R_M3D
10.0914    12.4538    8.5498     R_M12
11.6968    13.4173    8.0913     R_MP3
12.5036    13.8246    7.5884     R_PMI
10.0265    4.4594     8.8432     L_PG
12.2251    5.4346     7.829      L_ZTI
11.625     8.5738     9.0234     L_M3D
12.9999    9.6037     8.6398     L_M12
13.978     11.2105    8.212      L_MP3
14.4279    12.0065    7.7318     L_PMI
14.1049    11.4682    6.9605     O1
13.337     7.0526     7.5297     O2
8.7682     3.2281     7.8152     O3
5.0205     3.3251     7.616      O4




















































































































































































8.5592     12.4852    7.5697     RZYGINF
8.5083     12.5089    7.5783
8.3918     12.5257    7.6269
8.3511     12.5624    7.6418
8.2091     12.573     7.7346
8.0753     12.5914    7.7984
7.9535     12.5935    7.8907
7.8047     12.5869    7.9484
7.7236     12.5545    8.0107
7.5945     12.4871    8.072
7.4758     12.4018    8.1151
7.3795     12.3195    8.1134
7.3186     12.2294    8.1139
7.2191     12.1527    8.1264
7.013      12.111     8.1375
6.872      12.0096    8.088
6.6802     11.9247    8.0574
6.5229     11.8162    8.026
6.3899     11.7427    7.9986
6.2562     11.6573    7.9779
6.1628     11.5677    7.909
6.1257     11.5267    7.8696
6.0893     11.5058    7.8078
6.0287     11.4801    7.7878
















































































































































































13.0413    8.0296     7.5909     LZYGINF
13.068     7.9799     7.5993
13.1088    7.9438     7.585
13.1557    7.8678     7.6391
13.1887    7.7715     7.7268
13.1958    7.6562     7.7813
13.203     7.576      7.8222
13.2284    7.4453     7.9439
13.2337    7.3156     7.9821
13.2064    7.2272     8.058
13.1922    7.1346     8.1612
13.0935    7.0521     8.1711
13.0629    6.9842     8.1682
13.0099    6.8987     8.1785
13.038     6.8538     8.1578
13.0154    6.7707     8.1581
12.9632    6.6489     8.1695
12.9125    6.5209     8.1685
12.836     6.4513     8.1749
12.7652    6.3422     8.1785
12.7043    6.2364     8.1749
12.6512    6.1753     8.1553
12.57      6.0862     8.1516
12.5474    6.0103     8.1456
12.5092    5.9236     8.1169
12.4619    5.8387     8.0853
12.4073    5.7634     8.0499
12.3522    5.7017     8.0218
12.3335    5.6566     8.0018
12.3075    5.6198     8.0001
12.2773    5.5646     7.964
12.2383    5.5035     7.9319
12.2329    5.497      7.9037
12.2184    5.4361     7.8505






































































































































































9.072      11.1604    8.9641     R-ALV
9.0577     11.243     8.9763
9.0744     11.3191    8.9621
9.1275     11.4511    8.9399
9.1772     11.528     8.9481
9.2253     11.605     8.9276
9.2701     11.7811    8.8817
9.3548     11.8985    8.8221
9.4245     11.9422    8.7522
9.5067     12.05      8.6884
9.5802     12.11      8.662
9.6992     12.191     8.7132
9.7378     12.2602    8.6688
9.7701     12.3469    8.6062
9.8297     12.4383    8.5611
9.931      12.499     8.5285
10.0169    12.5421    8.5365
10.1001    12.5732    8.4948
10.1639    12.6631    8.4747
10.2938    12.7114    8.454
10.3919    12.7747    8.4445
10.4651    12.8414    8.3998
10.5332    12.9311    8.3416
10.6484    12.9192    8.4177
10.8115    12.9172    8.3688
10.8847    12.9076    8.4488
11.0093    12.9798    8.377
11.0814    13.0774    8.3446
11.1445    13.1902    8.3065
11.2179    13.2081    8.234
11.3581    13.3062    8.225
11.428     13.3447    8.157
11.4833    13.3809    8.0882
11.5581    13.4367    8.0963
11.6099    13.4447    8.0815
11.7648    13.4241    8.078




































































































































































11.5665    8.5792     9.0379     L-ALV
11.6177    8.5719     9.0471
11.7309    8.5694     9.0575
11.8263    8.5447     9.0311
11.9658    8.6396     8.9695
12.1083    8.6805     8.9477
12.2155    8.7235     8.9413
12.35      8.7992     8.8858
12.4538    8.8741     8.861
12.5387    8.9842     8.8082
12.6633    9.0531     8.8156
12.7645    9.1614     8.7774
12.804     9.2217     8.731
12.9836    9.3025     8.7461
13.1606    9.4101     8.7237
13.052     9.4761     8.6251
13.1667    9.6063     8.6021
13.2188    9.6934     8.5971
13.3063    9.8418     8.5273
13.4071    9.9377     8.4831
13.4491    10.0843    8.3879
13.6082    10.3963    8.33
13.7454    10.5992    8.255
13.817     10.7449    8.1149
13.8773    10.8252    8.1316
13.9508    10.9459    8.1331
13.9862    11.0401    8.1758
14.0166    11.2169    8.2036












































































































































































8.2898     12.3965    8.6434     R_FOS
11.3164    9.1024     8.7173     L_FOS
