NMNH       220354     ctt27ms2.xls
13.8364    14.6182    13.3424    IN
11.265     11.8239    14.8961    BR
7.8769     7.9811     12.4289    GL
7.6768     7.7507     11.4733    NA
6.4112     6.3947     9.289      RH
5.9353     5.8423     6.8633     NS
5.6321     5.5478     5.681      PR
5.1572     6.1555     5.7775     R_PR2
6.9916     7.4326     10.3312    R_PMS
6.4362     10.6007    7.9948     R_ZMI
6.6055     9.2337     9.8546     R_ZMU
7.6937     8.375      11.006     R_DA
6.8644     9.6281     12.2451    R_MTI
6.9365     9.6891     12.7001    R_MTS
6.415      10.4191    11.2517    R_FMO
6.3013     10.9785    11.2615    R_FMT
9.8105     15.1974    10.671     R_PO
6.1834     12.12      9.2551     R_ZTS
6.1937     5.1575     5.7077     L_PR2
7.4154     7.0028     10.1988    L_PMS
10.6747    6.58       8.1028     L_ZMI
9.2167     6.8405     9.9113     L_ZMU
8.3338     7.8298     11.0006    L_DA
9.6314     6.9529     12.2642    L_MTI
9.788      7.1642     12.7993    L_MTS
10.5369    6.6439     11.2951    L_FMO
11.1259    6.6597     11.3137    L_FMT
14.7379    10.585     10.5914    L_PO
12.2845    6.6549     9.2387     L_ZTS
7.7613     5.4329     7.0132     O1
10.6031    6.1848     9.2898     O2
15.1336    11.1952    11.5133    O3
14.0645    13.7699    13.6069    O4







































































































































































7.8732     7.97       12.3672    GLRH
7.83       7.9417     12.1787
7.7866     7.8961     12.0015
7.7595     7.8375     11.852
7.7083     7.7804     11.6665
7.6751     7.7546     11.5529
7.6494     7.7296     11.453
7.5944     7.6649     11.3055
7.5244     7.6042     11.1753
7.507      7.5478     11.0677
7.4442     7.4979     10.9361
7.4017     7.4737     10.8727
7.3638     7.4157     10.7716
7.3192     7.362      10.6939
7.2646     7.307      10.5927
7.1808     7.2362     10.4795
7.1026     7.1517     10.4067
7.0294     7.0848     10.3194
6.943      6.9855     10.1913
6.8553     6.8771     10.0869
6.7901     6.8159     10.0205
6.6972     6.723      9.9247
6.6571     6.6506     9.8318
6.5861     6.5762     9.7503
6.5309     6.5203     9.6592
6.4902     6.4792     9.5698
6.4608     6.4006     9.4218
6.43       6.38       9.3164
6.3924     6.3908     9.2779











































































































































































6.3812     6.4064     9.2892     NOSE
6.3204     6.4572     9.3278
6.2964     6.5063     9.3304
6.261      6.5416     9.3277
6.2418     6.5897     9.3083
6.1886     6.6164     9.2161
6.177      6.6271     9.163
6.1603     6.6542     9.1068
6.1635     6.6586     9.0737
6.1618     6.6794     9.0375
6.1882     6.735      9.0079
6.1891     6.8161     9.0879
6.2044     6.8149     8.9563
6.1932     6.7998     8.8172
6.1645     6.7958     8.7219
6.1307     6.8065     8.5819
6.0791     6.8216     8.4432
6.0106     6.8251     8.3737
5.9734     6.8071     8.2973
5.9218     6.7801     8.2122
5.8897     6.7664     8.1015
5.8491     6.7726     8.0271
5.8288     6.7723     7.9106
5.82       6.7312     7.8234
5.7633     6.6879     7.7191
5.7409     6.6088     7.6191
5.7608     6.5396     7.5052
5.7297     6.4536     7.399
5.7172     6.3683     7.3328
5.7141     6.2765     7.2577
5.6907     6.1775     7.1772
5.7015     6.0852     7.1018
5.7116     6.0117     7.0114
5.7716     5.9685     6.983
5.8259     5.8939     6.9199
5.8702     5.8448     6.8841
5.8963     5.8322     6.8633
6.0402     5.6783     7.0161
6.0671     5.6165     7.0595
6.1328     5.603      7.1186
6.2245     5.5743     7.2213
6.281      5.5702     7.269
6.3375     5.5722     7.3168
6.4227     5.6139     7.3845
6.5012     5.6456     7.4455
6.5746     5.657      7.5213
6.6247     5.6932     7.5727
6.6876     5.7131     7.6377
6.7381     5.754      7.7621
6.8029     5.85       7.8926
6.834      5.8874     7.9664
6.8626     5.9318     8.0499
6.8905     5.9772     8.1424
6.8785     6.0609     8.3239
6.8683     6.1139     8.4941
6.8466     6.1339     8.6098
6.8441     6.1442     8.7465
6.866      6.1752     8.8983
6.856      6.1687     9.0286
6.8237     6.1737     9.0316
6.7571     6.1965     9.1215
6.7474     6.2182     9.2047
6.6664     6.2474     9.2096
6.5544     6.338      9.3972
6.5166     6.3399     9.3494
6.4589     6.3424     9.2938
6.3932     6.3681     9.2864





































































































































5.9044     5.8438     6.8669     NASP-PR
5.852      5.786      6.7912
5.793      5.756      6.721
5.7698     5.7133     6.6375
5.7348     5.6888     6.5512
5.7191     5.66       6.4959
5.6715     5.6397     6.4101
5.6698     5.6235     6.3698
5.6399     5.6091     6.2805
5.6205     5.6141     6.2501
5.5857     5.6042     6.1601
5.5831     5.6005     6.0626
5.6048     5.572      5.9435
5.579      5.5639     5.85
5.6015     5.5491     5.8058
5.6106     5.5775     5.7427
5.603      5.5836     5.6626























































































































































































6.93       7.4177     10.2586    R-PM/MAX
6.871      7.4055     10.1736
6.8137     7.3879     10.0884
6.7497     7.3642     9.986
6.6548     7.3146     9.8708
6.5798     7.2722     9.7736
6.5235     7.2688     9.6142
6.4565     7.2581     9.4983
6.4047     7.2134     9.4018
6.338      7.1672     9.2776
6.2891     7.143      9.1851
6.2141     7.1227     9.065
6.1277     7.077      8.8815
6.074      7.066      8.7483
6.0367     7.0821     8.6768
5.9619     7.0441     8.5431
5.9126     7.0279     8.4128
5.8698     7.0368     8.3149
5.7869     7.0608     8.1476
5.7668     7.0274     8.0788
5.6878     7.0929     7.9921
5.6444     7.0496     7.8907
5.6005     7.0586     7.7454
5.5515     7.0498     7.6177
5.5036     7.0945     7.4676
5.4708     7.0936     7.3866
5.4337     7.0975     7.2568
5.3939     7.1034     7.1665
5.3584     7.1272     7.0598
5.324      7.1371     6.9677
5.2886     7.1462     6.885
5.2573     7.1316     6.8265
5.2383     7.109      6.7302
5.2419     7.1621     6.6634
5.2162     7.2055     6.5851
5.2224     7.2113     6.5368
5.2247     7.2166     6.481



































































































































































7.4112     6.9833     10.1482    L-PM/MAX
7.4124     6.952      10.0827
7.4        6.9058     9.9826
7.348      6.8208     9.9093
7.3581     6.7431     9.8087
7.3443     6.6805     9.7026
7.3119     6.5919     9.5991
7.3071     6.5715     9.5138
7.2781     6.4955     9.4176
7.2897     6.4771     9.3454
7.2648     6.4182     9.2455
7.2439     6.3809     9.1806
7.2351     6.322      9.1049
7.2126     6.2642     8.9951
7.1929     6.2259     8.9308
7.1905     6.1986     8.8577
7.1836     6.0914     8.6503
7.1672     6.0682     8.5926
7.1503     5.9852     8.436
7.1471     5.9003     8.2692
7.12       5.7901     8.0924
7.142      5.7222     7.8876
7.1427     5.6656     7.718
7.1426     5.5979     7.5371
7.1491     5.5802     7.4689
7.1425     5.5211     7.3672
7.1319     5.4931     7.297
7.1331     5.467      7.2549
7.1332     5.4419     7.1414
7.141      5.4073     7.0538
7.147      5.3815     6.9978
7.1724     5.3421     6.8912
7.174      5.3025     6.7678
7.1692     5.2948     6.6937
7.1739     5.2674     6.6135
7.1678     5.2766     6.5538
7.1713     5.2914     6.5451
7.1923     5.2872     6.4342
7.221      5.337      6.3423

































































































































































6.6749     9.8385     6.9546     ROSTRUM
6.58       9.8327     7.1147
6.5099     9.809      7.2445
6.4831     9.7422     7.3583
6.4613     9.7294     7.4855
6.455      9.657      7.6037
6.4739     9.5915     7.7364
6.4992     9.5224     7.8702
6.5437     9.4402     7.972
6.5943     9.3879     8.0835
6.6215     9.3095     8.1523
6.6567     9.2063     8.2787
6.6511     9.1434     8.4075
6.6612     9.108      8.4887
6.6327     9.0773     8.6181
6.5712     9.082      8.7187
6.4656     9.0269     8.9035
6.4069     9.002      8.9539
6.3693     8.9551     9.0586
6.3706     8.8932     9.1322
6.3408     8.8518     9.2798
6.3683     8.8535     9.3896
6.4939     8.7567     9.6071
6.678      8.541      9.7549
6.6934     8.4935     9.747
6.8024     8.3446     9.8676
6.889      8.1788     9.9917
6.9175     8.1373     10.0636
6.9887     8.0327     10.202
7.0203     7.975      10.2685
7.0427     7.9064     10.3372
7.104      7.794      10.4396
7.1224     7.7577     10.5255
7.1883     7.6353     10.6497
7.2006     7.6372     10.6974
7.222      7.6156     10.737
7.2437     7.6044     10.7545
7.3061     7.5248     10.811
7.3563     7.4271     10.7939
7.3942     7.3611     10.7611
7.5016     7.327      10.7564
7.5568     7.3192     10.7411
7.6105     7.2998     10.7147
7.6642     7.309      10.6618
7.7199     7.265      10.5112
7.7798     7.2493     10.4415
7.8722     7.1784     10.3466
7.93       7.1252     10.2269
8.0321     7.0989     10.168
8.1097     7.0524     10.0628
8.2008     7.0391     10.0429
8.2658     6.9897     9.957
8.3859     6.8891     9.8189
8.4505     6.865      9.732
8.5548     6.7986     9.7123
8.5613     6.7555     9.648
8.6857     6.6669     9.5843
8.721      6.6463     9.5116
8.7997     6.568      9.4493
8.8303     6.5142     9.3414
8.8941     6.495      9.2603
8.9741     6.5247     9.1731
9.0444     6.512      9.0871
9.0867     6.5465     8.9737
9.1099     6.6667     8.8952
9.145      6.7126     8.772
9.1396     6.7645     8.6632
9.1538     6.8224     8.5599
9.1969     6.8514     8.4444
9.2382     6.8293     8.3473
9.2847     6.7808     8.2931
9.3446     6.7938     8.1971
9.4439     6.7539     8.0796
9.4843     6.7299     8.0047
9.5744     6.713      7.8972
9.6381     6.7141     7.7705
9.7208     6.7229     7.6271
9.7865     6.7391     7.4921
9.8088     6.7471     7.3583
9.7649     6.7403     7.2919
9.7694     6.7694     7.175
9.7604     6.813      7.0829
9.7583     6.8894     6.9975
9.7668     6.9345     6.9339
9.7617     7.0173     6.8458



















































































































6.3094     10.9234    11.2861    SUPORB
6.3265     10.9055    11.3841
6.3432     10.8712    11.5218
6.3714     10.8506    11.6571
6.3939     10.8181    11.7191
6.409      10.8161    11.8551
6.4202     10.77      11.9373
6.4648     10.7192    12.0719
6.5059     10.6794    12.1855
6.5543     10.5659    12.3011
6.5963     10.456     12.3884
6.6621     10.3408    12.4563
6.7077     10.2387    12.5348
6.7801     10.1019    12.6005
6.8298     9.9731     12.6598
6.8727     9.8361     12.7028
6.9659     9.7035     12.7784
7.0328     9.5789     12.8191
7.0911     9.4563     12.8338
7.1764     9.3322     12.895
7.2663     9.2263     12.9205
7.3719     9.1073     13.0018
7.4741     8.915      12.9594
7.5532     8.8263     12.9716
7.6721     8.6463     12.9363
7.7663     8.4841     12.9078
7.8289     8.3615     12.8704
7.8932     8.202      12.8126
7.9717     8.1103     12.7715
8.0363     8.0042     12.7396
8.2162     7.9963     12.8539
8.4148     7.888      12.9141
8.5229     7.8389     12.9464
8.6252     7.7887     12.9592
8.7611     7.6995     12.987
8.9082     7.6685     13.0344
9.0368     7.6219     13.0251
9.2027     7.5632     13.0364
9.335      7.4757     13.0144
9.4198     7.4305     12.9867
9.5054     7.3768     12.9622
9.5597     7.3014     12.8879
9.7338     7.1883     12.8409
9.8998     7.1156     12.766
9.9966     7.0759     12.7237
10.1186    7.0211     12.6424
10.2394    6.9408     12.5799
10.371     6.8736     12.4809
10.4989    6.8003     12.3657
10.6154    6.76       12.2698
10.7665    6.7281     12.1691
10.892     6.7236     12.0637
10.953     6.7262     11.9759
10.9685    6.7327     11.91
11.081     6.733      11.7795
11.1065    6.7265     11.6225
11.0784    6.6547     11.5064
11.0702    6.6029     11.4329
11.103     6.5767     11.3394
11.0455    6.5363     11.2699












































































































































6.6141     9.2089     9.8437     RORBIT
6.5339     9.3077     9.8422
6.4994     9.3748     9.8528
6.4191     9.4939     9.859
6.4119     9.5619     9.8777
6.4066     9.6748     9.9175
6.3952     9.7784     9.941
6.3904     9.8931     10.0207
6.375      9.9909     10.104
6.3792     10.0797    10.1792
6.3861     10.1334    10.2798
6.4143     10.1806    10.3619
6.4543     10.2262    10.4733
6.4428     10.2698    10.5286
6.4303     10.2931    10.6259
6.4755     10.3259    10.6612
6.4609     10.346     10.7218
6.4343     10.3664    10.8016
6.4268     10.3771    10.8728
6.4295     10.405     10.9729
6.4432     10.4078    11.0318
6.3875     10.4051    11.1503
6.3986     10.3878    11.246
6.5061     10.3777    11.4388
6.4979     10.3328    11.5626
6.4533     10.2618    11.7044
6.4786     10.1954    11.7845
6.4717     10.1474    11.8882
6.47       10.094     11.9701
6.5015     10.0335    12.048
6.5365     9.9636     12.1062
6.5732     9.8967     12.1543
6.5888     9.8527     12.2121
6.6325     9.7684     12.2596
6.6649     9.6749     12.3358
6.7164     9.5989     12.3317
6.7481     9.5461     12.3494
6.7984     9.4671     12.3867
6.88       9.3782     12.4101
6.9086     9.3302     12.435
6.9906     9.2284     12.4809
7.0658     9.1393     12.4842
7.1474     9.062      12.4857
7.2022     8.9974     12.4887
7.2627     8.9072     12.527
7.2907     8.8336     12.5363
7.3425     8.7654     12.5513
7.4277     8.691      12.5117
7.4921     8.5718     12.4916
7.6125     8.5309     12.3833
7.6523     8.4035     12.3768
7.7396     8.3996     12.213
7.7348     8.2998     12.1143
7.7695     8.3122     11.9769
7.7691     8.3531     11.8423
7.7681     8.3462     11.6606
7.7518     8.3152     11.4956
7.7338     8.3214     11.3964
7.7222     8.3119     11.2887
7.7183     8.3234     11.2465
7.6802     8.3488     11.1331
7.6782     8.3802     11.0459










































































































































9.3213     6.7855     9.9002     LORBIT
9.4601     6.7552     9.911
9.5717     6.6556     9.9153
9.7047     6.6415     9.9345
9.768      6.6291     9.9442
9.8887     6.6065     9.998
9.9278     6.6168     10.049
10.0404    6.6149     10.1075
10.091     6.6316     10.1258
10.1922    6.6135     10.2236
10.2169    6.6114     10.2614
10.2494    6.6567     10.3413
10.3137    6.6754     10.4164
10.3513    6.6768     10.4816
10.39      6.6675     10.5715
10.4229    6.6676     10.6727
10.4555    6.6663     10.7745
10.4763    6.6739     10.8149
10.486     6.6799     10.8673
10.4919    6.6713     10.9139
10.5178    6.6753     11.0375
10.5244    6.7657     11.1487
10.5318    6.75       11.2496
10.4955    6.756      11.3842
10.4717    6.7616     11.4941
10.4214    6.7819     11.5619
10.3664    6.7879     11.6639
10.2965    6.7711     11.7625
10.239     6.7874     11.8212
10.1952    6.7878     11.8708
10.1639    6.8209     11.9024
10.1154    6.8585     11.9357
10.0637    6.885      11.9927
10.0191    6.915      12.0392
9.979      6.9244     12.0757
9.9151     6.9507     12.1131
9.8421     6.9716     12.1432
9.7793     6.979      12.1839
9.7388     6.9881     12.19
9.6898     7.0237     12.2035
9.6107     7.0748     12.2547
9.5207     7.1122     12.2781
9.4703     7.143      12.3038
9.4184     7.1747     12.2985
9.3613     7.1816     12.3348
9.3206     7.1881     12.3429
9.2083     7.217      12.3733
9.1129     7.252      12.4486
9.0444     7.3209     12.4614
9.0007     7.358      12.474
8.8005     7.4878     12.524
8.7316     7.5276     12.5044
8.6811     7.5581     12.4923
8.6132     7.631      12.4359
8.5708     7.6636     12.4085
8.5047     7.7147     12.3874
8.4638     7.7528     12.339
8.4207     7.7844     12.312
8.3903     7.8458     12.2333
8.3719     7.9198     12.1111
8.3377     7.9068     12.0856
8.3717     8.0073     11.869
8.3682     7.986      11.8066
8.324      7.9518     11.6867
8.3433     7.992      11.5223
8.3443     7.9938     11.4153
8.3304     7.9688     11.3484
8.3246     7.9629     11.2688
8.3207     7.9387     11.2011
8.3248     7.9241     11.132
8.3318     7.9011     11.0689
8.3262     7.8723     11.0426
































































































































6.4201     10.9358    11.6323    RTEMFOS
6.3995     10.9713    11.5299
6.3286     10.9834    11.3839
6.3007     10.9521    11.251
6.274      10.9376    11.1246
6.2483     10.9402    11.0065
6.2134     10.904     10.8947
6.1887     10.8936    10.8065
6.159      10.9075    10.6929
6.1226     10.8859    10.5988
6.1017     10.8948    10.4622
6.0589     10.9124    10.3795
6.0476     10.8886    10.2518
6.0433     10.9019    10.1276
6.0398     10.9154    10.0282
6.0174     10.9259    9.9129
6.021      10.9625    9.8007
5.9982     10.9588    9.694
6.0341     10.9992    9.5791
6.014      11.0413    9.4908
6.058      11.0995    9.4077
6.0597     11.1621    9.3422
6.0702     11.2165    9.2867
6.0947     11.3133    9.2398
6.1031     11.3503    9.2228
6.1245     11.4442    9.1859
6.1489     11.5265    9.1682
6.1609     11.6112    9.1601
6.1568     11.6792    9.1407
6.137      11.7457    9.144
6.1941     11.8008    9.1423
6.227      11.8469    9.1435
6.2755     11.8928    9.1704
6.3081     11.938     9.1957
6.2789     12.009     9.2435
6.2601     12.0329    9.2638




































































































































































11.0977    6.7756     11.5496    LTEMFOS
11.0998    6.6799     11.3658
11.1091    6.6485     11.2673
11.0983    6.6367     11.0848
11.101     6.6017     10.9983
11.1093    6.557      10.8992
11.1008    6.5265     10.7279
11.0968    6.5172     10.6179
11.0835    6.4617     10.5616
11.0904    6.4782     10.4354
11.0623    6.4351     10.3076
11.067     6.4005     10.1625
11.1512    6.4088     9.999
11.038     6.3668     9.8353
11.06      6.3897     9.6678
11.0965    6.371      9.5588
11.1454    6.3399     9.4717
11.2515    6.3303     9.3075
11.3336    6.3479     9.231
11.4407    6.3578     9.1747
11.5381    6.3695     9.1972
11.6166    6.3929     9.1348
11.6897    6.4064     9.1189
11.8165    6.469      9.092
11.8597    6.5075     9.0837
11.936     6.57       9.1046
12.0162    6.5879     9.129
12.0579    6.6127     9.1432
12.131     6.6052     9.2069
12.1773    6.6364     9.2503










































































































































































5.4518     5.1725     9.342      OP
6.673      6.2731     9.3896     BA
9.7459     9.2219     8.7109     ST
12.4815    11.9913    8.524      IV
4.2296     8.8514     8.7865     R_PG
5.6353     11.1608    8.2428     R_ZTI
8.6883     10.7701    9.7604     R_M3D
9.6801     12.133     9.5357     R_M12
11.2956    13.34      9.2689     R_MP3
12.2273    13.6431    8.8438     R_PMI
9.1434     3.9179     8.9266     L_PG
11.6408    5.1159     8.1426     L_ZTI
11.2712    8.3154     9.6751     L_M3D
12.6542    9.4135     9.4594     L_M12
13.7444    11.0081    9.2276     L_MP3
14.0389    11.9765    8.9352     L_PMI
13.851     11.2123    8.2847     O1
12.715     7.8676     7.2202     O2
7.679      2.896      7.8264     O3
4.5944     3.3419     6.3019     O4




















































































































































































8.2096     12.2395    8.4732     RZYGINF
8.0754     12.2115    8.4351
7.9757     12.19      8.4065
7.8708     12.2202    8.4054
7.7998     12.2296    8.4325
7.5483     12.1876    8.5313
7.4686     12.1881    8.5322
7.3981     12.1606    8.5295
7.3535     12.1534    8.5322
7.2915     12.1011    8.534
7.1134     12.026     8.5663
6.9497     11.9549    8.5823
6.8095     11.8764    8.5847
6.5535     11.7615    8.5819
6.3745     11.7036    8.5593
6.2584     11.5864    8.5277
6.1676     11.548     8.5223
6.0551     11.4731    8.4323
5.9829     11.3769    8.3888
5.8507     11.2979    8.3213
5.7554     11.2123    8.2748
5.6473     11.1718    8.1832
5.5981     11.1988    8.1527

















































































































































































12.6422    7.8286     8.472      LZYGINF
12.607     7.6        8.4114
12.6277    7.4476     8.4225
12.623     7.3243     8.4741
12.5802    7.125      8.5109
12.5355    6.9672     8.5287
12.4707    6.8332     8.5497
12.3892    6.6874     8.5827
12.3515    6.5544     8.5884
12.2615    6.3805     8.5917
12.2107    6.2481     8.5841
12.1271    6.1009     8.5655
12.0489    5.9436     8.568
12.0143    5.8925     8.5768
11.9602    5.8005     8.517
11.9249    5.7482     8.5323
11.931     5.6193     8.4474
11.873     5.5451     8.4069
11.8366    5.4646     8.3497
11.7623    5.3738     8.3147
11.7217    5.3225     8.2792
11.6762    5.2422     8.2523
11.6458    5.181      8.1908
11.6253    5.1319     8.1139
















































































































































































8.6999     10.7498    9.7767     R-ALV
8.6619     10.8551    9.7627
8.69       10.9328    9.7536
8.71       11.017     9.7457
8.7407     11.0935    9.7221
8.781      11.1525    9.7188
8.7992     11.2422    9.7196
8.8243     11.2919    9.717
8.8417     11.3505    9.71
8.914      11.4093    9.6947
8.9921     11.4313    9.6398
9.0763     11.5108    9.6436
9.118      11.5404    9.6342
9.1985     11.6933    9.5876
9.2489     11.7324    9.5893
9.3107     11.7709    9.6087
9.242      11.7232    9.5799
9.2659     11.8475    9.5246
9.3177     11.9176    9.5104
9.3528     11.9939    9.4933
9.3826     12.031     9.5057
9.5205     12.1103    9.5189
9.6421     12.1413    9.5713
9.7257     12.1662    9.5433
9.7454     12.2299    9.5166
9.8595     12.3303    9.5205
9.8748     12.3865    9.5048
9.924      12.5146    9.4727
10.2012    12.5967    9.4426
10.3024    12.6642    9.4391
10.4063    12.7415    9.4168
10.5248    12.8297    9.3868
10.6655    12.9206    9.3933
10.7672    12.9879    9.3772
10.8735    13.0798    9.347
10.946     13.1306    9.3403
11.0315    13.2006    9.3029
11.1093    13.2477    9.2994
11.1871    13.3015    9.2888
11.2722    13.274     9.3053
































































































































































11.2794    8.2934     9.6913     L-ALV
11.3844    8.2989     9.6777
11.4842    8.3328     9.6558
11.6494    8.3585     9.6104
11.809     8.4381     9.5689
11.9083    8.53       9.5143
12.0421    8.6781     9.4842
12.1195    8.7673     9.4725
12.274     8.8732     9.477
12.3768    8.9808     9.4611
12.5567    9.1032     9.4856
12.5727    9.2022     9.4822
12.6319    9.3579     9.457
12.7237    9.4145     9.4528
12.7869    9.469      9.4455
12.8531    9.515      9.4275
12.9432    9.5847     9.4189
13.0893    9.6789     9.4374
13.0842    9.8116     9.4207
13.1508    9.918      9.4343
13.1696    10.0047    9.3925
13.2115    10.0689    9.3977
13.2857    10.18      9.3878
13.3971    10.3493    9.4041
13.4697    10.4163    9.4071
13.5203    10.4579    9.3787
13.5689    10.514     9.3289
13.6325    10.5964    9.2838
13.6627    10.697     9.2697
13.7232    10.8012    9.2529
13.7801    10.8676    9.2427
13.7216    10.9835    9.2555








































































































































































6.6345     9.9264     8.4432     R_FOS
9.9566     6.8298     8.4899     L_FOS
