AMNH       119757     CTT4MS.XLS
17.4384    17.0373    -9.8957    IN
15.1606    14.9731    -11.8802   BR
11.0133    11.4314    -10.022    GL
10.7508    11.1041    -9.2407    NA
9.3139     9.7432     -7.2333    RH
8.4799     8.8241     -5.1561    NS
8.0719     8.4873     -4.2033    PR
8.7624     8.0681     -4.3237    R_PR2
10.2266    9.9122     -7.4997    R_PMS
13.4748    9.0759     -5.9499    R_ZMI
12.1089    9.888      -7.7166    R_ZMU
11.2869    11.1449    -8.7237    R_DA
12.3729    10.3203    -10.0941   R_MTI
12.7299    10.5719    -10.5242   R_MTS
13.4032    9.4987     -9.0175    R_FMO
13.9916    9.626      -9.2679    R_FMT
17.8337    12.6681    -7.7593    R_PO
14.9604    9.2274     -7.0612    R_ZTS
7.7471     9.1673     -4.2806    L_PR2
9.6129     10.5741    -7.487     L_PMS
9.1308     13.8767    -5.8472    L_ZMI
9.7971     12.5947    -7.6148    L_ZMU
10.8142    11.6156    -8.8254    L_DA
10.1251    12.8498    -9.9895    L_MTI
10.5117    13.2249    -10.4369   L_MTS
9.527      14.0419    -8.749     L_FMO
9.7057     14.688     -8.9912    L_FMT
13.196     18.0186    -7.5552    L_PO
9.4661     15.6367    -6.8658    L_ZTS
9.0938     8.2386     -5.0141    O1
14.0891    8.7499     -6.6789    O2
17.9146    13.2812    -9.0496    O3
17.5618    16.0904    -10.2444   O4







































































































































































11.0409    11.4125    -10.0884   GLRH
10.9761    11.3334    -9.8981
10.8821    11.2044    -9.6375
10.795     11.1075    -9.3364
10.6967    11.0277    -9.0807
10.5978    10.8938    -8.8217
10.4642    10.7845    -8.5706
10.3454    10.6651    -8.3135
10.1829    10.5343    -8.1493
10.0124    10.377     -7.9707
9.8589     10.1822    -7.7998
9.7191     10.0651    -7.683
9.5731     9.9644     -7.581
9.4929     9.8637     -7.472
9.3827     9.7482     -7.3302
9.357      9.7079     -7.2414
























































































































































































9.3717     9.6413     -7.1981    NOSE
9.4885     9.6136     -7.1829
9.4946     9.462      -7.0895
9.6446     9.3984     -6.9924
9.7169     9.3226     -6.8778
9.6966     9.2375     -6.6877
9.6572     9.0848     -6.4732
9.6012     8.9446     -6.2049
9.4461     8.8501     -5.8784
9.1777     8.7935     -5.6587
8.9291     8.7789     -5.4844
8.6859     8.8437     -5.3387
8.5326     9.0159     -5.3327
8.4162     9.2461     -5.4513
8.3816     9.4913     -5.5958
8.4288     9.7153     -5.7225
8.5477     9.9396     -5.9456
8.7038     10.0705    -6.2064
8.8642     10.1247    -6.4056
8.9969     10.1511    -6.6403
9.0914     10.1756    -6.7986
9.0593     9.9543     -6.9746
9.1142     9.87       -7.1479
9.2282     9.8245     -7.1942
9.2996     9.7452     -7.1918















































































































































































8.5456     8.8876     -5.2395    NASP-PR
8.4791     8.7967     -5.1523
8.3687     8.713      -5.012
8.3074     8.6485     -4.9286
8.2364     8.6008     -4.8196
8.1838     8.521      -4.6487
8.1229     8.4777     -4.4501
8.0728     8.4355     -4.3289
8.0982     8.4495     -4.2352































































































































































































10.2427    9.9045     -7.5036    R-PM/MAX
10.1742    9.7498     -7.3143
10.086     9.6095     -7.1609
10.0304    9.4745     -6.994
9.96       9.2611     -6.7691
9.9131     9.1113     -6.5912
9.8637     8.9648     -6.3982
9.752      8.7688     -6.1673
9.7566     8.6711     -5.9768
9.7196     8.5575     -5.7955
9.7004     8.4162     -5.4864
9.6494     8.2779     -5.2377
9.7251     8.1467     -4.9532
9.7853     8.1652     -4.711


























































































































































































9.568      10.5313    -7.4974    L-PM/MAX
9.4036     10.4359    -7.3586
9.2692     10.421     -7.1244
9.0547     10.3422    -6.8403
8.8823     10.3034    -6.6
8.6964     10.2115    -6.4106
8.5143     10.14      -6.1381
8.3249     10.1176    -5.9006
8.2374     10.1411    -5.6632
8.0656     10.1223    -5.3752
7.9471     10.0748    -5.1547
7.9042     10.1549    -4.9322
7.8884     10.2047    -4.8117
7.9305     10.225     -4.6894


























































































































































































11.6274    9.2012     -4.4126    ROSTRUM
11.6357    9.0878     -4.6609
11.6319    9.0467     -4.9427
11.625     9.1024     -5.136
11.5432    9.1515     -5.3831
11.4677    9.1776     -5.6024
11.4241    9.2233     -5.8099
11.3921    9.226      -6.0405
11.3725    9.2178     -6.2817
11.3551    9.188      -6.5415
11.2653    9.2757     -6.7205
11.0894    9.4279     -6.9783
10.9443    9.5669     -7.1089
10.7927    9.7436     -7.2376
10.6698    9.9016     -7.3722
10.5463    10.0275    -7.548
10.396     10.1256    -7.6989
10.2701    10.2309    -7.841
10.1472    10.3375    -7.9749
10.0684    10.4542    -8.0189
9.9212     10.4662    -7.9467
9.8908     10.6955    -7.7431
9.7461     10.8592    -7.519
9.5887     11.0271    -7.3144
9.3451     11.256     -7.1044
9.1942     11.4605    -6.8205
9.0879     11.6197    -6.6085
9.0488     11.7209    -6.3767
9.0253     11.7124    -6.1683
8.9875     11.7364    -5.9836
8.978      11.8212    -5.6326
8.9295     11.8385    -5.395
8.8886     11.8866    -5.1661
8.8734     11.9254    -4.9931
8.9209     11.9398    -4.6705
8.9505     11.8972    -4.5461
9.0031     11.9117    -4.4284



































































































































































14.0411    9.5604     -9.134     SUPORB
14.0081    9.6186     -9.3629
13.8988    9.7392     -9.696
13.713     9.9501     -10.0145
13.415     10.1418    -10.2378
13.1639    10.308     -10.3363
12.9609    10.4328    -10.4452
12.6319    10.6907    -10.5396
12.4275    10.8288    -10.5874
12.2371    10.9216    -10.5888
9999       9999       9999
11.6697    11.4654    -10.6136
11.5165    11.5621    -10.5576
11.2982    11.7783    -10.497
11.1913    12.0052    -10.5567
11.0801    12.3375    -10.6466
10.8987    12.7403    -10.6152
10.5873    13.1574    -10.4758
10.3483    13.4621    -10.3625
10.1814    13.8217    -10.1961
10.0452    14.2       -9.9738
9.8716     14.4393    -9.7007
9.7812     14.64      -9.4023
9.7        14.7358    -9.0083
9.6614     14.8325    -8.7735















































































































































































12.2417    9.8861     -7.7338    RORBIT
12.5176    9.7424     -7.7636
12.7191    9.6315     -7.8347
12.9642    9.5721     -8.0217
13.2803    9.5627     -8.4295
13.374     9.6209     -8.7706
13.3726    9.6773     -9.0984
13.2207    9.7167     -9.5304
13.0666    9.8544     -9.8007
12.8167    9.9889     -10.0035
12.6118    10.1155    -10.0515
12.3865    10.2586    -10.1321
12.2365    10.3701    -10.1071
12.1431    10.5125    -10.0547
12.0339    10.7382    -10.1157
12.0026    10.8171    -10.2325
11.8903    10.9064    -10.2562
11.7389    11.0903    -10.1677
11.4573    11.2524    -10.0959
11.4285    11.3496    -9.8768
11.3215    11.2618    -9.5705
11.2803    11.2169    -9.2998
11.2533    11.1323    -8.9841
11.2159    11.0861    -8.8511
11.2239    11.0688    -8.7568















































































































































































9.751      12.7357    -7.6144    LORBIT
9.6458     12.9516    -7.6161
9.5525     13.1857    -7.6604
9.4819     13.4353    -7.7696
9.4679     13.7375    -8.0064
9.53       13.9047    -8.3261
9.6003     14.0016    -8.6742
9.6673     13.9891    -8.9952
9.7522     13.8469    -9.3678
9.8943     13.5623    -9.7132
9.9995     13.2797    -9.8495
10.1418    12.955     -9.938
10.2802    12.6825    -9.9731
10.4358    12.5882    -10.0647
10.6616    12.4107    -10.1653
10.8523    12.1731    -10.0887
10.9637    11.9369    -9.9459
10.9269    11.731     -9.6357
10.9049    11.6893    -9.2813
10.8607    11.6022    -9.0497
10.8332    11.6221    -8.8754



















































































































































































14.0676    9.6603     -9.2595    RTEMFOS
14.0983    9.5384     -8.9991
14.0841    9.4557     -8.6912
14.0543    9.3145     -8.3158
13.9831    9.138      -7.8253
13.9425    9.0429     -7.4601
14.0541    8.9706     -7.1454
14.32      9.0336     -6.9632
14.5279    9.1477     -6.908
14.7529    9.1978     -6.9836
14.8949    9.2297     -7.0305
15.0048    9.2701     -7.077




























































































































































































9.6633     14.7007    -8.9059    LTEMFOS
9.6017     14.6791    -8.5996
9.498      14.6739    -8.373
9.4199     14.6105    -8.0651
9.3058     14.5532    -7.8128
9.2397     14.4599    -7.4852
9.1865     14.483     -7.1518
9.1723     14.5711    -6.953
9.2494     14.7981    -6.7937
9.3399     15.0024    -6.7832
9.46       15.2782    -6.8459
9.5108     15.4114    -6.9089
9.5471     15.515     -6.9634



























































































































































































8.9441     8.6265     -7.9232    OP
10.0626    9.6598     -8.1082    BA
12.8796    12.4022    -7.9998    ST
15.8277    15.0835    -8.1751    IV
12.5154    7.1646     -7.4223    R_PG
14.8246    8.1303     -7.2568    R_ZTI
14.6035    11.1963    -8.9589    R_M3D
15.7709    12.1627    -9.0077    R_M12
16.8921    13.6371    -8.8558    R_MP3
17.4402    14.5896    -8.2036    R_PMI
7.5979     12.1359    -7.7811    L_PG
8.6055     14.4846    -7.5927    L_ZTI
11.7375    14.0046    -9.1503    L_M3D
12.7753    15.1665    -9.0447    L_M12
14.3411    16.1978    -8.7934    L_MP3
15.3728    16.5994    -8.3549    L_PMI
17.4134    15.2725    -7.9095    O1
16.2851    10.1593    -6.9179    O2
11.1776    6.6114     -5.5156    O3
8.22       7.1745     -4.5553    O4




















































































































































































15.846     10.7558    -7.8095    RZYGINF
15.885     10.5948    -7.7534
15.8505    10.4125    -7.709
15.7983    10.0266    -7.6755
15.6707    9.6219     -7.7087
15.5522    9.2977     -7.7011
15.4685    8.9543     -7.6534
15.3441    8.7068     -7.577
15.2226    8.5434     -7.4242
15.0763    8.3479     -7.33
14.9155    8.1491     -7.2856
14.8715    8.1278     -7.2408




























































































































































































11.3011    15.3549    -7.9957    LZYGINF
11.1352    15.3184    -7.9773
10.8071    15.3725    -7.939
10.5194    15.3313    -7.9623
10.2449    15.2276    -7.9822
9.9986     15.0807    -7.9909
9.7415     14.8753    -8.0283
9.5232     14.7941    -7.9983
9.368      14.7264    -7.9055
9.199      14.6703    -7.7868
9.1214     14.6253    -7.7394
8.9944     14.5084    -7.7183
8.8718     14.415     -7.7104
8.7723     14.3621    -7.7086
8.6383     14.297     -7.6366

























































































































































































14.5113    11.1881    -9.0052    R-ALV
14.6853    11.2405    -9.0049
14.855     11.3062    -8.9894
14.9535    11.3547    -8.9962
15.0818    11.4749    -9.005
15.1842    11.5768    -9.0067
15.2898    11.6585    -9.0034
15.4208    11.7759    -8.9865
15.535     11.8507    -8.9698
15.6521    11.9711    -8.9589
15.762     12.1263    -8.9568
15.865     12.263     -8.9752
15.9274    12.3351    -8.9468
16.006     12.4457    -8.9562
16.1164    12.5286    -8.9318
16.194     12.6164    -8.9468
16.2875    12.8926    -8.9055
16.3672    13.0464    -8.8983
16.4855    13.1569    -8.8887
16.572     13.2788    -8.8804
16.7074    13.4336    -8.8522
16.8199    13.5582    -8.8652


















































































































































































11.6797    14.0275    -9.0661    L-ALV
11.7302    14.1697    -9.0718
11.8107    14.3908    -9.0496
11.9867    14.583     -9.0484
12.16      14.72      -9.0622
12.424     14.9777    -9.0022
12.6661    15.1585    -9.0131
12.8419    15.2672    -9.0389
13.0988    15.4349    -9.02
13.3847    15.6172    -9.0056
13.7207    15.761     -8.9045
13.97      15.9182    -8.8974
14.1688    16.0869    -8.87
14.3791    16.2351    -8.8052


























































































































































































12.7489    9.6176     -6.4363    R_FOS
9.5537     13.2515    -6.2387    L_FOS
