AMNH       86900      laa1ms.xls
15.3497    14.0257    -9.25      IN
12.2247    11.9458    -10.9385   BR
8.8712     9.875      -8.8125    GL
8.7067     9.737      -8.2931    NA
7.7877     9.0987     -6.501     RH
6.9597     8.5587     -4.7841    NS
6.8564     8.5265     -4.4184    PR
7.3408     8.1245     -4.2831    R_PR2
8.4543     9.2468     -6.9258    R_PMS
10.6167    8.0557     -5.4586    R_ZMI
9.7883     8.4015     -6.8374    R_ZMU
8.9069     9.6775     -7.997     R_DA
9.9121     8.9883     -8.7929    R_MTI
10.1622    9.1139     -9.2768    R_MTS
10.5857    8.0999     -8.0595    R_FMO
11.1364    8.0459     -7.9315    R_FMT
14.6234    10.1115    -7.2001    R_PO
11.6269    7.8175     -6.1712    R_ZTS
6.7413     9.1096     -4.2585    L_PR2
8.2846     9.7316     -7.2134    L_PMS
7.799      12.0975    -5.6642    L_ZMI
8.008      11.2113    -6.8502    L_ZMU
8.688      9.9797     -8.004     L_DA
8.522      11.2345    -8.7861    L_MTI
8.7362     11.3568    -9.2489    L_MTS
7.9689     12.1495    -8.0186    L_FMO
8.0622     12.6666    -7.9558    L_FMT
11.2451    14.9181    -7.2411    L_PO
8.112      13.3054    -6.2722    L_ZTS
6.902      8.2076     -4.1441    O1
7.7555     12.8382    -5.9482    O2
11.7159    15.3113    -7.6483    O3
14.8307    14.7839    -8.8145    O4







































































































































































8.8867     9.8379     -8.8453    GLRH
8.8518     9.8081     -8.7153
8.7989     9.8264     -8.5688
8.7436     9.7839     -8.4
8.6788     9.7322     -8.2595
8.6323     9.6964     -8.0591
8.5826     9.6595     -7.8193
8.5446     9.64       -7.6087
8.5023     9.5775     -7.4129
8.3648     9.4807     -7.1511
8.2964     9.4219     -7.0527
8.1994     9.363      -6.9285
8.1229     9.3027     -6.8327
8.0566     9.2784     -6.7793
7.9918     9.2242     -6.7069
7.9322     9.1869     -6.6745
7.8673     9.1542     -6.59
7.8048     9.1079     -6.527
7.801      9.0922     -6.449





















































































































































































7.7897     9.0829     -6.4737    NOSE
7.875      9.0256     -6.4601
7.9269     8.9778     -6.4678
7.9741     8.9364     -6.4649
7.9929     8.8794     -6.4152
8.0016     8.8171     -6.357
7.9928     8.7719     -6.2723
8.0558     8.779      -6.1551
8.1061     8.6983     -6.0465
8.1327     8.6558     -5.8987
8.1149     8.5912     -5.7567
8.0532     8.5872     -5.588
7.9427     8.5561     -5.4174
7.8093     8.5357     -5.3132
7.5258     8.5389     -5.1369
7.3118     8.5752     -4.9815
7.1736     8.5779     -4.902
7.0507     8.5742     -4.8281
6.9897     8.5869     -4.7916
6.904      8.6393     -4.7898
6.8857     8.7392     -4.9099
6.9224     8.8464     -5.0196
7.0496     9.0292     -5.1038
7.154      9.1942     -5.1711
7.2281     9.3064     -5.2531
7.2871     9.4193     -5.367
7.3424     9.5406     -5.4968
7.4143     9.589      -5.6847
7.5124     9.6059     -5.8156
7.5621     9.5656     -6.0411
7.6317     9.4594     -6.2794
7.6754     9.4581     -6.3425
7.7854     9.269      -6.5063
7.7813     9.19       -6.4542
7.8041     9.1159     -6.4223





































































































































































6.9561     8.5774     -4.7894    NASP-PR
6.8699     8.5233     -4.6923
6.8273     8.5016     -4.5775
6.8364     8.5014     -4.4694
6.8622     8.5034     -4.4223



































































































































































































8.4859     9.2217     -6.8904    R-PM/MAX
8.4502     9.1185     -6.7447
8.4339     9.0678     -6.6484
8.4215     8.9522     -6.4909
8.3911     8.8415     -6.3227
8.4046     8.7613     -6.1676
8.3498     8.6948     -6.0232
8.3312     8.6044     -5.8495
8.2961     8.503      -5.6853
8.2603     8.4065     -5.4949
8.2276     8.3285     -5.3196
8.2275     8.2455     -5.1265
8.2248     8.1566     -4.9328
8.2005     8.0905     -4.757
8.1889     8.026      -4.6018
8.1894     7.9877     -4.4922
8.223      7.988      -4.4345
8.2213     8.0605     -4.3043






















































































































































































7.9845     9.6911     -6.8109    L-PM/MAX
7.8993     9.6929     -6.6449
7.8163     9.7283     -6.5219
7.671      9.717      -6.3032
7.535      9.7486     -6.1268
7.4141     9.7512     -5.927
7.3046     9.75       -5.7473
7.2101     9.7414     -5.5592
7.1245     9.759      -5.3596
7.0504     9.8158     -5.185
6.9531     9.8261     -5.0245
6.8766     9.8418     -4.8725
6.8161     9.8841     -4.6716
6.7917     9.8912     -4.543
6.8471     9.8712     -4.376

























































































































































































9.6987     8.5554     -4.3869    ROSTRUM
9.6371     8.4864     -4.6342
9.5663     8.4903     -4.8324
9.5137     8.514      -4.9834
9.423      8.6197     -5.252
9.3509     8.6629     -5.4719
9.2825     8.6975     -5.6485
9.2005     8.6885     -5.8938
9.1219     8.7142     -6.1089
9.0705     8.8294     -6.2833
8.9611     8.9655     -6.4598
8.8275     9.1249     -6.6407
8.7464     9.2694     -6.7652
8.6832     9.3419     -6.9717
8.6297     9.4057     -7.1237
8.5568     9.4779     -7.2412
8.503      9.5512     -7.3269
8.4465     9.6397     -7.3456
8.3612     9.6094     -7.2903
8.2972     9.7558     -7.1597
8.2591     9.9012     -6.9001
8.218      9.9767     -6.7528
8.0978     10.0467    -6.5834
7.8966     10.3367    -6.3059
7.8432     10.5304    -6.0518
7.8489     10.6715    -5.7013
7.9066     10.768     -5.4878
7.949      10.8867    -5.228
7.9195     10.9448    -5.0975
7.9128     11.1252    -4.6321
7.9102     11.1403    -4.5236
7.9724     11.1589    -4.4474








































































































































































11.0685    8.0457     -7.7703    SUPORB
11.1035    7.9975     -8.0095
11.0759    8.0974     -8.3149
10.9569    8.2378     -8.5604
10.7973    8.4        -8.7349
10.5637    8.6804     -9.0182
9.9761     9.2602     -9.2973
9.7929     9.4059     -9.3047
9.5799     9.6137     -9.3325
9.0366     9.9502     -9.0913
8.9908     10.0339    -9.0936
8.9942     10.2074    -9.2144
8.9372     10.4741    -9.2961
8.8492     10.7975    -9.2993
8.7681     11.0282    -9.2589
8.6588     11.362     -9.2103
8.5716     11.6577    -9.1156
8.5369     11.8746    -9.0379
8.4337     12.1138    -8.9022
8.3475     12.3586    -8.7391
8.2778     12.4875    -8.5924
8.1768     12.6347    -8.3401
8.1287     12.7341    -8.0847
8.0868     12.6284    -7.7749
















































































































































































9.8668     8.4618     -6.8531    RORBIT
10.1089    8.3615     -6.9588
10.2636    8.275      -7.1034
10.4043    8.2035     -7.2611
10.5314    8.1663     -7.4653
10.598     8.1746     -7.5757
10.6354    8.1653     -7.8084
10.6009    8.2387     -8.01
10.5667    8.3078     -8.2245
10.4794    8.4106     -8.474
10.3612    8.5655     -8.6446
10.2715    8.6905     -8.7178
10.1471    8.8077     -8.7795
9.992      8.8797     -8.8353
9.8521     9.0127     -8.8372
9.757      9.1158     -8.82
9.656      9.2308     -8.7172
9.615      9.3396     -8.7327
9.55       9.4047     -8.8615
9.4454     9.5394     -8.7873
9.3485     9.6507     -8.6402
9.2775     9.6914     -8.5301
9.1986     9.7198     -8.3932
9.1585     9.7593     -8.1965
9.1123     9.7412     -8.0274
9.0617     9.7032     -7.8361
9.0267     9.6392     -7.6852













































































































































































7.9933     11.2864    -6.8572    LORBIT
7.9543     11.443     -6.8914
7.9499     11.5737    -6.9738
7.9355     11.685     -7.0589
7.9755     11.8623    -7.2271
8.0104     11.9996    -7.3775
8.0439     12.129     -7.5918
8.0979     12.1837    -7.7939
8.1526     12.1471    -8.0717
8.2329     12.0365    -8.331
8.3151     11.8188    -8.5948
8.4269     11.5638    -8.7342
8.5526     11.1461    -8.7713
8.5787     10.9405    -8.7685
8.6158     10.8235    -8.755
8.6697     10.7696    -8.7633
8.8949     10.2262    -8.3332
8.8614     10.1632    -8.2111
8.8233     10.1044    -8.1571
8.7673     10.0435    -8.0794
8.7142     10.006     -7.9688
8.6887     9.9898     -7.8922


















































































































































































11.0493    8.0207     -7.7741    RTEMFOS
11.0221    7.9614     -7.5645
10.9415    7.9383     -7.3488
10.9055    7.9271     -7.1067
10.8659    7.9008     -6.7989
10.8525    7.8468     -6.5275
10.977     7.792      -6.2877
11.2228    7.7888     -6.1317
11.5011    7.8314     -6.1239
11.6143    7.8834     -6.1832
11.7283    7.8525     -6.2411
11.8166    7.8831     -6.3001




























































































































































































8.0172     12.5842    -7.7119    LTEMFOS
7.9937     12.5276    -7.54
7.9116     12.4791    -7.3824
7.8436     12.4413    -7.1708
7.8016     12.4215    -6.9565
7.7493     12.4157    -6.6989
7.7706     12.4906    -6.4342
7.8964     12.7248    -6.2604
7.9505     12.821     -6.2283
8.0134     12.9561    -6.2226
8.053      13.1459    -6.2522
8.1024     13.2495    -6.3001




























































































































































































5.8234     7.806      -6.6201    OP
7.2829     8.6316     -7.0084    BA
10.1719    10.192     -6.5414    ST
12.6834    11.5835    -6.4743    IV
8.7854     6.2975     -5.9239    R_PG
11.0187    6.7476     -5.6684    R_ZTI
10.8455    9.0362     -7.1477    R_M3D
12.1651    9.3767     -7.1492    R_M12
13.3508    10.3315    -7.1337    R_MP3
13.7143    10.7856    -6.8714    R_PMI
6.1043     11.2159    -6.2706    L_PG
7.4755     12.8367    -6.1898    L_ZTI
9.5309     11.4035    -7.4108    L_M3D
10.462     12.2668    -7.3394    L_M12
11.7881    12.7179    -7.3089    L_MP3
12.417     12.833     -7.0006    L_PMI
14.2572    12.0116    -6.7789    O1
9.2615     13.3667    -6.1665    O2
4.9013     10.7939    -5.6141    O3
3.8318     7.9715     -5.0011    O4




















































































































































































12.4967    8.5127     -6.057     RZYGINF
12.4879    8.3518     -6.0981
12.4477    8.2236     -6.0713
12.3966    8.015      -6.0602
12.312     7.8237     -6.0984
12.1696    7.6322     -6.1167
11.9656    7.5567     -6.1199
11.7999    7.3733     -6.0698
11.6031    7.2755     -5.9842
11.4892    7.097      -5.8463
11.3181    6.9478     -5.7858
11.185     6.8402     -5.7713
11.1059    6.7975     -5.7382
11.0102    6.7496     -5.6743


























































































































































































9.7168     13.0425    -6.4165    LZYGINF
9.5669     13.089     -6.4507
9.348      13.1702    -6.51
9.3517     13.1451    -6.5323
9.1122     13.1351    -6.5851
8.8639     13.0801    -6.5485
8.5492     13.0129    -6.4949
8.2634     12.9945    -6.3915
8.13       12.9779    -6.3505
7.9589     12.9359    -6.2861
7.8359     12.9181    -6.267
7.6541     12.8917    -6.2286
7.4774     12.8381    -6.1995



























































































































































































10.9417    8.9956     -7.192     R-ALV
11.0594    8.9994     -7.185
11.1856    8.9958     -7.1746
11.2922    8.9832     -7.1326
11.4652    9.0377     -7.1117
11.5431    9.0394     -7.0739
11.6649    9.0697     -7.0845
11.7857    9.115      -7.0525
11.8782    9.1549     -7.0771
12.1166    9.2508     -7.0396
12.1939    9.3782     -7.0571
12.3139    9.4767     -7.0674
12.4297    9.5314     -7.0722
12.5402    9.6042     -7.1046
12.6585    9.7389     -7.072
12.7904    9.8539     -7.1089
12.8889    9.8967     -7.0968
13.0219    10.0438    -7.119
13.111     10.0999    -7.0651
13.233     10.2011    -7.1089
13.3244    10.2929    -7.1065



















































































































































































9.5114     11.461     -7.4336    L-ALV
9.5778     11.5934    -7.4108
9.6351     11.7165    -7.3892
9.7019     11.8141    -7.3936
9.8218     11.8918    -7.3568
10.0129    12.0852    -7.3443
10.1795    12.2211    -7.3448
10.3945    12.2895    -7.3268
10.6214    12.3666    -7.2924
10.7827    12.4893    -7.2569
10.9798    12.498     -7.3061
11.1968    12.6003    -7.3156
11.4046    12.6394    -7.3273
11.6458    12.7126    -7.2809
11.7924    12.7745    -7.2674
11.8529    12.7914    -7.273
























































































































































































10.4261    8.5021     -5.7456    R_FOS
8.2828     11.7333    -5.7202    L_FOS
