AMNH       52618      LAJ17MS.XLS
17.9755    17.41      -9.4248    IN
15.1021    14.4194    -11.6905   BR
11.7479    11.169     -9.4224    GL
11.6132    11.0986    -9.0795    NA
10.5631    10.2767    -7.0396    RH
9.6793     9.1665     -5.0963    NS
9.553      8.9863     -4.5114    PR
10.1539    8.6387     -4.3071    R_PR2
11.4086    10.6454    -7.6986    R_PMS
14.0756    9.5264     -5.8611    R_ZMI
13.0242    9.8755     -7.5244    R_ZMU
12.0905    11.1129    -8.7282    R_DA
13.215     10.3008    -9.4824    R_MTI
13.6498    10.8147    -10.1358   R_MTS
14.1953    9.8651     -8.3684    R_FMO
14.8363    9.7996     -8.0906    R_FMT
18.078     12.7455    -7.689     R_PO
15.484     9.5909     -6.5584    R_ZTS
9.1229     9.6215     -4.3696    L_PR2
10.9173    10.9029    -7.5669    L_PMS
10.1676    13.6436    -5.7674    L_ZMI
10.4162    12.625     -7.49      L_ZMU
11.6152    11.491     -8.5897    L_DA
10.9675    12.3899    -9.5548    L_MTI
11.4528    12.7052    -10.265    L_MTS
10.3984    13.6706    -8.3416    L_FMO
10.33      14.3128    -8.114     L_FMT
13.2404    17.444     -7.6348    L_PO
10.3422    15.2051    -6.5763    L_ZTS
9.6246     8.4888     -3.9148    O1
9.6918     13.811     -6.2539    O2
14.08      17.8806    -8.1112    O3
17.2978    17.672     -9.7567    O4







































































































































































11.7337    11.1905    -9.4553    GLRH
11.6633    11.1272    -9.2335
11.6194    11.0815    -9.0161
11.5936    11.0601    -8.8057
11.5567    11.0159    -8.6077
11.4932    10.9781    -8.4486
11.4323    10.9344    -8.2932
11.3634    10.8981    -8.1277
11.304     10.8513    -7.978
11.2086    10.7875    -7.8438
11.1279    10.7291    -7.7203
11.0619    10.6399    -7.5825
10.9822    10.6052    -7.516
10.9001    10.5426    -7.4015
10.7817    10.445     -7.2764
10.6747    10.3394    -7.2034
10.614     10.2836    -7.1333
10.5772    10.2514    -7.0272






















































































































































































10.5823    10.2605    -7.0004    NOSE
10.6472    10.1592    -7.0091
10.7108    10.1075    -6.9386
10.7443    10.0389    -6.8896
10.7514    9.9857     -6.8188
10.7763    9.9799     -6.7383
10.8705    9.8809     -6.7171
10.9274    9.8066     -6.6581
10.9601    9.7759     -6.5612
10.9891    9.6769     -6.4299
10.9895    9.5823     -6.3445
10.9557    9.4849     -6.2447
10.9601    9.4762     -6.2247
10.8863    9.3884     -6.0867
10.8301    9.327      -5.985
10.7528    9.2675     -5.8894
10.6957    9.2263     -5.7676
10.6109    9.1799     -5.6625
10.4737    9.1266     -5.5914
10.3147    9.0637     -5.526
10.1784    9.0752     -5.4739
10.0318    9.0657     -5.3876
9.919      9.0816     -5.3086
9.8123     9.0725     -5.2232
9.7498     9.1288     -5.1262
9.6973     9.174      -5.127
9.6269     9.3424     -5.2494
9.6025     9.4268     -5.3597
9.6091     9.5518     -5.4207
9.5973     9.6407     -5.4812
9.5951     9.7832     -5.5166
9.6322     9.9703     -5.5242
9.6582     10.1358    -5.5861
9.7111     10.255     -5.6906
9.7556     10.3256    -5.7855
9.8202     10.4106    -5.911
9.8856     10.4895    -6.042
9.9371     10.5418    -6.1465
10.0142    10.5752    -6.2629
10.1149    10.5876    -6.4045
10.1489    10.5751    -6.4549
10.203     10.5318    -6.5551
10.242     10.5038    -6.6149
10.3044    10.4606    -6.6983
10.2822    10.4375    -6.7703
10.3076    10.3745    -6.8279
10.5015    10.3209    -6.9914
10.5725    10.2746    -6.9883
10.6197    10.2368    -6.9858























































































































































9.6901     9.1939     -5.1178    NASP-PR
9.6069     9.0825     -5.0346
9.5558     9.0145     -4.9312
9.5349     9.0083     -4.8058
9.5255     8.9627     -4.7148
9.5368     8.9841     -4.5798
9.5442     8.9968     -4.4568
9.5622     8.9968     -4.4449
































































































































































































11.4101    10.6251    -7.6848    R-PM/MAX
11.3846    10.4656    -7.4894
11.3556    10.3129    -7.3157
11.2812    10.1849    -7.1446
11.2567    10.084     -6.9511
11.2784    9.9836     -6.7797
11.2972    9.8401     -6.6534
11.2661    9.6636     -6.4825
11.251     9.5122     -6.2894
11.1965    9.3956     -6.0849
11.1875    9.351      -5.8991
11.1698    9.1881     -5.6422
11.18      9.071      -5.4435
11.1765    8.9664     -5.2635
11.1542    8.8833     -5.1234
11.113     8.7841     -5.0026
11.1103    8.7437     -4.8844
11.0983    8.7006     -4.7232
11.1212    8.7493     -4.6197





















































































































































































10.9569    10.9527    -7.564     L-PM/MAX
10.8152    10.9161    -7.4038
10.6981    10.9143    -7.2295
10.5478    10.8447    -7.0769
10.4502    10.84      -6.8953
10.3265    10.8219    -6.7207
10.1675    10.8052    -6.5569
10.0455    10.7866    -6.4496
9.9187     10.7662    -6.2768
9.8061     10.7413    -5.9899
9.7279     10.7192    -5.8258
9.6503     10.6725    -5.6852
9.5684     10.7117    -5.4903
9.4558     10.6868    -5.2835
9.3683     10.6186    -5.1397
9.293      10.6153    -5.0078
9.2279     10.5928    -4.8719
9.2036     10.6103    -4.7644
9.2327     10.6034    -4.5809





















































































































































































12.9773    9.8026     -4.7203    ROSTRUM
12.927     9.7804     -4.881
12.901     9.7964     -5.0589
12.8733    9.8028     -5.2253
12.761     9.8905     -5.381
12.6908    9.9756     -5.6
12.597     9.994      -5.7941
12.5155    10.0488    -6.0353
12.4929    10.0674    -6.1654
12.4547    10.049     -6.3383
12.3997    10.0175    -6.4836
12.3835    9.9635     -6.6112
12.337     9.9555     -6.8032
12.3072    9.9565     -6.9359
12.2402    10.0228    -7.0248
12.0813    10.2357    -7.1316
11.9415    10.3466    -7.1804
11.7943    10.4988    -7.3117
11.6777    10.5858    -7.4456
11.625     10.6397    -7.5922
11.5581    10.6878    -7.7422
11.443     10.7638    -7.9118
11.3625    10.8265    -7.9885
11.2912    10.8996    -8.0336
11.2245    11.0009    -8.0036
11.1565    11.0617    -7.8721
11.0923    11.1575    -7.671
11.0348    11.2729    -7.372
10.8896    11.3729    -7.2489
10.761     11.4917    -7.1925
10.6313    11.6075    -7.0721
10.52      11.6867    -6.9906
10.3337    11.8285    -6.9047
10.3066    11.8858    -6.8015
10.4306    11.8929    -6.5827
10.4526    11.9546    -6.3605
10.5143    11.9428    -6.1974
10.5285    12.015     -5.9876
10.5313    12.095     -5.7845
10.466     12.1612    -5.54
10.4057    12.2441    -5.3247
10.3349    12.2868    -5.1784
10.2726    12.3609    -4.9735
10.2983    12.3908    -4.7918
10.3049    12.3988    -4.6664
10.3471    12.4317    -4.5896


























































































































































14.8298    9.8231     -8.2102    SUPORB
14.8597    9.829      -8.3664
14.8678    9.872      -8.5581
14.8537    9.9196     -8.7508
14.8334    9.9499     -8.9159
14.7916    10.0294    -9.1512
14.7099    10.1139    -9.3641
14.5718    10.2162    -9.5132
14.4641    10.3033    -9.6583
14.335     10.3899    -9.7914
14.1887    10.5125    -9.9073
14.072     10.5626    -9.966
13.885     10.6677    -10.0596
13.6647    10.7799    -10.1347
13.4716    10.87      -10.2247
13.2807    10.9899    -10.292
13.0892    11.1098    -10.361
12.7658    11.2501    -10.3378
12.492     11.3126    -10.2387
12.3269    11.3056    -10.1185
12.116     11.3455    -9.9413
11.9481    11.4837    -9.9501
11.8714    11.602     -9.9637
11.7881    11.786     -10.1083
11.7431    11.8604    -10.1589
11.7413    12.0423    -10.2464
11.6838    12.2398    -10.2852
11.5361    12.5512    -10.2869
11.432     12.7281    -10.263
11.3112    12.9606    -10.1956
11.1709    13.2324    -10.0934
11.0242    13.4329    -9.9712
10.9055    13.641     -9.8268
10.8123    13.8373    -9.699
10.754     14.0001    -9.5787
10.6709    14.1912    -9.3754
10.5864    14.3208    -9.1574
10.4843    14.3304    -8.8924
10.4408    14.3655    -8.576
10.3918    14.3546    -8.4224
10.3402    14.3095    -8.268
10.3322    14.2883    -8.1452
10.2932    14.2773    -8.0702





























































































































































13.0072    9.9204     -7.5079    RORBIT
13.1967    9.8756     -7.5458
13.3418    9.8227     -7.6046
13.4684    9.8181     -7.6634
13.6       9.8095     -7.7253
13.7571    9.8456     -7.7902
13.8868    9.8699     -7.8939
14.0079    9.901      -7.9695
14.0903    9.9426     -8.0691
14.1806    9.9863     -8.2023
14.2539    10.0021    -8.3365
14.3015    10.0383    -8.4669
14.299     10.0923    -8.6752
14.1146    9.9372     -8.9369
14.0234    9.9503     -9.1275
13.9359    9.9899     -9.2182
13.7901    10.0245    -9.4161
13.6642    10.0762    -9.4586
13.4875    10.1561    -9.4782
13.34      10.197     -9.5448
13.2132    10.2575    -9.5653
13.1007    10.3266    -9.5691
12.9716    10.4211    -9.5793
12.8775    10.4767    -9.471
12.8056    10.5796    -9.4902
12.6519    10.7427    -9.5194
12.4954    10.9515    -9.3902
12.337     11.0025    -9.2324
12.2281    11.1177    -9.0335
12.1268    11.107     -8.8497
12.1126    11.111     -8.7736
12.085     11.1262    -8.6414








































































































































































10.4031    12.6417    -7.5008    LORBIT
10.3657    12.7995    -7.5394
10.3344    12.9379    -7.5918
10.3232    13.133     -7.7057
10.3149    13.2967    -7.8331
10.3388    13.4226    -7.9633
10.3667    13.5587    -8.0683
10.3729    13.6615    -8.2938
10.4314    13.7241    -8.4443
10.4988    13.6763    -8.6967
10.4928    13.5797    -8.9224
10.5562    13.4458    -9.1012
10.689     13.2423    -9.2902
10.7974    13.0223    -9.393
10.8889    12.8959    -9.413
10.9512    12.6098    -9.447
10.9923    12.4646    -9.4482
11.0879    12.3133    -9.4479
11.2274    12.1299    -9.5206
11.3113    11.9878    -9.5443
11.4867    11.8674    -9.4109
11.5426    11.7293    -9.2366
11.6036    11.6734    -9.057
11.6168    11.586     -8.84
11.6014    11.5432    -8.6584
11.5911    11.4903    -8.5702














































































































































































14.8479    9.8226     -8.2602    RTEMFOS
14.8399    9.7927     -8.0329
14.7022    9.7089     -7.7613
14.5314    9.6374     -7.5473
14.4307    9.5845     -7.3283
14.323     9.4641     -7.0365
14.3407    9.3953     -6.8762
14.4208    9.3452     -6.6498
14.5895    9.3332     -6.5116
14.841     9.3785     -6.4296
15.0601    9.4354     -6.4227
15.2518    9.5192     -6.4659
15.4073    9.5963     -6.5449
15.5152    9.6645     -6.5964
15.529     9.7165     -6.6461

























































































































































































10.3673    14.3258    -8.0994    LTEMFOS
10.3166    14.2714    -7.9371
10.2507    14.1542    -7.7707
10.2062    14.0573    -7.5948
10.1053    13.932     -7.4434
10.0539    13.8473    -7.2
9.9967     13.831     -7.0411
9.9245     13.8021    -6.9242
9.9239     13.8919    -6.6869
9.9347     14.0391    -6.5105
9.9452     14.2027    -6.4064
10.042     14.4358    -6.3852
10.1312    14.6295    -6.3836
10.2057    14.7661    -6.4417
10.2444    14.9782    -6.5087
10.3032    15.1446    -6.5721
























































































































































































10.0155    9.5487     -7.4946    OP
11.3049    10.7521    -7.7733    BA
14.0958    13.5338    -6.9524    ST
16.4049    16.0253    -6.5167    IV
14.1562    9.0244     -6.9569    R_PG
15.9096    9.8863     -6.3458    R_ZTI
15.3871    12.5959    -7.5465    R_M3D
16.4757    13.343     -7.3715    R_M12
17.6536    14.9029    -7.1169    R_MP3
17.8863    15.7272    -6.9423    R_PMI
9.4677     13.7781    -6.9768    L_PG
10.2963    15.5179    -6.4992    L_ZTI
13.059     14.9124    -7.6681    L_M3D
13.8047    16.0895    -7.5487    L_M12
15.3007    17.2398    -7.3263    L_MP3
16.0315    17.4805    -6.9388    L_PMI
18.4335    17.349     -7.0419    O1
12.5793    16.9154    -5.9632    O2
8.2782     12.3435    -5.9574    O3
8.1686     9.0216     -4.9288    O4




















































































































































































17.0032    12.1629    -6.682     RZYGINF
17.0407    12.0161    -6.6196
17.098     11.8719    -6.6419
17.1317    11.6779    -6.6897
17.0969    11.4943    -6.7305
17.0283    11.298     -6.7634
16.9523    11.1575    -6.7903
16.8494    11.0323    -6.7816
16.7545    10.9374    -6.6941
16.6635    10.7687    -6.5985
16.5652    10.6086    -6.5508
16.4559    10.4553    -6.5177
16.3399    10.3149    -6.4889
16.2491    10.2228    -6.4622
16.1484    10.0908    -6.4582
16.0496    9.9909     -6.4121
16.0045    9.9078     -6.3784























































































































































































12.5055    16.4753    -6.8845    LZYGINF
12.3801    16.5429    -6.8236
12.1613    16.6622    -6.8145
11.9901    16.6422    -6.8654
11.7967    16.5388    -6.9103
11.5683    16.4406    -6.9379
11.4287    16.3414    -6.96
11.244     16.2682    -6.914
11.1618    16.1968    -6.864
11.0134    16.1004    -6.7009
10.7971    15.9268    -6.676
10.6544    15.8212    -6.6491
10.5035    15.7121    -6.631
10.4361    15.6449    -6.6094
10.2979    15.5324    -6.5482
10.2706    15.4919    -6.5108
























































































































































































15.4387    12.6377    -7.5712    R-ALV
15.8778    12.8798    -7.5303
16.1418    13.0579    -7.433
16.2562    13.1846    -7.409
16.4221    13.2865    -7.368
16.5041    13.3734    -7.3745
16.7041    13.5304    -7.2908
16.7791    13.662     -7.3083
16.8745    13.7672    -7.2934
16.9574    13.865     -7.2456
17.0167    13.9924    -7.2754
17.0389    14.1435    -7.2871
17.1667    14.254     -7.2337
17.2656    14.3435    -7.2063
17.3893    14.5051    -7.222
17.4997    14.6727    -7.1953
17.5627    14.7487    -7.1747
17.6413    14.8696    -7.1476






















































































































































































13.0327    14.8251    -7.6386    L-ALV
13.0568    14.9797    -7.6007
13.0855    15.0823    -7.5426
13.1347    15.2211    -7.5179
13.2055    15.4219    -7.5396
13.294     15.5479    -7.5532
13.4024    15.6944    -7.506
13.5348    15.8129    -7.5169
13.5993    15.8748    -7.5317
13.6253    15.9755    -7.4444
13.7806    16.136     -7.4645
13.8935    16.2541    -7.4793
14.0632    16.3934    -7.4826
14.1954    16.5242    -7.5068
14.4152    16.6316    -7.4091
14.5911    16.7146    -7.3802
14.6974    16.834     -7.3813
14.8028    16.9897    -7.3801
14.9348    17.0958    -7.3423
15.0774    17.1759    -7.3311
15.2493    17.2989    -7.27



















































































































































































13.5425    10.1302    -6.221     R_FOS
10.7292    13.0125    -6.1124    L_FOS
