#          28952      Psob03kns
234.9845   102.8136   55.7556    IN                        Dorsal
228.6534   132.299    74.6071    BR
220.8952   173.7304   54.9342    GL
219.9363   175.1627   52.0247    NA
219.2887   179.5037   41.8088    RH
218.8937   185.9328   24.9083    NS
218.1644   191.3559   16.0479    PR
222.4635   191.7466   16.3852    R_PR2
222.901    175.8623   48.7529    R_PMS
243.6703   173.201    27.4507    R_ZMI
235.3382   176.7488   35.9665    R_ZMU
226.1758   168.5786   48.4477    R_DA
237.6376   169.9138   57.3343    R_MTI
237.1413   168.8715   61.331     R_MTS
248.338    171.2063   48.8754    R_FMO
251.8572   168.2608   50.3475    R_FMT
258.2675   130.2075   37.2967    R_PO
257.597    164.3193   33.1498    R_ZTS
211.0104   186.0633   16.2635    L_PR2
218.0475   174.9719   48.2625    L_PMS
197.8634   161.8344   26.4385    L_ZMI
204.5158   169.9404   34.6854    L_ZMU
217.8105   166.965    47.1232    L_DA
206.2826   164.194    57.3535    L_MTI
205.3565   162.9574   61.0516    L_MTS
196.7595   160.6135   48.7711    L_FMO
194.22     155.4407   50.1834    L_FMT
202.2459   120.1358   36.3188    L_PO
191.6963   151.6687   31.8068    L_ZTS
207.363    146.9361   63.1345    O1
207.647    117.1013   59.1642    O2
248.297    143.7645   63.0443    O3
254.1272   123.3066   59.2489    O4







































































































































































220.9529   174.2726   53.6744    GLRH
220.8356   174.9486   52.3629
220.8745   175.3904   51.5185
220.7393   175.8824   50.0925
220.796    176.5141   48.564
220.4873   176.7619   47.5232
220.662    177.6212   46.2904
220.5529   177.968    44.8647
220.7019   178.76     43.754
220.4613   179.2579   42.9366
220.1945   179.3913   42.2337





























































































































































































220.3143   179.4013   41.2634    NOSE
221.1869   180.1427   41.2556
221.8013   180.0319   41.2124
222.9308   179.8696   40.227
223.35     179.7931   39.1143
223.9488   180.0473   35.4528
224.3683   180.4563   33.6168
224.041    180.1778   31.961
223.8544   180.7149   30.399
223.5158   181.8739   29.5034
222.9352   182.1951   28.318
221.2641   183.0368   25.8014
220.858    183.6788   25.5205
219.8131   185.2984   25.1666
219.3759   186.3464   24.8789
219.4363   185.2139   24.9636
218.7393   184.3183   25.5952
217.9912   183.2939   26.2968
217.3041   181.5944   27.8338
217.0869   180.4308   29.0807
216.8101   179.6662   30.629
216.6201   179.31     32.2856
216.5059   178.7103   33.7178
216.5582   178.56     35.7852
216.8102   178.3218   37.8594
217.4098   178.5853   39.4018
217.4489   178.4225   40.0485
217.9131   178.7732   41.1943
217.9427   178.861    41.0423
219.1142   179.3532   40.762
220.017    179.6582   41.9764









































































































































































219.0358   185.8042   24.9244    NASP-PR
218.6579   186.3774   24.7721
218.9118   187.0501   24.5398
218.6295   187.5477   24.3035
218.4097   187.8881   23.9502
218.3737   188.1744   23.8427
218.4055   189.2108   22.9245
218.4686   190.1118   21.9175
218.1591   190.437    21.2426
218.2858   191.1179   19.93
218.199    191.1138   19.5693
218.2552   191.2808   18.9566
218.1366   191.5241   17.7533
217.9194   191.453    16.9372


























































































































































































223.1055   176.2604   48.5124    R-PM/MAX
222.4633   176.6186   47.5148
223.3015   176.9928   46.2807
223.3881   177.3333   45.8022
223.2979   177.5186   44.8866
223.6778   177.9964   43.3635
224.0453   178.3422   42.3752
224.9564   179.118    39.6917
225.1684   179.1474   38.7472
225.0841   179.7383   37.2328
225.6102   180.0855   35.7908
225.7285   180.4895   34.7154
225.8092   181.1029   33.4617
225.7959   181.8651   32.1662
225.8463   182.3542   31.3849
225.6524   182.992    30.3684
226.0906   183.7064   29.8022
226.3345   184.5363   28.9563
226.2391   184.9862   28.2696
226.2999   185.9751   26.9276
226.4836   186.3829   26.3024
226.3759   187.4275   24.7335
226.4113   187.8154   23.7936
226.7087   188.4571   22.9127
227.1771   189.1194   21.6535
227.3757   189.197    21.434
227.5811   189.2701   20.5787
227.7519   189.5029   20.0568
227.97     189.4822   19.4635











































































































































































217.7953   174.4454   49.021     L-PM/MAX
217.6651   174.6953   47.9236
217.8442   175.2052   47.0752
217.6739   175.9506   45.7082
217.2319   176.2924   44.4361
216.757    176.7317   42.94
216.4496   177.3245   41.4079
215.7598   177.2204   39.967
215.0092   177.2532   37.9847
214.3435   177.2305   36.6732
213.9625   177.5767   35.2019
214.0481   178.4744   33.7574
214.2633   179.3377   32.5728
214.292    179.7069   31.7527
214.5254   180.6361   30.3049
214.626    181.3174   29.2584
214.7565   181.96     28.6339
214.7281   182.8671   27.6862
214.5189   183.3586   27.3878
214.0678   183.417    26.8669
213.6486   183.719    26.3884
213.2524   183.9156   26.1429
212.8921   183.9697   25.8074
212.2209   183.8472   25.1114
211.6499   183.9302   24.333
211.1965   184.1294   23.6234
210.8827   184.2292   22.963
210.58     184.6074   22.414
210.1865   184.9616   21.6259
209.6898   185.4619   20.3865
209.5865   185.9864   18.4298









































































































































































235.7926   179.6207   18.9769    ROSTRUM
235.502    180.3302   20.5866
234.9854   180.1697   21.8561
234.3194   180.6308   23.3069
233.3622   180.8673   25.4797
233.3803   180.4121   26.6309
232.419    180.1844   29.4793
231.8517   180.1128   32.0763
230.7188   179.8401   33.9697
229.3959   179.4504   35.3702
226.8349   178.9599   37.4846
225.9779   178.584    39.292
224.2911   178.2348   42.3498
223.3467   177.7714   44.5201
221.7747   177.92     45.9416
220.0556   177.1672   47.8204
219.4411   176.6266   46.7829
217.6842   176.2161   45.0241
216.4112   175.7377   42.8284
214.4256   174.9569   39.1997
213.3777   175.2302   36.8391
210.4119   174.1512   33.9414
209.0158   173.6451   31.4987
207.7753   173.1806   28.3157
207.1017   173.3197   24.4165
207.0802   173.0615   23.6904
206.6192   173.1023   22.0601
206.2768   173.7269   20.6453
206.0252   174.0821   18.6679
206.436    174.1056   17.5444
207.0409   174.8216   16.1477









































































































































































252.7682   168.1059   50.0023    SUPORB
252.2234   168.2204   51.416
250.995    168.0743   53.4333
250.4553   167.6417   54.9262
249.0464   167.4043   57.5139
247.365    166.7293   58.9553
244.1547   167.0871   60.5076
241.5318   167.3506   61.2238
239.8651   167.6453   61.6027
237.6386   168.3931   61.7639
235.5168   168.114    61.8923
233.6229   169.067    61.7918
232.1227   169.7534   61.2567
229.429    170.362    60.5657
227.8277   170.965    60.3415
226.629    171.4639   59.9171
224.2667   172.1222   59.2153
223.6733   171.7978   57.9637
221.9906   171.8208   57.4924
220.5196   171.3861   57.3817
219.168    170.6976   58.1047
217.9521   170.3692   58.2677
216.6705   169.298    59.0636
215.1484   168.2216   59.5694
212.6972   166.2056   60.5041
210.8636   164.7844   61.1113
208.9763   163.1225   61.5731
206.2574   161.0883   61.5819
204.6387   160.3881   61.2855
202.6347   158.5589   60.7714
201.6015   157.8315   60.3971
200.3988   157.302    59.5766
198.4173   156.0318   57.6195
197.2143   156.2809   56.5671
196.2342   156.7476   55.1074
195.648    156.4469   53.6285
195.2059   157.1016   52.8206
194.9633   156.9661   52.3005
194.3719   156.735    51.121

































































































































































235.8939   176.0597   36.1956    RORBIT
238.2534   176.253    35.9939
240.9992   176.1465   36.2285
242.8571   175.4897   36.8351
245.7334   175.4585   37.6048
245.6365   174.2552   39.1521
246.7582   172.7982   41.6606
247.7798   171.5615   44.4357
248.2415   171.0741   47.4745
247.2753   170.2584   49.8987
246.3784   169.36     51.5323
244.8611   169.2372   53.6745
242.6127   168.9472   55.7078
240.4397   169.0588   56.8248
239.3548   170.1837   58.5227
237.4379   169.3218   57.0306
234.5147   169.24     55.6323
234.1177   169.8434   55.9964
231.4968   170.9751   56.4826
229.3265   170.2469   55.0954
228.0987   169.7193   55.1775
227.9751   170.3937   54.0926
227.0465   170.8958   52.689
226.3773   170.9101   51.6701
226.0486   171.1691   50.3068
226.1967   171.4129   48.8774
226.3084   171.0557   47.4288
226.5515   170.8992   46.1408












































































































































































204.8602   170.0103   36.2252    LORBIT
202.6741   168.1007   34.9386
200.8075   166.4591   35.7051
199.4971   165.078    36.9327
198.2924   163.448    39.0788
197.5975   161.8202   42.2254
197.5543   160.9202   44.4526
198.2519   160.1315   47.0059
198.9604   160.0025   49.1664
200.1735   160.267    52.5391
202.0769   161.0104   54.8946
204.0034   162.0269   56.0065
205.7469   163.6275   57.1577
208.8493   165.1652   57.0065
211.1994   166.6072   56.3811
214.6077   166.9155   53.9314
214.898    166.5493   53.6952
215.2342   167.2504   53.3629
217.4358   166.9611   51.1437
217.4611   166.8447   49.6233
217.9123   166.6953   47.6336



















































































































































































252.3336   168.2258   50.2875    RTEMFOS
253.8299   168.3858   48.9961
253.3568   168.9589   47.738
253.3981   169.4167   46.7567
253.3494   170.3951   45.4502
253.3597   170.9516   44.1992
253.141    170.9604   41.9449
253.1191   171.0125   40.9434
252.6289   170.2677   38.7498
253.6637   170.827    37.6055
253.7155   170.3638   36.4141
253.6832   169.4676   34.9489
254.039    168.205    33.782
254.4111   168.0908   33.4055
255.2152   167.0526   33.175
255.6379   165.4207   33.0634
256.8948   165.0768   33.1414
257.851    164.5621   33.1539
258.8567   163.7013   32.6594





















































































































































































194.5806   156.9482   49.603     LTEMFOS
193.9389   157.3118   48.7221
193.8883   157.8833   47.0409
193.5329   158.6773   43.9205
193.2736   159.3322   42.1383
193.1126   159.6362   41.2019
193.4594   159.777    37.5861
193.5914   159.5428   35.3872
193.2285   159.2684   34.1857
193.0271   158.6905   33.5929
193.2216   157.4412   32.0951
192.6674   156.8105   32.005
192.1958   155.0686   31.9857
191.7542   153.4799   31.588
191.2166   151.2912   31.5836
190.9463   151.0966   31.5328
190.5525   150.4751   32.1606
190.2492   148.8746   31.5896
190.1381   147.5518   30.8898
190.1078   146.3857   30.8838




















































































































































































244.0268   102.6759   51.1551    OP                        Ventral
240.8477   114.7381   58.5777    BA
231.0328   147.2908   64.8131    ST
225.0719   167.4471   72.7912    IV
214.059    112.2005   58.0282    R_PG
198.2077   130.5201   62.2946    R_ZTI
218.2717   142.7504   71.5675    R_M3D
213.6018   151.5172   75.3287    R_M12
211.9674   165.4852   77.7044    R_MP3
214.9808   173.2424   77.1566    R_PMI
265.6314   126.8033   58.4234    L_PG
267.8395   149.8765   61.8002    L_ZTI
244.2456   148.2193   70.2589    L_M3D
244.7259   159.5449   75.2174    L_M12
238.4624   172.8273   77.8299    L_MP3
232.3706   178.2881   76.9424    L_PMI
248.8011   150.5879   26.6035    O1
262.166    123.7675   26.2767    O2
213.8828   128.0044   24.8153    O3
219.0319   106.1645   26.2995    O4




















































































































































































205.0069   149.4792   67.1664    RZYGINF
203.7101   148.4403   66.6098
203.0424   147.8912   66.2563
203.0151   146.1357   64.995
202.4563   145.6499   65.4843
201.5762   144.0719   65.6871
200.677    142.8184   65.3114
200.6815   140.9733   64.9465
200.6774   140.1901   64.7171
200.2722   139.4868   64.2839
200.4516   139.045    64.1385
200.3747   137.4529   63.9669
200.4503   136.5427   63.5979
199.9075   135.6604   63.6585
199.6856   134.322    63.577
199.0658   132.5936   63.2503
198.3855   131.5433   62.7699
198.6126   131.0779   62.8381
198.5371   130.7744   62.7133





















































































































































































253.5026   162.383    66.4399    LZYGINF
254.2128   162.1212   66.034
254.71     160.8918   65.7466
256.0046   161.0664   65.7872
256.6216   160.4146   65.714
257.223    159.7268   65.3123
258.8391   158.093    64.6482
260.732    157.5601   64.2055
260.4597   157.1261   64.2512
261.3363   156.0324   63.8632
261.9959   155.3657   63.697
261.9875   154.3913   63.3247
263.2048   153.4776   63.0436
263.7766   153.1928   63.0631
264.4101   152.6956   62.9847
265.1928   151.4915   61.99
265.7627   150.7319   61.7682
266.7462   150.303    62.1439
268.1502   149.785    62.0201
267.9569   149.6513   61.8881




















































































































































































218.5315   142.1338   71.8813    R-ALV
217.9839   142.0158   71.1868
216.3302   142.9214   73.1144
215.7347   143.5339   73.4885
214.5404   146.4345   73.431
213.8223   147.3295   74.2387
212.8166   149.3586   75.1272
212.3885   152.0439   76.4514
212.1504   153.1173   76.8596
212.3421   154.6006   76.9903
212.535    156.1536   76.3324
212.6233   157.13     76.3602
212.5956   158.596    76.6391
212.7867   159.7067   77.0816
212.1339   163.3403   77.6884
211.849    164.6851   77.7968
211.9784   165.3421   77.8282























































































































































































244.1592   148.9767   70.7715    L-ALV
245.2439   149.3134   70.5257
245.7054   150.9383   70.5389
245.7131   151.8299   72.0205
245.605    154.3727   73.3254
246.6      155.4608   73.7167
246.0886   157.6338   74.4071
245.7647   158.8091   74.7015
244.8096   161.432    75.8596
242.4482   164.8111   76.4795
241.853    165.1584   77.0103
241.3334   165.7057   77.8567
240.6678   167.121    78.2287
240.8604   167.4536   78.4372
240.8288   168.3744   77.9185
239.7829   170.7902   77.6496
239.5789   171.6475   77.5803
238.3609   172.5467   77.3568
238.6035   173.1014   77.6271
