#          113733     Pspi01kns
243.3088   -81.6811   62.03      IN                        Dorsal
254.0845   -46.1388   83.6666    BR
268.644    1.3412     56.9694    GL
269.118    3.0086     53.368     NA
270.66     6.5879     46.4148    RH
272.6832   12.1671    23.6895    NS
274.0148   16.78      19.4042    PR
279.7172   14.9033    18.9745    R_PR2
272.1099   2.6892     51.2924    R_PMS
295.0278   -18.9534   25.7852    R_ZMI
293.1875   -10.1726   35.1493    R_ZMU
272.3936   -6.9825    48.9982    R_DA
287.4804   -11.2648   62.0629    R_MTI
286.691    -14.2805   66.6974    R_MTS
297.5786   -16.1291   53.8323    R_FMO
298.7646   -19.826    58.941     R_FMT
282.6136   -66.2899   40.8655    R_PO
301.1943   -31.7046   35.2943    R_ZTS
268.448    18.2495    18.2791    L_PR2
267.3349   3.3426     52.7585    L_PMS
9999       9999       9999       L_ZMI
9999       9999       9999       L_ZMU
9999       9999       9999       L_DA
246.7607   1.553      60.3229    L_MTI
246.645    2.0326     65.4333    L_MTS
235.4101   2.9424     50.5772    L_FMO
231.2861   1.3913     53.7991    L_FMT
220.0463   -46.5664   38.6079    L_PO
226.1867   -7.5872    33.2572    L_ZTS
239.1626   -20.7143   67.6096    O1
226.7198   -59.3628   69.0153    O2
283.731    -42.8006   66.022     O3
274.4212   -73.4055   61.0158    O4







































































































































































269.4857   0.9462     56.7437    GLRH
269.4228   1.5214     55.4641
269.8357   1.8442     54.6352
269.3824   2.3554     53.8355
269.5732   2.6324     53.2051
269.7743   3.0799     52.1669
270.1266   3.5731     51.462
270.1025   4.0771     50.6216
270.3153   4.4922     49.8504
270.5165   5.0725     48.8177
270.9291   5.6499     47.9988
271.1402   6.0793     46.7668
271.325    6.1406     45.8811



























































































































































































271.2081   5.8659     45.5804    NOSE
271.8643   5.863      45.9316
273.0016   5.2771     45.7018
273.7333   4.8969     44.8708
275.2029   4.951      43.0051
275.0651   4.1829     40.4264
275.7545   3.8004     37.7241
276.2094   3.8565     35.033
276.3775   4.3022     32.0049
276.2556   5.0738     30.1402
276.0008   6.0704     29.0371
275.3167   7.2616     27.4119
274.6279   8.5111     26.3921
273.5113   10.2499    24.9
272.9923   11.7042    23.978
272.1426   11.3948    24.6059
269.6288   10.0481    26.7118
267.5854   8.8162     29.0723
265.6918   7.7128     32.7363
265.3332   6.7445     37.4433
266.2385   6.238      41.1881
266.6968   6.2738     43.0335
267.5016   6.5328     44.7378
268.6618   6.9139     45.6826
269.1924   6.1108     45.8691
270.2024   5.8038     45.7832
270.7607   5.9108     45.6494













































































































































































272.9696   11.5247    23.8947    NASP-PR
273.0158   12.6424    23.5935
272.9582   13.2126    23.266
273.3594   14.0667    22.6871
273.6769   15.1735    22.0552
274.0227   16.2412    21.1447
274.137    16.8981    20.584

































































































































































































273.4313   2.3253     50.3294    R-PM/MAX
274.0818   2.5382     49.8028
275.4167   2.832      48.5384
276.0422   2.8592     46.5746
277.0989   3.208      45.2867
277.795    3.5686     43.689
278.2794   3.6239     42.254
278.4631   3.5147     40.2711
279.3274   4.0297     38.0095
279.6061   4.3175     36.3266
280.8402   5.2955     34.1211
281.0191   5.4743     32.0776
281.5879   6.4049     29.9253
282.7269   7.4701     27.6474
283.3933   8.0498     24.91
284.4814   8.6755     22.2944
284.5193   9.6587     20.7189
284.5255   9.9465     19.1546
285.5145   10.9087    18.5594





















































































































































































267.6764   2.9139     52.7121    L-PM/MAX
266.8639   3.61       51.1909
266.954    4.4754     48.9514
266.1831   5.2609     47.5339
265.3973   6.4127     43.9607
264.0665   6.8768     40.3795
263.336    7.8386     37.425
263.3376   9.0191     34.474
262.9608   10.8026    32.3285
262.3595   12.4608    29.8603
262.1656   13.7339    27.7874
261.6292   14.7294    24.5989
261.1453   15.4144    23.1303
261.6587   16.3617    21.2792
261.6937   16.4988    19.4977

























































































































































































288.5624   -2.9276    18.6899    ROSTRUM
288.1993   -2.2616    20.8147
287.5387   -1.8622    23.2164
286.6136   -1.1033    26.1838
285.2068   -0.1002    29.7864
283.85     0.5486     33.3447
280.5125   1.1672     37.7069
277.9391   1.4684     41.6129
275.5455   1.8708     46.1428
272.5522   3.3198     50.672
269.8498   3.7        51.5162
271.0467   3.5231     51.0487
267.6069   4.5114     49.875
264.8235   4.7548     47.451
262.2661   4.3995     43.8233
259.987    5.4789     39.9842
256.834    5.4356     35.7525
254.6265   5.8311     32.1695
252.6003   7.0817     28.0998
251.6954   6.5089     20.5883
251.9127   5.8662     17.1269
252.4643   5.5585     15.0559


















































































































































































299.184    -19.5818   58.5527    SUPORB
298.0884   -19.3385   60.1266
296.4684   -18.824    61.5332
294.3112   -17.9736   63.1378
292.1731   -17.2757   64.3902
290.0154   -15.9984   65.5446
288.0916   -14.8733   66.3482
284.1921   -12.042    66.925
281.2849   -10.0575   66.5661
278.5893   -7.9922    65.7287
276.3817   -6.1938    64.6594
273.6388   -3.6507    63.246
270.9715   -2.1478    62.257
267.2673   -0.6757    61.9183
263.2687   0.5417     62.6604
259.081    -0.212     64.0155
253.9174   -0.2138    65.1893
246.5994   0.0597     64.7818
244.8858   0.0201     64.3806
242.6735   -0.204     63.9979
239.749    -0.3756    62.8809
237.0579   -1.1578    61.2789
235.3383   -0.9573    60.0944
233.3914   -1.5782    57.7949
232.4404   -0.0626    57.5365
231.2908   0.7191     56.2912
231.5987   -0.3458    55.1026
230.9906   0.0599     52.7598












































































































































































293.6896   -10.834    35.2756    RORBIT
295.7267   -12.1576   37.7847
297.6394   -13.9683   40.9186
298.3025   -15.5268   43.6678
299.6573   -16.6926   47.9109
298.6195   -16.5563   54.1977
297.0674   -16.144    55.5681
294.1977   -15.8365   58.1988
290.8972   -14.1      60.8993
286.5742   -12.0842   60.9736
284.5562   -10.7501   60.9713
280.3233   -8.006     59.8347
278.3229   -6.9713    58.6635
276.2252   -9.0374    60.1321
274.1593   -8.1781    57.7002
272.5116   -8.5001    53.6633
272.7432   -7.5753    51.7444
272.6394   -6.71      49.9526
272.4969   -6.9109    48.7594





















































































































































































246.8204   2.8948     36.0545    LORBIT
243.621    3.0439     36.9454
240.1789   2.5947     38.5263
236.7004   1.2461     43.9012
236.4565   0.7924     45.9172
236.0113   0.6281     48.9211
237.1334   0.8532     52.9565
239.2894   0.5926     56.0099
242.4977   0.0518     58.3278
245.2638   -0.162     59.302
248.2361   -0.1726    59.5315
255.8896   0.422      60.2164
257.6848   -0.1644    59.3032
259.6897   -1.0625    57.9064
261.1078   -1.5171    56.2461
261.6778   -2.2299    54.1259
261.5576   -2.4974    52.9075
261.7823   -2.454     51.9678
261.1624   -2.8052    50.6087
261.1697   -3.0422    49.3739
260.6334   -3.2668    48.6243



















































































































































































299.2948   -21.3232   58.4536    RTEMFOS
300.2922   -22.0263   56.8116
301.9142   -21.5793   52.9472
301.9263   -20.7675   52.102
302.3353   -20.1407   50.5594
302.74     -20.1873   48.7943
302.6626   -19.4509   45.7771
302.677    -19.2226   43.2974
302.3935   -19.5918   41.1838
302.0406   -20.5542   38.7661
301.3477   -21.5019   37.2471
301.4756   -22.5023   35.5923
301.3422   -24.514    34.2493
301.6294   -25.6601   33.8426
300.9772   -27.7629   34.0999
301.265    -29.1014   34.2945
301.2199   -30.333    34.6287
301.1006   -31.5613   34.9862






















































































































































































232.507    -1.1686    56.152     LTEMFOS
231.9594   -0.1803    55.3835
231.4318   0.3837     53.704
231.1604   0.8434     51.0011
231.2922   0.8732     49.8479
231.3815   2.1408     48.0665
231.6295   2.7863     45.8634
232.1115   3.2783     43.4979
232.1668   3.4262     41.0716
232.026    2.6566     37.8524
231.7557   1.6686     36.8289
231.081    0.1167     34.4532
229.9816   -1.2339    32.5717
229.3859   -3.3122    32.6969
228.63     -4.6858    32.1114
227.3535   -7.0474    32.6418
225.6832   -8.5684    33.323























































































































































































243.1703   -79.8358   63.3654    OP                        Ventral
247.0272   -65.7272   70.1835    BA
257.7019   -26.213    68.5788    ST
265.7487   -0.7008    70.5044    IV
219.583    -50.6825   69.257     R_PG
215.8302   -23.1105   64.8298    R_ZTI
242.9967   -21.5153   75.1133    R_M3D
243.3264   -7.6913    76.7915    R_M12
250.724    5.966      75.372     R_MP3
257.794    11.4723    72.9991    R_PMI
279.4195   -67.2645   68.756     L_PG
296.5177   -45.6809   64.4792    L_ZTI
272.9586   -32.825    75.4262    L_M3D
280.4052   -20.3855   76.4357    L_M12
282.6523   -3.5081    74.9133    L_MP3
280.1874   4.7438     71.1492    L_PMI
277.5721   -42.9288   26.8777    O1
265.9929   -83.1636   31.6089    O2
226.7571   -36.7427   29.2121    O3
219.7401   -66.7801   39.1818    O4




















































































































































































233.6645   -7.6477    69.9807    RZYGINF
231.4162   -8.4204    70.1349
229.9935   -8.9642    69.5038
228.7497   -9.631     68.5933
225.9972   -11.4819   68.4277
224.919    -12.2102   68.7697
223.2146   -13.432    68.4495
221.3892   -15.0203   69.0359
220.2096   -16.5884   68.6802
217.2598   -19.8152   66.7058
216.8795   -20.5694   66.527
215.8402   -21.685    65.7382
215.206    -22.8438   65.1138
214.7418   -24.5195   64.5546


























































































































































































9999       9999       9999       LZYGINF
9999       9999       9999






































































































































































































244.0793   -21.7318   75.0387    R-ALV
243.177    -20.951    75.1469
242.0443   -19.4958   74.9624
241.4192   -16.9988   75.5355
241.5013   -14.3053   76.2728
241.6167   -10.8967   76.2605
242.3087   -7.916     76.8566
244.0232   -3.9637    76.9074
246.3111   -1.1442    76.5024
247.3995   0.4128     76.2599
247.0457   2.1787     76.3818
249.4572   4.8244     75.8197
249.9025   6.3083     75.3965



























































































































































































272.9927   -32.9454   74.7353    L-ALV
275.089    -32.1084   74.9011
276.5555   -29.8334   75.2659
278.6981   -26.5791   75.6683
279.6539   -25.2279   75.9534
280.8388   -23.2328   76.202
281.284    -20.7447   76.8189
282.2029   -16.4664   76.9016
283.0732   -14.338    75.8112
283.015    -11.4383   75.7994
282.3387   -9.8878    75.7708
282.4837   -8.4812    75.4364
282.1495   -7.3299    75.6147
283.0414   -5.3847    74.9084
282.7409   -3.3775    74.6678
