#          103377     Pspo06kns
5.0081     -258.8572  55.9787    IN                        Dorsal
36.6928    -263.6913  72.0429    BR
78.336     -267.7585  47.4602    GL
78.5233    -268.3514  43.9681    NA
81.7824    -268.478   36.9075    RH
83.9199    -268.9353  19.7577    NS
86.84      -268.7629  16.8373    PR
85.8206    -273.5572  17.0844    R_PR2
78.0668    -270.0497  41.1897    R_PMS
62.6526    -293.0011  24.082     R_ZMI
67.5402    -287.9586  30.8057    R_ZMU
68.7258    -270.7526  41.4213    R_DA
71.1781    -282.9904  51.1006    R_MTI
72.7099    -283.4665  56.013     R_MTS
67.0076    -293.9485  42.677     R_FMO
65.013     -296.7903  47.9793    R_FMT
21.1169    -289.7379  39.2646    R_PO
55.0233    -302.6257  30.4026    R_ZTS
86.3646    -264.4789  15.5297    L_PR2
78.7249    -267.1874  40.8562    L_PMS
67.7955    -241.2511  23.749     L_ZMI
72.4146    -246.2112  31.9791    L_ZMU
69.0052    -265.2124  42.2088    L_DA
75.3751    -252.2405  51.8368    L_MTI
75.9732    -252.4041  56.0697    L_MTS
72.8203    -241.6524  43.1963    L_FMO
71.5035    -238.3694  48.8619    L_FMT
27.2951    -233.6364  39.1285    L_PO
62.7808    -229.6535  30.9684    L_ZTS
48.5522    -250.9665  64.7478    O1
29.3154    -242.1658  62.6911    O2
43.6439    -284.4172  59.1626    O3
18.3687    -278.6233  64.0052    O4







































































































































































77.9659    -268.0187  48.2271    GLRH
78.4474    -267.997   47.0517
78.5477    -267.9392  46.1061
78.4896    -268.0418  44.2539
79.0614    -268.5239  42.592
79.4699    -268.6999  41.0324
80.3505    -268.6328  39.4541
81.2693    -268.7735  37.8909
81.8832    -269.0417  36.4736
81.7076    -268.586   35.868






























































































































































































81.1022    -269.111   35.3546    NOSE
80.456     -271.051   35.5008
79.8891    -273.0125  33.219
79.7669    -273.8305  29.0903
79.3648    -273.4641  27.2298
80.1019    -273.0229  25.173
81.1103    -272.1374  23.6498
82.2063    -270.935   21.8457
83.9811    -269.08    19.5958
83.9169    -267.6281  20.2888
82.8438    -266.4006  22.544
81.7431    -264.9402  24.5343
80.884     -264.1141  26.2222
80.3626    -264.0623  30.9863
80.3602    -265.3044  34.2027
80.8244    -266.1016  35.0221
81.3511    -267.3707  35.7275
81.408     -268.7792  35.7804






















































































































































































82.9467    -268.9574  19.2619    NASP-PR
84.0117    -268.7892  19.3911
85.4733    -268.9349  18.7434
86.0511    -268.9846  17.8968
86.6079    -269.1738  17.6086
86.644     -269.2696  15.8875


































































































































































































78.2879    -269.7205  41.3269    R-PM/MAX
78.3436    -270.9152  39.2065
78.3736    -272.5125  36.8031
78.0125    -274.3121  34.0755
77.7092    -275.2338  31.9841
78.7912    -276.1396  28.6991
80.023     -276.0405  26.3774
81.083     -276.4841  23.7513
82.4002    -276.9677  19.9155
82.422     -277.2892  19.1448
82.3875    -277.6952  18.4552





























































































































































































79.037     -268.2169  41.618     L-PM/MAX
78.7967    -267.222   40.2689
78.8512    -266.0484  38.524
78.936     -265.409   37.8477
79.2953    -264.3431  36.0574
79.6897    -263.3206  34.4748
80.0096    -262.9424  32.9431
80.4895    -262.6256  30.9313
80.7187    -261.9192  29.1612
80.9376    -261.3518  27.7018
81.622     -261.4941  26.0875
82.0191    -261.1237  24.4952
82.7058    -260.9407  22.7131
83.4725    -260.5887  21.4584
83.5852    -259.9273  19.9051
83.8957    -259.7855  19.2678
























































































































































































71.3469    -283.2109  14.9118    ROSTRUM
72.007     -283.7708  19.2863
72.4891    -282.199   22.6118
73.0409    -280.2226  25.5595
74.5746    -277.2209  29.6936
75.5005    -275.5677  32.5845
76.5807    -273.5859  36.686
77.76      -270.9343  40.5835
78.7678    -269.0212  43.2732
78.3853    -268.3036  43.5605
77.8804    -266.2665  40.5187
77.8225    -264.1379  38.3685
76.3945    -261.3665  34.6644
75.7543    -259.0176  30.9679
75.2503    -256.0138  26.928
75.3904    -253.9781  23.3024
75.8845    -252.6346  19.9755
75.7643    -252.2326  17.2546
75.8208    -252.7145  15.5207





















































































































































































64.3177    -297.8835  46.4148    SUPORB
63.7039    -295.3235  48.573
65.8948    -294.4595  50.8549
66.6775    -292.4215  52.9293
68.0179    -287.9877  55.6892
70.91      -286.0544  55.9487
72.4283    -282.0332  56.9493
73.3264    -279.4409  57.103
74.2188    -275.4037  57.082
75.357     -271.7939  56.2886
76.2173    -267.3745  55.6457
75.8191    -263.7453  56.3608
75.6092    -259.6314  56.7961
74.8529    -255.0499  56.9182
73.9882    -251.4081  56.6252
72.2096    -247.2731  56.0385
72.1083    -244.8524  55.3953
71.5348    -242.4333  53.5418
71.6619    -239.5931  50.3148
72.583     -238.4035  48.6517




















































































































































































66.5028    -287.3468  31.0463    RORBIT
64.9942    -290.4911  34.6566
64.6673    -291.873   38.5807
64.722     -292.2621  42.9877
65.3403    -290.2524  45.439
67.0505    -289.0642  47.6887
68.2606    -287.5819  49.2158
70.1663    -285.7904  50.8763
71.4929    -282.9733  51.5179
72.5789    -279.7338  50.7406
72.4289    -278.773   51.0664
71.8713    -272.969   49.5751
70.4356    -271.1101  47.2444
69.6163    -270.8136  44.5038
68.4377    -270.6057  40.0968

























































































































































































72.1684    -246.5884  31.9062    LORBIT
72.2232    -244.2012  35.3935
72.2058    -242.2663  40.641
72.238     -242.3187  43.761
72.5395    -245.0673  46.7257
73.0144    -247.807   49.1151
73.8783    -252.0378  50.7829
74.8751    -254.9779  51.209
74.384     -258.7698  50.338
72.1272    -262.8301  48.3529
71.3748    -263.6105  48.1484
71.099     -264.3317  44.899
69.3701    -264.592   42.8751



























































































































































































64.6773    -296.2102  48.8908    RTEMFOS
63.5247    -298.1175  45.6035
63.5584    -299.2841  43.2652
62.6367    -300.1412  39.7872
61.8099    -300.6559  35.944
61.1714    -300.086   33.1328
60.0289    -299.3319  31.5001
58.2891    -299.7639  30.3901
56.0967    -300.5016  30.7014
54.9886    -302.2268  31.5202
53.7164    -302.9838  31.7463





























































































































































































72.0577    -237.6906  47.799     LTEMFOS
71.2441    -236.2586  46.2706
70.8947    -234.7398  42.4329
69.9646    -234.3526  39.6605
69.0503    -234.0991  35.1988
67.5173    -233.3112  31.1613
66.4068    -232.5732  30.442
64.1129    -230.8333  31.433
63.2431    -229.907   31.5247
61.4099    -228.8296  31.5812






























































































































































































-12.8063   -259.9978  48.0917    OP                        Ventral
-1.2337    -262.2818  56.5498    BA
32.1722    -268.521   66.3267    ST
52.6429    -273.039   74.2163    IV
7.9482     -237.9916  55.1671    R_PG
32.2315    -230.3291  58.812     R_ZTI
29.3557    -255.4669  69.3227    R_M3D
40.575     -253.6477  74.3196    R_M12
55.196     -260.4993  77.881     R_MP3
59.0438    -265.4233  76.4155    R_PMI
-1.3109    -289.7425  52.126     L_PG
18.5286    -304.7526  55.7619    L_ZTI
24.1216    -279.4242  68.1437    L_M3D
33.5275    -286.3126  73.2614    L_M12
50.0223    -286.5662  76.5758    L_MP3
55.9501    -283.6597  74.6777    L_PMI
26.6762    -279.329   21.4834    O1
5.1787     -283.1501  22.223     O2
30.9178    -245.6691  29.2351    O3
6.6714     -243.5446  20.9919    O4




















































































































































































46.4417    -244.7231  67.8909    RZYGINF
43.0653    -241.0746  67.4076
42.0316    -239.0022  67.4482
40.1314    -236.401   66.7621
37.9857    -235.2427  66.0996
37.2065    -233.8821  64.8538
35.6702    -232.4146  62.5943
34.3361    -231.0234  61.8216
33.165     -231.2786  59.3601
32.4925    -230.0714  58.3196






























































































































































































36.1252    -297.5737  66.0384    LZYGINF
33.1462    -299.9446  67.1702
28.9623    -301.282   65.276
25.6541    -301.5968  63.7426
24.1869    -302.688   62.5421
21.9684    -303.2     60.0663
19.9568    -303.6356  57.5414
18.4835    -304.346   56.8135
18.9217    -304.9206  56.6354































































































































































































27.6447    -257.6229  68.7232    R-ALV
32.2193    -253.694   70.6675
37.2455    -253.1772  72.4157
41.1295    -253.2175  74.2438
44.7405    -254.0432  75.8705
48.664     -255.4344  77.0094
51.2231    -256.3565  78.1261
54.0905    -258.1255  78.5463
56.0228    -259.6957  78.029































































































































































































24.3458    -279.9246  67.6039    L-ALV
26.9093    -282.6529  68.7156
29.2499    -284.6225  70.6283
32.1613    -286.5365  72.3136
35.217     -287.4721  73.7442
38.8667    -287.6958  75.1106
41.6066    -288.0107  75.5118
43.5579    -287.9587  75.9873
47.4619    -287.903   76.4771
49.4157    -287.1047  76.7903
