#          106023     Psru06kns
218.1494   151.3546   51.2084    IN                        Dorsal
205.9964   185.0217   73.9533    BR
190.7983   221.0791   48.792     GL
189.5037   222.3519   45.3404    NA
189.6652   225.2397   36.052     RH
188.2001   225.7236   22.0303    NS
187.857    228.2993   17.9932    PR
192.1601   229.0887   18.1935    R_PR2
190.6487   223.9774   43.5578    R_PMS
214.8008   222.5466   22.2376    R_ZMI
205.8867   224.7581   28.7227    R_ZMU
195.4726   215.4523   41.6729    R_DA
208.3466   220.3419   52.7314    R_MTI
209.0762   220.464    54.7001    R_MTS
219.1028   223.5644   42.9499    R_FMO
222.5432   221.019    45.6002    R_FMT
234.6023   187.0729   35.3881    R_PO
225.3981   218.2336   25.8129    R_ZTS
183.738    225.5077   17.9556    L_PR2
188.4468   222.4702   44.041     L_PMS
172.0962   204.5553   23.3383    L_ZMI
175.7005   212.4055   29.5009    L_ZMU
191.2256   213.404    42.1084    L_DA
178.5965   207.3762   52.6139    L_MTI
177.4603   207.3157   54.9463    L_MTS
167.8299   203.4339   43.213     L_FMO
168.2985   198.5778   46.9556    L_FMT
182.0423   165.4783   35.5052    L_PO
166.453    194.2129   26.8588    L_ZTS
184.1134   185.4234   63.2974    O1
190.6501   161.1827   61.9986    O2
224.6609   195.4352   62.6768    O3
231.0577   177.1963   63.0063    O4







































































































































































190.933    221.1139   48.6567    GLRH
190.3233   221.5301   47.2494
190.252    222.9934   45.0754
189.9161   223.1055   44.0644
189.5558   223.887    41.8785
189.613    224.1544   39.7161
189.3797   224.3188   37.855
189.3311   224.9624   36.8864
189.6284   225.1792   36.1186































































































































































































189.6879   224.8494   35.0708    NOSE
192.8772   224.6577   34.7896
193.6642   224.1934   32.4465
194.0959   223.8958   27.4793
192.518    223.9203   24.8608
190.3039   224.4674   23.0864
189.1488   224.9959   22.4522
187.6908   223.6868   23.8857
186.0403   221.651    26.7022
185.7744   221.3385   30.0613
185.8933   221.8429   33.0307
186.4496   222.0699   34.836
188.5154   223.8962   35.2607
188.7161   224.2635   35.0539


























































































































































































188.7212   225.2702   22.1934    NASP-PR
188.2407   226.03     22.0166
187.9073   226.7203   21.4647
187.8448   227.2776   20.7586
187.767    227.9007   19.8099
187.8597   228.3329   19.1385


































































































































































































190.8013   224.0222   43.8527    R-PM/MAX
192.0828   224.1184   40.0906
193.9427   224.53     36.1425
195.396    224.6959   33.5915
195.7265   224.9354   30.442
196.2069   225.5275   27.0195
195.788    227.0411   23.9399
196.3357   228.5016   20.1288
196.4799   228.6514   17.4505































































































































































































188.3516   222.3549   43.2063    L-PM/MAX
187.3269   221.1863   40.1692
185.7468   220.7527   36.4914
184.4575   219.6854   33.8646
183.8155   220.0034   29.1385
182.7121   220.8566   25.3049
181.9317   221.7908   22.4025
180.8547   222.0735   19.6592
































































































































































































205.3192   222.8966   16.6374    ROSTRUM
203.6117   224.0293   21.2836
198.4704   223.8392   31.2067
193.809    223.7437   38.5988
189.5621   223.8992   42.9561
188.3719   222.8385   42.0568
186.7296   220.7618   38.7105
183.6664   218.0465   32.5519
181.7688   216.7867   26.7111
179.3031   214.2561   21.5957
178.5403   212.6316   17.9195





























































































































































































222.3382   221.0089   45.6902    SUPORB
220.0999   220.305    48.5794
216.9522   219.644    51.8641
214.6101   219.6837   53.4357
211.3103   220.045    54.8435
207.4663   220.192    55.9736
203.9219   220.0728   56.7299
199.78     219.8083   57.0965
195.7387   219.8168   57.4896
193.7551   219.3755   55.1443
190.2278   218.0634   55.2952
184.5604   213.2387   56.9034
178.1595   207.4094   55.5066
175.4997   204.591    54.0093
172.0401   200.9909   51.6464
169.6446   199.378    48.9243
168.2265   197.9764   46.359























































































































































































206.8319   223.613    29.2118    RORBIT
215.5196   223.8182   32.0071
218.8389   222.6966   38.8366
215.6692   219.4855   47.2514
210.2417   218.5538   50.9463
202.5737   218.7809   51.9522
196.4688   218.8656   49.3535
196.1303   215.7786   46.5209
195.6693   214.8027   42.9719
195.7924   214.3577   40.0064






























































































































































































175.6251   209.9886   30.0863    LORBIT
170.6337   206.6122   32.8842
168.9842   203.9466   38.874
170.1945   202.9116   45.3532
173.994    204.5315   50.1582
178.0195   206.2155   51.5134
185.5851   208.9202   50.7798
188.7183   213.0888   50.1085
190.5033   212.901    48.505
191.1908   213.8172   45.7865
190.9776   214.0362   42.5597
191.1625   213.5088   40.9336




























































































































































































223.4367   221.5056   44.545     RTEMFOS
223.8389   221.4935   41.7406
223.4566   223.3229   38.9827
222.4327   223.0496   36.3933
221.5972   224.4438   32.5492
221.4608   223.3172   28.3372
223.1832   221.9978   26.6374
225.9605   218.4153   25.0987
226.167    218.0657   26.1057































































































































































































169.1433   197.9364   46.5752    LTEMFOS
167.3659   198.5805   43.1144
166.8442   200.3957   37.5846
166.9803   202.0414   33.0036
167.3862   201.5055   28.6644
167.2467   199.2722   26.7215
166.8135   196.4556   26.2916
166.9721   195.0243   27.3535
166.685    194.1556   27.9304































































































































































































217.3331   138.342    54.2333    OP                        Ventral
213.4261   151.8482   61.6915    BA
203.3157   182.5583   65.8493    ST
197.8135   199.4976   70.5718    IV
188.5215   150.1132   61.3786    R_PG
173.4713   164.5498   63.9472    R_ZTI
194.0926   175.3233   68.6363    R_M3D
187.5917   184.4647   73.6163    R_M12
186.5871   198.1629   74.6085    R_MP3
188.589    203.1587   73.5119    R_PMI
235.0422   166.1109   58.9074    L_PG
237.8051   187.0055   60.5352    L_ZTI
215.8874   182.9573   67.7062    L_M3D
215.9454   194.895    73.0272    L_M12
209.0778   205.4244   74.1498    L_MP3
204.3375   208.4362   72.1497    L_PMI
225.0101   179.6775   25.9296    O1
234.3989   157.2931   25.5052    O2
186.1201   160.3407   26.4432    O3
193.6263   142.0541   25.584     O4




















































































































































































177.8069   185.7132   69.7066    RZYGINF
176.4255   183.8517   70.4368
175.1348   180.0026   70.1342
174.8121   176.8444   69.223
174.4854   174.5315   68.6491
174.1907   171.6292   67.7929
173.804    168.8015   66.548
173.7951   165.075    64.5934
173.7257   164.7542   64.0049































































































































































































223.2378   200.3326   67.4887    LZYGINF
226.8034   199.5024   69.2246
228.5497   198.1184   68.9377
231.6391   195.6915   67.4276
233.9501   193.5431   65.7667
235.9827   190.2167   63.8282
237.4236   187.9857   62.4662
238.4675   187.0624   61.1559
































































































































































































195.2867   174.8105   67.4576    R-ALV
190.7984   177.5656   69.2822
188.4838   180.4723   70.8721
187.2911   183.1628   73.4491
186.2633   185.938    74.1476
185.4932   188.6541   75.1303
185.6161   190.2485   75.1183
185.7361   194.7241   75.1302
185.818    197.8398   75.402































































































































































































216.8124   183.4215   67.7049    L-ALV
217.4225   187.5681   69.1202
217.6417   191.5578   71.1788
216.5308   194.6268   73.0305
216.4387   196.4275   73.0397
214.7107   199.0731   73.9607
212.9197   201.3594   73.8655
211.4129   203.0727   75.5676
210.0822   205.7302   73.7016
