AMNH       103360     scc5cs.xls
12.37      12.178     -6.6984    IN
10.3473    9.768      -9.1855    BR
7.1513     6.7402     -8.4579    GL
7.1015     6.7032     -8.3498    NA
6.5324     6.1343     -6.8352    RH
5.7065     5.4308     -5.1488    NS
5.2707     5.0166     -4.5274    PR
5.6437     4.7728     -4.4386    R_PR2
7.0477     6.3768     -7.4557    R_PMS
9.0852     5.3769     -5.0262    R_ZMI
7.9459     6.0637     -6.5549    R_ZMU
7.4098     6.6406     -7.833     R_DA
8.445      6.0607     -8.5213    R_MTI
8.6365     6.1705     -9.0383    R_MTS
9.3509     5.4937     -7.8958    R_FMO
10.0432    5.5871     -7.7913    R_FMT
12.0876    8.4401     -5.4165    R_PO
10.818     5.486      -5.7677    R_ZTS
5.028      5.3407     -4.4541    L_PR2
6.6386     6.6367     -7.4164    L_PMS
5.3683     8.7243     -5.1427    L_ZMI
6.2189     7.5482     -6.5965    L_ZMU
6.882      7.1425     -7.7114    L_DA
6.2217     8.2152     -8.5946    L_MTI
6.5678     8.4078     -9.1469    L_MTS
5.7526     8.9737     -8.0959    L_FMO
5.7407     9.6088     -8.0476    L_FMT
8.2901     12.0443    -5.4529    L_PO
5.5513     10.351     -5.9592    L_ZTS
5.1782     6.7312     -5.124     O1
5.2981     8.7503     -6.0938    O2
8.4081     12.0248    -6.5271    O3
12.5373    11.2646    -7.3791    O4







































































































































































7.0774     6.6879     -8.2937    GLRH
7.0137     6.6085     -8.1167
6.9531     6.5801     -7.9208
6.8755     6.4964     -7.6771
6.7862     6.4319     -7.4517
6.7061     6.3363     -7.2188
6.6034     6.2351     -7.0112
6.5428     6.186      -6.8863
6.5157     6.1415     -6.8023































































































































































































6.5357     6.2123     -6.8341    NOSE
6.6241     6.1316     -6.7943
6.6673     5.9768     -6.6292
6.6874     5.8507     -6.435
6.6795     5.7062     -6.2603
6.6314     5.5769     -5.9122
6.4639     5.4092     -5.6838
6.2457     5.3376     -5.4899
6.0698     5.279      -5.3574
5.8837     5.3553     -5.2508
5.732      5.4259     -5.164
5.587      5.6173     -5.3097
5.5895     5.8601     -5.4977
5.6481     6.0945     -5.6622
5.7992     6.2904     -5.8941
5.9357     6.3732     -6.1176
6.0748     6.3909     -6.2838
6.2203     6.3896     -6.4972
6.3429     6.3217     -6.6627
6.4546     6.2888     -6.7019
6.5226     6.2553     -6.7539



















































































































































































5.7365     5.4766     -5.1572    NASP-PR
5.6041     5.3494     -5.1199
5.4839     5.2189     -5.0116
5.3733     5.1168     -4.8699
5.3182     5.0652     -4.7295
5.2607     5.0062     -4.5417


































































































































































































6.9821     6.4361     -7.5533    R-PM/MAX
7.0215     6.3376     -7.3391
6.9583     6.2221     -7.1083
6.8946     6.0937     -6.8597
6.8646     5.9713     -6.6561
6.8358     5.8616     -6.4199
6.837      5.6794     -6.1793
6.7963     5.4644     -5.91
6.7616     5.2642     -5.6801
6.6719     5.089      -5.5001
6.5901     4.8822     -5.2685
6.4286     4.7658     -5.0589
6.3193     4.6514     -4.8683
6.2659     4.586      -4.7149
6.2696     4.6823     -4.5555

























































































































































































6.6727     6.5825     -7.4348    L-PM/MAX
6.5013     6.6046     -7.2001
6.3467     6.5077     -6.8818
6.1543     6.4737     -6.5699
6.0034     6.4895     -6.3125
5.7246     6.4662     -5.9836
5.3766     6.3589     -5.6627
5.1668     6.2308     -5.4308
4.9755     6.1552     -5.1918
4.8383     6.0221     -4.9542
4.7822     5.9184     -4.7411
4.8874     5.8545     -4.5185




























































































































































































7.5976     5.2552     -4.2316    ROSTRUM
7.5874     5.2574     -4.7053
7.5773     5.3115     -5.1528
7.4599     5.4779     -5.7215
7.2675     5.7465     -6.1861
7.1001     5.9461     -6.5353
6.8866     6.1429     -6.9517
6.6876     6.3829     -7.1103
6.4495     6.5499     -7.0603
6.3052     6.6898     -6.8636
6.1552     6.8272     -6.5682
5.9876     6.9893     -6.2909
5.8326     7.0811     -6.0811
5.64       7.2208     -5.8321
5.48       7.3386     -5.4891
5.4224     7.4154     -5.1626
5.3951     7.5112     -4.7387
5.3731     7.4358     -4.4421
5.3577     7.4161     -4.2443





















































































































































































10.0887    5.4335     -7.7069    SUPORB
9.9287     5.501      -8.1032
9.7118     5.73       -8.4865
9.4818     5.8541     -8.753
9.1608     5.9772     -8.9433
8.8347     6.0778     -9.0674
8.3895     6.2486     -9.1213
8.0296     6.4564     -9.1185
7.7473     6.6107     -9.0467
7.5613     6.751      -8.9724
7.332      6.8909     -8.9154
7.1186     7.1523     -9.0415
6.9781     7.4782     -9.159
6.8087     7.814      -9.2213
6.6657     8.0597     -9.2414
6.4374     8.4886     -9.1303
6.3053     8.7952     -9.033
6.1716     9.1074     -8.8411
6.0287     9.2687     -8.6591
5.8906     9.441      -8.383
5.7329     9.5186     -8.1072
5.6265     9.6094     -7.9031


















































































































































































7.9532     6.0251     -6.5141    RORBIT
8.1815     5.8645     -6.4866
8.5035     5.7033     -6.5234
8.7245     5.5899     -6.6685
8.987      5.4895     -6.86
9.1394     5.4805     -7.0956
9.2768     5.4696     -7.4176
9.3296     5.5522     -7.797
9.3134     5.5699     -8.0289
9.1283     5.7503     -8.2239
8.8878     5.8989     -8.3577
8.6143     5.9641     -8.5012
8.3749     6.199      -8.496
8.145      6.3645     -8.5064
7.8759     6.5661     -8.3709
7.6749     6.6487     -8.269
7.5345     6.7133     -8.08
7.4737     6.6868     -7.9723
7.3938     6.6364     -7.8019





















































































































































































6.2231     7.5841     -6.6013    LORBIT
6.0266     7.7616     -6.5863
5.8282     8.0481     -6.6497
5.617      8.3506     -6.7502
5.5562     8.6118     -6.9705
5.567      8.8107     -7.271
5.597      8.9933     -7.6699
5.7018     8.9664     -7.924
5.8636     8.8795     -8.1907
5.9697     8.7004     -8.3845
6.0982     8.4956     -8.4826
6.2449     8.2535     -8.5595
6.4587     7.953      -8.595
6.7021     7.5748     -8.5582
6.9432     7.3088     -8.2801
6.9845     7.1995     -8.027
6.9452     7.2277     -7.7352























































































































































































10.1254    5.459      -7.6539    RTEMFOS
10.0884    5.2866     -7.4233
10.038     5.2467     -7.1015
10.008     5.1637     -6.8857
10.04      5.1594     -6.5907
10.0173    5.1161     -6.3863
10.1228    5.172      -6.0647
10.3081    5.2607     -5.8505
10.4801    5.3565     -5.7595
10.6077    5.4418     -5.8308
10.688     5.4831     -5.8378





























































































































































































5.7273     9.7102     -7.9937    LTEMFOS
5.5669     9.7679     -7.7829
5.4373     9.7085     -7.5535
5.3567     9.7117     -7.2273
5.3172     9.6429     -6.9576
5.2687     9.6319     -6.5711
5.2179     9.7736     -6.2744
5.2879     9.9387     -6.0181
5.3941     10.096     -5.9466
5.5146     10.3757    -5.977
5.525      10.3831    -5.9767





























































































































































































4.6653     5.028      -7.8468    OP
5.7827     6.1786     -8.0637    BA
7.9123     8.7547     -6.6497    ST
9.5753     10.5841    -6.4358    IV
7.998      4.8791     -7.6078    R_PG
9.9965     5.4783     -6.6373    R_ZTI
9.0337     8.0212     -7.7493    R_M3D
10.0853    8.8321     -7.5051    R_M12
10.9312    10.1289    -7.0241    R_MP3
10.7539    10.757     -6.7113    R_PMI
4.0174     8.1766     -7.6738    L_PG
4.3568     10.2431    -6.8654    L_ZTI
6.9446     9.7181     -7.7023    L_M3D
7.6532     10.8847    -7.5109    L_M12
8.8076     11.8129    -6.9536    L_MP3
9.4964     11.763     -6.6302    L_PMI
8.4799     11.4629    -6.1863    O1
6.5824     11.1097    -5.5939    O2
3.3681     7.672      -5.999     O3
4.463      3.7046     -5.5481    O4




















































































































































































10.3595    7.9034     -6.5321    RZYGINF
10.447     7.6873     -6.5858
10.5052    7.3519     -6.6033
10.4619    7.0355     -6.6299
10.3743    6.602      -6.5999
10.2518    6.3053     -6.6391
10.1693    6.1005     -6.7335
10.1285    5.8667     -6.7726
10.0544    5.6794     -6.7002
10.0079    5.5907     -6.6508






























































































































































































6.6359     11.0714    -6.5729    LZYGINF
6.3051     11.125     -6.6263
5.9681     11.133     -6.6956
5.5698     11.0511    -6.6852
5.2715     10.906     -6.715
4.9925     10.7283    -6.7684
4.8484     10.5982    -6.873
4.6101     10.4565    -6.9445
4.393      10.2839    -6.92
4.299      10.2486    -6.8786






























































































































































































9.0408     7.9503     -7.7199    R-ALV
9.4249     8.2252     -7.6698
9.7371     8.4265     -7.5876
10.0526    8.7399     -7.5554
10.2563    8.9493     -7.4251
10.4274    9.2073     -7.3422
10.5425    9.4665     -7.2499
10.7404    9.7668     -7.2418
10.9207    9.9533     -7.098
10.9018    10.1231    -7.0531






























































































































































































6.8806     9.7232     -7.6778    L-ALV
7.0607     10.1076    -7.6363
7.2719     10.5387    -7.5669
7.5491     10.9268    -7.4645
7.8498     11.1929    -7.377
8.0647     11.3443    -7.2993
8.3437     11.5406    -7.2202
8.5511     11.7048    -7.1516
8.6879     11.8534    -7.0043
8.8175     11.8494    -6.9475
