AMNH       163082     Sep1stv
0.9343     17.2224    10.9642    IN
0.6949     13.1891    12.9591    BR
0.9065     8.9156     10.1772    GL
0.928      8.8789     9.9958     NA
0.9607     8.5087     8.8054     RH
0.9006     8.2132     6.7784     NS
0.9335     8.0396     6.4386     PR
0.4953     8.0684     6.389      R_PR2
0.5434     8.9728     9.2458     R_PMS
-1.5635    10.6731    7.2984     R_ZMI
-0.6951    9.8943     8.1882     R_ZMU
0.4332     9.7143     9.5196     R_DA
-0.8728    9.4184     10.3013    R_MTI
-0.8452    9.4918     10.6089    R_MTS
-1.9799    10.2265    9.5559     R_FMO
-2.3547    10.6929    9.9166     R_FMT
-1.9456    15.0512    9.0247     R_PO
-2.677     11.4155    7.7818     R_ZTS
1.414      8.0726     6.4389     L_PR2
1.362      8.9541     9.2449     L_PMS
3.5275     10.5137    7.4913     L_ZMI
2.7558     9.7902     8.3228     L_ZMU
1.4527     9.5864     9.525      L_DA
2.4648     9.2477     10.4213    L_MTI
2.3613     9.2715     10.7713    L_MTS
3.8884     10.0339    9.7652     L_FMO
4.2024     10.4934    9.9895     L_FMT
4.0009     14.9488    9.2649     L_PO
4.7004     11.3555    8.1026     L_ZTS
0.6437     7.8736     6.2962     O1
3.5346     10.5791    10.7705    O2
-3.1301    13.5474    8.3067     O3
1.3564     16.8928    11.3213    O4







































































































































































0.8928     8.906      10.1636    GLRH
0.8765     8.8967     10.032
0.8863     8.837      9.8553
0.9063     8.8121     9.6512
0.8808     8.7895     9.5302
0.945      8.7112     9.2897
0.9537     8.6346     9.1534
0.9571     8.5355     8.9791
0.9675     8.5112     8.8706
0.9507     8.4969     8.7945






























































































































































































0.9426     8.511      8.7746     NOSE
0.6437     8.5962     8.692
0.5745     8.5974     8.4779
0.5459     8.6126     8.2992
0.5226     8.6219     8.0594
0.4734     8.6236     7.8616
0.5028     8.6112     7.7179
0.5283     8.4726     7.3578
0.65       8.3905     7.1783
0.7118     8.359      7.0375
0.7714     8.304      6.9414
0.8292     8.2706     6.857
0.9226     8.2182     6.7869
1.0743     8.3052     6.9254
1.1095     8.4079     7.0617
1.2034     8.4496     7.1737
1.2792     8.5081     7.3118
1.3992     8.5584     7.4894
1.4531     8.6297     7.6677
1.4624     8.6689     7.8349
1.479      8.6696     8.085
1.4397     8.6504     8.263
1.3878     8.5987     8.4775
1.3491     8.5933     8.6024
1.2856     8.5638     8.8235
1.0735     8.5125     8.7966
0.9646     8.535      8.7582













































































































































































0.9192     8.2272     6.7964     NASP-PR
0.9109     8.1245     6.6765
0.9397     8.0329     6.5563
0.9595     8.0448     6.3647




































































































































































































0.5428     8.9534     9.2052     R-PM/MAX
0.4515     8.9597     8.8693
0.4065     8.8794     8.5399
0.3737     8.8565     8.3121
0.3218     8.8534     7.9818
0.2541     8.8005     7.6438
0.2092     8.7234     7.4602
0.2053     8.6232     7.2597
0.1885     8.5463     7.1031
0.1285     8.4406     6.8421
0.0756     8.3975     6.659
0.0449     8.5211     6.4563




























































































































































































1.3845     8.9265     9.0819     L-PM/MAX
1.4268     8.9012     8.9021
1.4851     8.8699     8.6857
1.5259     8.874      8.4683
1.5455     8.8937     8.2484
1.5807     8.8962     8.0361
1.6128     8.8823     7.8017
1.6412     8.8214     7.5923
1.6422     8.7065     7.4487
1.7243     8.6301     7.2581
1.8306     8.6006     7.1037
1.8678     8.4382     6.7496
1.9243     8.4902     6.4843



























































































































































































-0.7664    9.9077     6.6778     ROSTRUM
-0.714     9.8326     6.9403
-0.6229    9.7891     7.1909
-0.5466    9.7307     7.3552
-0.4381    9.6928     7.5776
-0.3323    9.6336     7.7518
-0.1939    9.5751     7.8951
-0.0553    9.5145     8.0074
0.0957     9.3932     8.1595
0.2322     9.2981     8.3898
0.2935     9.2201     8.6093
0.4106     9.0874     8.9285
0.4551     9.0434     9.034
0.4967     9.021      9.2573
0.5689     8.9103     9.4199
0.7552     8.8183     9.5866
0.8937     8.7879     9.611
1.051      8.838      9.6157
1.1943     8.8867     9.5333
1.3185     9.0014     9.3158
1.4256     9.0728     9.1017
1.5314     9.1648     8.8845
1.5946     9.2359     8.5857
1.6964     9.3119     8.3435
1.8804     9.3835     8.1024
2.024      9.476      7.9039
2.2031     9.5428     7.7013
2.3786     9.6289     7.4565
2.5087     9.7035     7.2223
2.6426     9.7698     7.0428
2.7162     9.7857     6.8816
2.745      9.8175     6.7409








































































































































































-2.3972    10.6175    9.8916     SUPORB
-2.3715    10.5849    10.0224
-2.3015    10.5623    10.1434
-2.1839    10.4606    10.2589
-2.0753    10.3437    10.291
-1.9574    10.1764    10.3481
-1.826     10.0599    10.3764
-1.6719    9.9406     10.447
-1.5166    9.8283     10.4958
-1.4397    9.7506     10.5109
-1.2927    9.6388     10.5314
-1.1284    9.5648     10.5519
-0.9884    9.5002     10.5755
-0.8539    9.4414     10.5821
-0.7323    9.3782     10.5987
-0.6223    9.3107     10.5908
-0.4762    9.2621     10.6086
-0.2991    9.2039     10.5885
-0.1441    9.1482     10.5851
0.0124     9.1149     10.5607
0.2305     9.0453     10.5118
0.432      8.981      10.4307
0.642      8.9605     10.3617
0.7981     8.9308     10.2921
1.0184     8.924      10.3269
1.1841     8.9787     10.4739
1.4781     9.0359     10.61
1.7715     9.109      10.6815
2.0469     9.1816     10.7222
2.3042     9.2869     10.7575
2.6064     9.4043     10.7773
2.8392     9.495      10.7619
3.0944     9.6026     10.7357
3.3013     9.7668     10.7248
3.4726     9.8912     10.7056
3.7492     10.0916    10.5827
3.8995     10.2116    10.5029
4.0278     10.2786    10.3856
4.1033     10.3697    10.3053
4.1461     10.3931    10.2104
4.1804     10.3977    10.1495































































































































































-0.5552    9.8819     8.2539     RORBIT
-0.7173    9.8866     8.2074
-0.937     9.9457     8.2146
-1.1238    10.0056    8.2058
-1.3333    10.0911    8.2572
-1.5068    10.1246    8.3185
-1.7046    10.1622    8.4506
-1.8385    10.2321    8.6346
-1.8788    10.2665    8.7954
-1.9287    10.3038    8.9462
-1.9861    10.2981    9.1525
-1.9879    10.2797    9.3612
-2.0344    10.169     9.5871
-1.9089    10.1122    9.7527
-1.7608    10.0578    9.8885
-1.6061    9.9699     10.0487
-1.4326    9.8231     10.1405
-1.2145    9.6726     10.2281
-0.9069    9.4991     10.2799
-0.5807    9.3827     10.2647
-0.3176    9.2629     10.2195
-0.0488    9.1825     10.1484
0.2204     9.141      10.0301
0.3152     9.2522     9.8615
0.325      9.2901     9.8347
0.3694     9.5197     9.6402
0.4304     9.7211     9.5166













































































































































































2.6915     9.7942     8.3397     LORBIT
2.8375     9.84       8.3354
2.9705     9.8686     8.3336
3.1085     9.9282     8.35
3.3158     9.9748     8.411
3.4989     10.037     8.5534
3.6103     10.0673    8.7288
3.7721     10.0736    8.93
3.7851     10.1287    9.0993
3.8286     10.1249    9.4701
3.835      10.0917    9.7288
3.7675     9.9869     9.9293
3.6467     9.8563     10.1093
3.5205     9.7511     10.2766
3.3942     9.7341     10.3145
3.2383     9.6549     10.3988
3.0623     9.5545     10.4456
2.8284     9.4442     10.4449
2.5674     9.3253     10.4277
2.3266     9.2122     10.3931
2.1344     9.1378     10.3465
1.864      9.1253     10.2382
1.6153     9.1717     10.0953
1.5274     9.2808     9.8988
1.4913     9.4162     9.7357
1.4609     9.559      9.5611
1.4419     9.6041     9.5206













































































































































































-2.3911    10.6687    9.9091     RTEMFOS
-2.4107    10.6645    9.7373
-2.428     10.621     9.5097
-2.4656    10.6059    9.3354
-2.4806    10.5414    9.2065
-2.4851    10.5416    9.0863
-2.4799    10.5636    8.8911
-2.4899    10.5742    8.6809
-2.4961    10.5776    8.5155
-2.5143    10.6474    8.2598
-2.5488    10.7414    8.104
-2.5733    10.8289    7.9644
-2.6262    10.9864    7.8456
-2.6769    11.1631    7.784
-2.6854    11.2293    7.7601
-2.6944    11.3848    7.7547
























































































































































































4.2177     10.472     9.9853     LTEMFOS
4.2619     10.4107    9.7909
4.3061     10.3782    9.6342
4.3434     10.3579    9.4565
4.3621     10.371     9.2726
4.3916     10.4078    9.0529
4.4192     10.4456    8.8964
4.4461     10.4779    8.7297
4.4691     10.5105    8.5757
4.4964     10.5912    8.4427
4.5509     10.7156    8.3041
4.5907     10.8206    8.201
4.6272     10.9146    8.1388
4.664      11.0662    8.0955
4.7053     11.1601    8.0889
4.7246     11.2388    8.087
4.7303     11.3433    8.1072























































































































































































1.0692     9.252      11.7677    OP
1.1057     10.7495    11.8125    BA
1.3335     13.952     10.7108    ST
1.5089     16.6446    10.3225    IV
-1.9414    11.092     11.3197    R_PG
-2.6901    13.2564    10.798     R_ZTI
-0.0874    13.9812    11.1366    R_M3D
-0.4505    15.4702    10.9351    R_M12
0.119      17.0202    10.4614    R_MP3
0.6909     17.3376    10.489     R_PMI
4.137      10.6954    11.2367    L_PG
5.257      12.504     10.7184    L_ZTI
2.8101     13.8429    11.2421    L_M3D
3.384      15.1774    10.9713    L_M12
2.9245     16.8611    10.5112    L_MP3
2.4477     17.2006    10.5204    L_PMI
1.3897     17.9092    10.2749    O1
4.0248     13.424     7.4352     O2
-2.9095    12.3015    10.6513    O3
1.2544     7.6903     9.5161     O4




















































































































































































-1.2896    15.191     10.5405    RZYGINF
-1.4321    15.1455    10.5743
-1.632     15.0478    10.5442
-1.7481    14.9546    10.5937
-1.9535    14.858     10.6433
-2.1806    14.6587    10.7015
-2.2919    14.4711    10.8131
-2.333     14.2249    10.8874
-2.3594    14.0277    10.9597
-2.3704    13.8433    10.9883
-2.4812    13.7403    10.9251
-2.5376    13.6336    10.904
-2.5741    13.5457    10.8816
-2.6114    13.4457    10.859
-2.6249    13.3395    10.8495
-2.6225    13.2986    10.8293
























































































































































































9999       9999       9999       LZYGINF







































































































































































































-0.1108    13.9864    11.2525    R-ALV
-0.2678    14.3041    11.065
-0.3702    14.5416    11.0242
-0.4301    14.7596    10.9467
-0.4756    15.003     10.8761
-0.5062    15.276     10.8498
-0.4789    15.542     10.7907
-0.4187    15.7247    10.8137
-0.3307    15.9562    10.7397
-0.2339    16.0741    10.7076
-0.1743    16.3216    10.7202
-0.089     16.5413    10.591
-0.0243    16.7671    10.5568
0.0435     16.902     10.5285
0.1298     17.0545    10.4527

























































































































































































2.816      13.8305    11.1369    L-ALV
2.9244     13.9666    11.093
3.015      14.1586    11.1102
3.1086     14.3437    11.1036
3.2202     14.5386    11.0508
3.2828     14.757     11.0126
3.357      14.9892    10.9512
3.3683     15.2806    10.9009
3.3627     15.4741    10.8441
3.2977     15.7618    10.7811
3.1713     16.0246    10.7535
3.1364     16.3332    10.6335
3.0738     16.5897    10.5778
2.9772     16.8395    10.5319
