BM(NH)     ZD.1924.8.7Tg20stv
13.9114    21.3921    12.536     IN
14.2451    16.7511    15.1533    BR
15.2828    10.7875    13.5289    GL
15.2538    10.8608    13.0798    NA
15.2628    8.9538     8.8098     RH
15.3656    6.0984     7.174      NS
15.3449    5.2673     5.2812     PR
14.7412    5.3451     5.3451     R_PR2
14.6621    8.7314     8.579      R_PMS
11.2307    11.2461    7.9291     R_ZMI
13.5309    11.0059    11.1425    R_ZMU
14.9369    11.063     12.3906    R_DA
13.3761    10.5994    13.2149    R_MTI
13.4602    11.0045    13.8522    R_MTS
12.2453    11.5684    12.4592    R_FMO
11.9456    12.1969    12.9892    R_FMT
10.3521    17.6151    10.4234    R_PO
9.8153     12.6164    9.6686     R_ZTS
15.9263    5.4094     5.2345     L_PR2
15.8891    8.7768     8.561      L_PMS
18.8181    11.9752    7.8566     L_ZMI
16.9678    11.3853    11.0165    L_ZMU
15.5565    11.2111    12.381     L_DA
17.0781    11.132     13.1752    L_MTI
17.0422    11.4361    13.7673    L_MTS
17.9967    12.3336    12.6242    L_FMO
18.1449    13.0943    12.8126    L_FMT
18.0314    18.6198    10.4273    L_PO
19.9302    14.0728    9.6978     L_ZTS
14.9772    5.0323     5.0692     O1
17.7488    13.0302    13.3385    O2
9.3574     15.2222    9.8315     O3
17.1477    20.3794    10.9124    O4







































































































































































15.282     10.8083    13.5719    GLRH
15.261     10.9206    13.3304
15.2721    10.8866    13.1161
15.2698    10.8456    12.8696
15.3056    10.9213    12.5273
15.2865    10.9821    12.2641
15.2841    11.0127    12.0551
15.3045    11.017     11.8592
15.2724    10.992     11.6667
15.2729    10.9508    11.4844
15.2697    10.8929    11.2732
15.2859    10.8147    11.0674
15.2355    10.7184    10.8422
15.2703    10.5626    10.5525
15.2656    10.4256    10.3647
15.2659    10.3016    10.1658
15.2626    10.1441    10.0064
15.2404    9.9946     9.8059
15.246     9.8511     9.6786
15.2481    9.6852     9.5441
15.2652    9.5257     9.3791
15.2627    9.4325     9.3145
15.2641    9.3158     9.1935
15.2849    9.1583     9.05
15.2733    9.028      8.9019
15.2828    8.9714     8.833














































































































































































15.275     8.9805     8.8507     NOSE
15.0714    8.9608     8.8483
14.9116    8.8395     8.7213
14.7966    8.7307     8.644
14.7503    8.6554     8.5047
14.6861    8.4701     8.3738
14.6449    8.2533     8.1906
14.6066    8.0791     8.0511
14.5471    7.8914     7.9279
14.5125    7.7047     7.8252
14.5018    7.4848     7.6911
14.4918    7.2262     7.5474
14.4998    7.0489     7.4632
14.5272    6.8233     7.3439
14.5518    6.6367     7.2765
14.6943    6.3841     7.2455
14.8693    6.251      7.2636
15.0699    6.1775     7.2937
15.1915    6.1336     7.295
15.26      6.121      7.2303
15.3655    6.1459     7.1976
15.4891    6.1582     7.2783
15.6617    6.1886     7.3105
15.9039    6.3696     7.2595
15.9718    6.529      7.2213
16.0369    6.7502     7.2598
16.0801    7.0298     7.4061
16.0816    7.1943     7.507
16.1262    7.368      7.6381
16.1031    7.6186     7.7038
16.1636    7.81       7.8427
16.1521    7.9752     7.9434
16.0121    8.1884     8.0984
15.9362    8.3824     8.2584
15.9137    8.4983     8.3422
15.8836    8.634      8.4733
15.749     8.7459     8.6042
15.6421    8.8775     8.6783
15.5507    8.9975     8.768
15.4321    9.0153     8.8103
15.297     8.9704     8.7925































































































































































15.3467    6.1278     7.1843     NASP-PR
15.3576    5.9751     7.1109
15.3458    5.8296     7.0137
15.3514    5.7058     6.8757
15.3514    5.5814     6.7181
15.3495    5.5154     6.5916
15.3284    5.4147     6.3692
15.3632    5.381      6.2404
15.3767    5.3407     6.1269
15.3555    5.2868     5.9535
15.3672    5.2541     5.7655
15.3466    5.2383     5.5589
15.3287    5.2484     5.4491
15.3562    5.273      5.3316


























































































































































































14.6645    8.6827     8.5581     R-PM/MAX
14.6787    8.5721     8.4479
14.6739    8.485      8.3671
14.6615    8.3361     8.2583
14.6243    8.2042     8.1577
14.574     8.0957     8.0837
14.5252    7.9856     7.9905
14.498     7.8398     7.9044
14.4467    7.6865     7.8021
14.4398    7.5265     7.7098
14.421     7.4001     7.6308
14.4049    7.2504     7.548
14.4186    7.1551     7.49
14.4215    7.0256     7.4012
14.3213    7.14       7.4164
14.1985    7.0208     7.2766
14.1332    6.7901     7.0592
14.1325    6.6202     6.9192
14.0835    6.4886     6.784
14.0134    6.3591     6.6145
13.9632    6.059      6.2696
14.0007    5.9574     5.9715
14.0761    5.914      5.7227
14.1248    5.9652     5.5435
















































































































































































15.8781    8.7677     8.5548     L-PM/MAX
15.9558    8.5908     8.3885
15.9911    8.2969     8.1723
16.0689    8.0372     7.9738
16.143     7.8945     7.8842
16.1615    7.7191     7.7793
16.208     7.5484     7.7113
16.2064    7.406      7.6353
16.2648    7.314      7.5393
16.2307    7.0842     7.407
16.3378    7.2002     7.4392
16.4553    7.3861     7.4285
16.5091    7.241      7.2874
16.5728    7.0448     7.1146
16.6303    6.887      6.9993
16.7188    6.7758     6.8705
16.7089    6.6045     6.7574
16.6956    6.4179     6.6127
16.6742    6.278      6.4347
16.7217    6.2342     6.2438
16.7646    6.1759     6.1029
16.6895    6.0954     5.748
16.5794    6.1353     5.4668

















































































































































































13.0377    9.3328     5.6129     ROSTRUM
13.0615    9.3493     5.8551
13.149     9.3862     6.133
13.4176    9.4053     6.2867
13.6417    9.3736     6.5759
13.7654    9.4204     6.9711
13.8477    9.4556     7.4321
13.8838    9.5045     7.7504
13.9414    9.5575     8.0028
13.9888    9.5605     8.2213
14.0182    9.6309     8.5132
14.0941    9.6651     8.8713
14.2492    9.6794     9.1071
14.5058    9.6735     9.2652
14.6203    9.6778     9.2894
14.7744    9.6923     9.3913
14.8342    9.7314     9.4649
15.0314    9.8019     9.6228
15.2012    9.8924     9.7317
15.3545    9.9148     9.7111
15.5296    9.936      9.6689
15.7137    9.9558     9.494
15.8627    9.9697     9.3458
16.0477    9.9773     9.3039
16.2258    9.9687     9.2253
16.3823    10.0067    8.8989
16.4448    10.0573    8.6588
16.4944    10.0768    8.326
16.5658    10.0862    8.1025
16.6688    10.0752    7.7641
16.7244    10.0624    7.4722
16.7986    10.0614    7.2125
16.8766    10.1352    6.9799
17.0461    10.0697    6.6407
17.1384    10.0273    6.4358
17.3119    10.1088    6.4574
17.4491    10.0475    6.3075
17.5148    9.9747     6.1217
17.4936    9.8215     5.7618
17.5013    9.8756     5.6427
17.5086    9.89       5.5319































































































































































11.9539    12.205     13.0303    SUPORB
12.0032    12.1773    13.1886
12.0257    12.0891    13.3924
12.1561    11.9022    13.4842
12.226     11.7415    13.5439
12.2834    11.5465    13.5657
12.388     11.4034    13.6159
12.5557    11.2472    13.656
12.6746    11.146     13.6665
12.804     11.0624    13.7079
12.9623    10.971     13.7343
13.0892    10.8804    13.7485
13.2192    10.8426    13.7734
13.3834    10.8329    13.804
13.7455    10.9195    13.838
14.0363    10.9711    13.8473
14.2858    10.9745    13.8444
14.5044    10.9393    13.8238
14.7538    10.918     13.7862
15.0109    10.9168    13.7379
15.1951    10.9436    13.7232
15.3728    10.9214    13.7213
15.6528    11.0018    13.7368
15.9624    11.0463    13.7328
16.2138    11.1113    13.7661
16.6008    11.2817    13.8194
16.824     11.3677    13.7935
17.0316    11.4708    13.7993
17.2358    11.5283    13.7693
17.4088    11.7331    13.7554
17.5731    12.0158    13.7336
17.6824    12.1348    13.7004
17.8236    12.3584    13.6603
17.9421    12.5306    13.6123
18.0743    12.7071    13.5138
18.1941    12.888     13.3343
18.2456    12.9501    13.2336
18.2849    12.9237    13.0455
18.3048    12.9379    12.9473
18.2864    13.0231    12.8388
































































































































































13.5097    11.0635    11.1546    RORBIT
13.3466    11.0422    11.1278
13.1057    11.08      11.1381
12.8537    11.0961    11.1498
12.7631    11.1548    11.2567
12.6036    11.3005    11.4127
12.4897    11.4145    11.5914
12.3895    11.5258    11.8802
12.3316    11.5587    12.0199
12.259     11.5682    12.3042
12.2836    11.5598    12.4974
12.3443    11.4883    12.7285
12.4316    11.3409    12.8859
12.5328    11.1381    13.0342
12.7319    10.9841    13.1082
12.9308    10.7977    13.2123
13.1395    10.7148    13.215
13.3466    10.6474    13.2164
13.4776    10.6741    13.1856
13.6673    10.6216    13.1943
13.856     10.5768    13.2444
14.1193    10.6923    13.2637
14.4109    10.7741    13.2946
14.6864    10.9682    13.1119
14.7288    11.0526    12.959
14.8198    11.0419    12.8334
14.8421    11.0823    12.6911
14.8987    11.1634    12.5027
14.976     11.1065    12.4418











































































































































































16.9309    11.4465    11.0529    LORBIT
17.1868    11.5882    11.0265
17.4268    11.698     11.053
17.6094    11.8463    11.1723
17.7526    11.9661    11.2798
17.8843    12.0917    11.4521
17.9092    12.2207    11.6494
18.0573    12.315     11.8731
18.0471    12.3844    12.2152
18.1223    12.4365    12.4174
18.0704    12.3546    12.6549
18.0437    12.3233    12.7812
18.0709    12.1753    12.9148
17.9947    12.0041    12.9871
17.8781    11.8331    13.0351
17.7654    11.6943    13.0838
17.6257    11.5458    13.1253
17.3939    11.4217    13.1357
17.1484    11.1489    13.1641
16.9111    11.0261    13.1734
16.5142    10.9357    13.258
16.1618    10.9634    13.2878
15.8351    11.0178    13.1547
15.7243    11.1793    12.8192
15.6468    11.2186    12.6077
15.5632    11.2104    12.4176
15.6121    11.2387    12.3194













































































































































































11.9323    12.1749    13.0207    RTEMFOS
11.8635    12.1836    12.8099
11.7998    12.1495    12.5729
11.7469    12.0103    12.3823
11.6666    11.9695    12.0967
11.5899    11.8811    11.8895
11.5111    11.824     11.6058
11.4094    11.7817    11.2309
11.304     11.678     11.0032
11.2383    11.6033    10.741
11.1778    11.4861    10.554
11.1201    11.4239    10.3712
11.0086    11.3391    10.1072
10.8588    11.3867    9.9419
10.6935    11.4191    9.7607
10.5631    11.5227    9.6666
10.4299    11.6349    9.5474
10.2917    11.7827    9.4799
10.0986    11.9758    9.4254
10.005     12.1401    9.461
9.9424     12.3172    9.532
9.8975     12.4283    9.5925
9.8427     12.6178    9.6725

















































































































































































18.2327    13.1089    12.7902    LTEMFOS
18.2989    13.0812    12.5728
18.4122    12.9867    12.2608
18.5187    12.88      11.9311
18.604     12.8845    11.7095
18.7013    12.8116    11.4233
18.8086    12.7244    11.1381
18.8755    12.6662    10.9461
18.9731    12.6662    10.7073
19.0284    12.6229    10.5116
19.0729    12.5847    10.3675
19.125     12.5668    10.1879
19.253     12.612     9.9839
19.2884    12.7       9.9159
19.4625    12.8243    9.6752
19.5755    12.9403    9.5704
19.7071    13.0974    9.4467
19.7839    13.2548    9.4445
19.8095    13.434     9.4796
19.8327    13.5991    9.5082
19.9257    13.7759    9.5602
19.9586    13.879     9.5985
19.9585    13.9807    9.6605

















































































































































































14.2981    5.979      10.66      OP
14.4876    8.2062     10.6899    BA
14.8373    12.7353    10.0247    ST
14.6771    18.5176    9.822      IV
10.812     8.1359     10.3525    R_PG
9.173      10.4853    8.9324     R_ZTI
12.664     14.189     11.5686    R_M3D
12.481     16.4903    11.0143    R_M12
12.7833    18.5543    10.4077    R_MP3
13.3575    19.7247    9.9468     R_PMI
18.1949    7.8207     10.4266    L_PG
20.0103    9.8476     9.2927     L_ZTI
16.7919    14.2952    11.7387    L_M3D
16.8267    16.586     11.017     L_M12
16.3835    18.7545    10.5255    L_MP3
15.755     19.7709    10.1957    L_PMI
14.0877    20.8684    10.0159    O1
17.5231    10.9498    4.5469     O2
9.2591     9.3713     8.6115     O3
17.5266    4.656      9.0515     O4




















































































































































































10.8766    13.8363    9.251      RZYGINF
10.7642    13.5595    9.2086
10.6363    13.4724    9.1397
10.4257    13.2759    9.0948
10.2676    13.1291    9.1174
10.1579    12.9628    9.1064
10.0564    12.7563    9.132
9.9904     12.6104    9.1561
9.8672     12.3942    9.1206
9.7951     12.1604    9.0435
9.7465     11.9235    8.9963
9.6394     11.7604    8.9568
9.5549     11.5447    8.9321
9.5623     11.2797    8.9574
9.5671     11.1438    8.9759
9.5079     10.9638    9.0229
9.4586     10.8063    9.0579
9.3608     10.6831    9.0378
9.2899     10.5941    9.0342
9.1768     10.5058    8.9432




















































































































































































18.5565    13.4624    9.4297     LZYGINF
18.7138    13.2692    9.3553
18.8598    13.082     9.2738
18.962     13.0495    9.2598
19.152     12.8925    9.2711
19.2793    12.7066    9.2888
19.3306    12.3323    9.3375
19.4455    12.0908    9.3251
19.546     11.8916    9.3247
19.732     11.5568    9.2695
19.8057    11.3106    9.2101
19.8176    11.1331    9.174
19.772     10.8979    9.2038
19.6933    10.5783    9.2823
19.729     10.3616    9.3133
19.79      10.1965    9.3401
19.8461    10.0611    9.3349
19.9206    10.0022    9.3144
20.0012    9.873      9.2985





















































































































































































12.6388    14.2186    11.5621    R-ALV
12.5142    14.4864    11.4955
12.4989    14.6878    11.4206
12.4637    14.9025    11.3628
12.4435    15.1034    11.3153
12.4281    15.3142    11.2511
12.4147    15.5623    11.234
12.4161    15.8028    11.1429
12.4134    16.0214    11.0645
12.4398    16.3305    11.0301
12.4858    16.6193    10.9599
12.5098    16.8393    10.8836
12.536     17.06      10.8763
12.5584    17.357     10.7981
12.6589    17.6014    10.7846
12.7096    17.8367    10.7504
12.7337    18.0803    10.7132
12.7263    18.2184    10.6537
12.7214    18.3691    10.5585
12.7664    18.5258    10.4116
12.7702    18.5466    10.3819



















































































































































































16.7194    14.2783    11.6849    L-ALV
16.8759    14.6703    11.6363
16.9202    14.9888    11.4921
16.9271    15.4257    11.4397
16.9289    15.5852    11.3992
16.9376    15.8575    11.3167
16.9123    16.0362    11.2573
16.9011    16.2894    11.1552
16.8305    16.7088    10.9848
16.7952    16.9087    10.9803
16.7666    17.1289    10.9088
16.6783    17.4658    10.8428
16.5769    17.6491    10.839
16.5364    17.853     10.812
16.4962    18.0645    10.773
16.4943    18.3357    10.7408
16.4722    18.4103    10.7638
16.4509    18.5704    10.6944
16.4128    18.7135    10.5499
16.4138    18.7491    10.4834
