FSM        1011       Tg40stv
0.191      18.2982    13.0725    IN
0.3892     14.3718    15.8232    BR
0.6168     8.486      14.3168    GL
0.5955     8.5708     14.0595    NA
0.4851     6.7558     10.4265    RH
0.544      3.8505     8.3692     NS
0.5401     2.9789     6.6358     PR
-0.1848    3.0748     6.6617     R_PR2
0.0695     7.1776     10.6578    R_PMS
-3.1833    8.9893     9.0091     R_ZMI
-1.3687    8.6461     12.0836    R_ZMU
0.2174     8.5912     13.1471    R_DA
-1.0218    8.3889     14.1409    R_MTI
-0.8604    8.7921     14.7111    R_MTS
-2.3529    9.4567     13.3775    R_FMO
-2.7262    10.1155    13.9183    R_FMT
-3.8129    15.5843    11.2407    R_PO
-4.8179    10.6716    10.6958    R_ZTS
1.2903     3.1151     6.6291     L_PR2
0.9953     7.2372     10.68      L_PMS
3.8816     9.152      8.8701     L_ZMI
2.2656     8.7821     11.9911    L_ZMU
0.9528     8.6958     12.9852    L_DA
2.2948     8.5216     14.0353    L_MTI
2.1653     8.9949     14.5861    L_MTS
3.4416     9.6812     13.2282    L_FMO
3.4744     10.2692    14.0069    L_FMT
4.1015     15.7407    10.9376    L_PO
5.5701     11.003     10.4138    L_ZTS
2.9933     4.5409     4.9342     O1
-2.1937    10.0372    14.3777    O2
5.7854     13.2937    10.3314    O3
-0.5447    18.0773    12.8121    O4







































































































































































0.6302     8.5077     14.3447    GLRH
0.5935     8.5858     14.1025
0.58       8.5047     13.8054
0.5525     8.4361     13.5689
0.5409     8.444      13.3895
0.5235     8.4613     13.2333
0.494      8.4472     13.0135
0.5159     8.4038     12.755
0.5123     8.3162     12.4481
0.4942     8.1863     12.1111
0.5327     7.995      11.7698
0.4945     7.7723     11.4524
0.5091     7.5448     11.1997
0.5337     7.3402     10.9782
0.5522     7.1229     10.7915
0.5155     6.9263     10.6115
0.5146     6.8112     10.4643























































































































































































0.4719     6.742      10.4267    NOSE
0.1339     6.558      10.2573
-0.0529    6.4183     9.9753
-0.0993    6.2349     9.7365
-0.1957    6.0022     9.5164
-0.2623    5.8273     9.3679
-0.3063    5.5946     9.2058
-0.3296    5.3683     9.1177
-0.3675    5.1985     9.0029
-0.3961    5.0128     8.926
-0.4143    4.8206     8.8236
-0.3914    4.6082     8.7323
-0.353     4.3797     8.6748
-0.2663    4.1905     8.6003
-0.0763    4.0343     8.6063
0.1092     3.9142     8.5792
0.2921     3.8542     8.5629
0.3749     3.8792     8.5365
0.487      3.8032     8.3814
0.5606     3.8082     8.3753
0.6487     3.7966     8.4544
0.8332     3.885      8.5592
1.032      3.9396     8.5551
1.2557     4.03       8.5691
1.3656     4.2313     8.6119
1.4431     4.4902     8.7035
1.4582     4.6821     8.7857
1.4072     4.9673     8.9458
1.3718     5.1946     9.0716
1.353      5.4173     9.1759
1.3138     5.6777     9.2965
1.2952     5.8493     9.4181
1.2635     5.9713     9.5354
1.1734     6.1711     9.6871
1.1428     6.3387     9.8134
1.0826     6.4918     10.0143
0.9841     6.6132     10.164
0.9581     6.7194     10.3271
0.8043     6.8398     10.4099
0.6936     6.8486     10.5331
0.544      6.814      10.4823































































































































































0.5609     3.7242     8.3384     NASP-PR
0.5414     3.5037     8.2281
0.5425     3.2865     8.0438
0.5464     3.1575     7.9088
0.5621     3.0602     7.7016
0.5845     2.9856     7.518
0.5597     2.9843     7.3455
0.5526     2.9622     7.0848
0.5447     2.9473     6.8665
0.5292     2.9537     6.6841






























































































































































































0.0486     7.1622     10.663     R-PM/MAX
0.0281     7.0234     10.4787
-0.0182    6.8941     10.3383
-0.0654    6.7476     10.1748
-0.1303    6.5285     9.9617
-0.1648    6.3783     9.8189
-0.2204    6.1683     9.6533
-0.2604    5.9393     9.4535
-0.2987    5.7371     9.3102
-0.3136    5.6103     9.2226
-0.3711    5.3783     9.1043
-0.4358    5.1512     8.9883
-0.4777    4.9157     8.8733
-0.5011    4.7717     8.7654
-0.6208    4.8267     8.6754
-0.7241    4.9004     8.5857
-0.8201    4.7864     8.4179
-0.9066    4.6482     8.2401
-1.1313    4.4685     7.954
-1.2108    4.3047     7.728
-1.2771    4.2072     7.497
-1.1981    4.0055     7.3281
-1.0667    3.9046     7.1579
-0.8672    3.9535     7.009
















































































































































































0.9956     7.2049     10.6345    L-PM/MAX
1.0614     7.0429     10.4466
1.0971     6.8729     10.2885
1.1415     6.7111     10.1086
1.213      6.4837     9.9058
1.2697     6.2417     9.7081
1.2872     6.0681     9.5661
1.3189     5.8912     9.4573
1.3627     5.7543     9.3542
1.4031     5.5556     9.2331
1.4511     5.3692     9.1504
1.4716     5.2125     9.0581
1.4993     5.0363     8.948
1.5451     4.9167     8.8703
1.6566     4.9835     8.7803
1.7071     4.977      8.7263
1.7788     4.9119     8.5881
1.8694     4.7639     8.3292
1.9661     4.6653     8.2006
2.0791     4.5976     8.0426
2.236      4.5419     7.8953
2.3031     4.297      7.6451
2.3231     4.0919     7.3998
2.1811     3.9683     7.1319
2.0263     3.987      6.9338
1.9191     4.0042     6.8224














































































































































































-1.9056    7.7156     7.0042     ROSTRUM
-1.9239    7.6442     7.3417
-1.9217    7.6426     7.5473
-1.7368    7.569      7.863
-1.5271    7.5877     8.0341
-1.3503    7.5827     8.1739
-1.2287    7.5713     8.321
-1.1052    7.5858     8.5135
-0.9804    7.577      8.8222
-0.8415    7.569      9.2514
-0.7435    7.5383     9.6362
-0.7204    7.4952     9.958
-0.5673    7.4303     10.3364
-0.3299    7.3962     10.5572
-0.2146    7.3916     10.639
-0.1244    7.375      10.7213
0.0373     7.3578     10.8417
0.2053     7.3538     10.9707
0.3271     7.346      10.9984
0.4468     7.3603     11.0307
0.6994     7.4016     11.0119
0.8855     7.3822     10.9509
0.9621     7.4237     10.8952
1.1234     7.4515     10.7787
1.2999     7.5034     10.5843
1.4864     7.5299     10.4367
1.5983     7.5279     10.2734
1.6334     7.6423     9.8344
1.6717     7.6749     9.4359
1.7247     7.7114     9.1598
1.8224     7.7005     8.8741
1.9766     7.7742     8.5173
2.1309     7.7676     8.2501
2.4496     7.804      7.9592
2.6554     7.8032     7.7228
2.7491     7.8318     7.4202
2.7533     7.8524     7.1871
2.7423     7.8386     7.0166
2.7072     7.8725     6.8519

































































































































































-2.729     10.0375    13.9577    SUPORB
-2.6279    10.0748    14.1333
-2.5226    10.0182    14.2685
-2.4843    9.8918     14.3952
-2.3862    9.6992     14.4431
-2.1934    9.4792     14.5405
-2.0597    9.374      14.5825
-1.8855    9.2031     14.6186
-1.7305    9.0617     14.6445
-1.5276    8.9785     14.6814
-1.2875    8.9306     14.7033
-1.005     8.9014     14.7294
-0.8209    8.8595     14.7177
-0.5235    8.8153     14.6844
-0.2323    8.723      14.6512
0.077      8.6152     14.5557
0.3586     8.6178     14.5186
0.5767     8.6211     14.4868
0.7898     8.6345     14.4665
1.1387     8.7227     14.5069
1.4405     8.8231     14.5569
1.7664     8.855      14.5879
2.0084     8.9155     14.5975
2.2504     8.9524     14.5891
2.4456     9.0136     14.5683
2.6491     9.1701     14.5516
2.8374     9.3218     14.5155
3.0552     9.4993     14.4637
3.1899     9.7177     14.4222
3.2924     9.9339     14.376
3.4061     10.0889    14.328
3.4885     10.1671    14.2397
3.5219     10.3133    13.9738







































































































































































-1.364     8.6603     12.0784    RORBIT
-1.5355    8.698      12.0744
-1.7783    8.7755     12.1105
-1.9439    8.869      12.1933
-2.1721    8.9822     12.3308
-2.2963    9.1535     12.5132
-2.3725    9.2993     12.7301
-2.4079    9.3608     12.9288
-2.4031    9.4109     13.1335
-2.3976    9.4437     13.3471
-2.3905    9.4044     13.5479
-2.2837    9.3704     13.7111
-2.1717    9.1953     13.9371
-2.0151    9.0377     14.0401
-1.7915    8.8089     14.1418
-1.4918    8.5835     14.1778
-1.1996    8.4004     14.1852
-0.9837    8.3133     14.194
-0.7142    8.3709     14.0949
-0.5061    8.31       14.2035
-0.2637    8.3836     14.1709
-0.0735    8.5455     14.0205
0.0071     8.6468     13.8237
0.0438     8.7126     13.6314
0.1152     8.679      13.468
0.1622     8.6652     13.2911
0.1876     8.6322     13.1168













































































































































































2.2873     8.795      11.9841    LORBIT
2.4864     8.8209     11.9416
2.7407     8.8155     11.9038
2.8495     8.9262     11.9285
3.0273     9.0458     12.0084
3.1659     9.2239     12.1657
3.2851     9.33       12.3047
3.3908     9.4657     12.4766
3.4206     9.6022     12.7454
3.3815     9.6788     12.9114
3.4405     9.6899     13.2202
3.4749     9.6244     13.5392
3.3377     9.4584     13.7689
3.2454     9.2772     13.9326
3.0485     9.0119     14.0965
2.8618     8.8479     14.069
2.573      8.6045     14.1071
2.3484     8.5072     14.0608
2.1436     8.4631     14.029
1.8594     8.5157     13.9949
1.4281     8.6209     13.9827
1.1942     8.6513     13.8592
1.0953     8.7128     13.6299
0.9762     8.7195     13.4014
0.9296     8.7137     13.2549
0.9159     8.7075     13.1503
0.9813     8.6761     12.9212













































































































































































-2.7179    10.0712    13.9159    RTEMFOS
-2.7864    9.9986     13.7717
-2.8765    9.9919     13.5737
-2.9624    9.915      13.3633
-3.0125    9.8562     13.2338
-3.0884    9.8041     13.0571
-3.1617    9.7494     12.8431
-3.2442    9.7314     12.6587
-3.2967    9.697      12.489
-3.3375    9.6076     12.3423
-3.4221    9.5411     12.1083
-3.4852    9.4862     11.9083
-3.5705    9.4619     11.7045
-3.6361    9.4073     11.5211
-3.7875    9.3769     11.2535
-3.9403    9.4682     11.0533
-4.1529    9.6444     10.8614
-4.2785    9.728      10.7781
-4.4666    9.886      10.6892
-4.5476    10.0688    10.692
-4.6287    10.2471    10.6519
-4.7275    10.4162    10.6762
-4.8004    10.5494    10.6767
-4.8574    10.6743    10.6801
















































































































































































3.4759     10.2928    14.0042    LTEMFOS
3.5925     10.3186    13.78
3.6745     10.2698    13.6035
3.7406     10.2396    13.4708
3.8787     10.2271    13.2352
3.9332     10.1572    13.1057
4.0065     10.144     12.9431
4.0784     10.0847    12.6762
4.1888     10.0252    12.4241
4.2446     10.0091    12.1988
4.2912     9.9507     11.9909
4.3565     9.866      11.7376
4.4096     9.7659     11.5127
4.4802     9.753      11.2943
4.5925     9.7696     11.0559
4.7076     9.8107     10.8763
4.9601     9.8894     10.5753
5.116      10.0343    10.4354
5.2476     10.1696    10.3794
5.281      10.3861    10.3656
5.3453     10.5225    10.3715
5.4086     10.7214    10.382
5.4416     10.8282    10.4057
5.4185     11.0019    10.3824
















































































































































































1.2367     5.4379     12.2256    OP
1.1941     7.4843     12.4746    BA
0.8854     12.093     11.7056    ST
0.6533     16.8335    11.649     IV
-2.7495    7.0693     12.1191    R_PG
-4.4879    9.1927     11.1426    R_ZTI
-0.97      12.3184    13.1004    R_M3D
-1.498     14.7714    12.8775    R_M12
-1.3157    17.0558    12.4559    R_MP3
-0.7301    18.3954    11.9273    R_PMI
4.805      7.4398     12.0195    L_PG
6.5262     9.9062     10.7425    L_ZTI
2.7887     12.4708    13.1219    L_M3D
3.1244     14.8818    12.7386    L_M12
2.5858     17.2618    12.2535    L_MP3
1.9077     18.6171    11.9093    L_PMI
3.065      18.6605    13.6932    O1
-1.889     10.6882    6.1421     O2
6.5123     9.1971     10.2986    O3
0.5432     3.4241     9.429      O4




















































































































































































-2.9718    12.6723    11.1068    RZYGINF
-3.1271    12.4788    10.976
-3.2374    12.2726    10.9069
-3.4203    12.0582    10.8529
-3.6215    11.7042    10.8908
-3.7437    11.5044    10.9232
-3.8163    11.2747    10.9195
-3.9157    11.0391    10.9185
-4.0113    10.8248    10.9183
-4.0742    10.6355    10.922
-4.0877    10.5564    10.9218
-4.0872    10.3568    10.9204
-4.1932    10.1178    10.9651
-4.2787    9.8549     11.0389
-4.2656    9.6282     11.1218
-4.2813    9.4811     11.1544
-4.3708    9.4046     11.1599
-4.4928    9.2907     11.1649
-4.5016    9.2144     11.1305





















































































































































































4.642      13.0689    10.8659    LZYGINF
4.7654     12.8794    10.7772
4.9579     12.7874    10.6935
5.124      12.6599    10.6604
5.2486     12.5342    10.6687
5.3967     12.4116    10.7111
5.4648     12.1949    10.7403
5.5575     12.0775    10.7582
5.6232     11.8316    10.754
5.7429     11.674     10.7406
5.884      11.431     10.7151
5.9494     11.2018    10.7023
5.9912     10.9969    10.712
5.9985     10.7464    10.7414
6.0391     10.5628    10.7896
6.0233     10.376     10.8218
6.1039     10.2001    10.8576
6.1483     10.0245    10.8781
6.3044     9.9517     10.8763
6.4474     9.8738     10.8052




















































































































































































-0.9342    12.2761    13.1079    R-ALV
-1.1448    12.5978    13.0363
-1.2346    12.8016    12.974
-1.3914    13.1552    12.9985
-1.4697    13.4927    12.9901
-1.5071    13.8478    12.9956
-1.5263    14.2089    12.9028
-1.5426    14.4222    12.8404
-1.5205    14.6701    12.8295
-1.4947    14.8849    12.8314
-1.5047    15.1737    12.7802
-1.5021    15.4082    12.7066
-1.4864    15.5885    12.6592
-1.4298    15.8318    12.6334
-1.381     16.1037    12.6183
-1.3666    16.3426    12.5767
-1.3524    16.5115    12.6067
-1.3466    16.7358    12.5766
-1.3368    16.844     12.5584
-1.3094    17.0001    12.4932




















































































































































































2.769      12.4701    13.0411    L-ALV
2.9101     12.7395    12.9911
2.9802     12.9702    12.9742
3.0737     13.3119    12.8671
3.1062     13.6093    12.8428
3.1302     13.8619    12.8507
3.1527     14.109     12.838
3.1641     14.378     12.7049
3.1418     14.6753    12.6943
3.1044     14.9559    12.6378
3.0917     15.1773    12.5909
3.0728     15.4319    12.5512
3.0527     15.5938    12.4648
3.0146     15.8249    12.4393
2.9318     15.9907    12.4512
2.8752     16.1496    12.385
2.8304     16.3483    12.3304
2.7892     16.5833    12.3048
2.7866     16.7997    12.2657
2.7502     17.0142    12.2745
2.6981     17.1305    12.2639
