UCB LHES   108        Tg5stv
12.87545   14.89904   14.40051   IN
10.19288   12.07491   16.52256   BR
5.87127    7.06906    14.5524    GL
6.00477    7.1766     14.31995   NA
5.07507    6.0626     9.67995    RH
3.3259     4.17109    7.79211    NS
3.07662    3.72202    6.03207    PR
2.69525    4.27709    5.9587     R_PR2
4.92578    6.65907    9.80017    R_PMS
4.30134    10.91747   9.04333    R_ZMI
5.16885    8.92251    11.88047   R_ZMU
6.02385    7.75639    13.32463   R_DA
4.71094    8.46425    13.95184   R_MTI
4.97909    8.4944     14.80647   R_MTS
4.57982    10.15666   13.42824   R_FMO
4.71724    10.77997   13.84356   R_FMT
8.06529    15.3602    11.66243   R_PO
4.38575    12.66928   10.43238   R_ZTS
3.6782     3.37394    6.02365    L_PR2
5.83369    6.13852    10.04823   L_PMS
10.01673   5.54578    9.36409    L_ZMI
7.82108    6.46165    12.08306   L_ZMU
6.60996    7.24463    13.31518   L_DA
7.37526    6.00377    14.22175   L_MTI
7.68762    6.35188    15.00563   L_MTS
9.18465    6.07748    13.73877   L_FMO
9.76077    6.29296    14.16356   L_FMT
14.05111   9.98421    11.98862   L_PO
11.78104   5.82572    10.83517   L_ZTS
2.66659    3.88912    5.58522    O1
9.08631    6.80618    14.759     O2
5.43687    14.61247   10.76428   O3
14.1623    13.31958   13.76371   O4







































































































































































5.8941     7.05101    14.50881   GLRH
5.98729    7.17371    14.34671
6.02698    7.18245    14.13568
6.02525    7.19025    14.01192
6.03798    7.20687    13.8323
6.04592    7.25246    13.6541
6.12872    7.28624    13.46908
6.14994    7.32055    13.32221
6.18031    7.34075    13.14562
6.17731    7.36027    13.03187
6.20773    7.35226    12.89222
6.21588    7.36211    12.75324
6.21995    7.34788    12.60086
6.21522    7.33194    12.42922
6.21053    7.30671    12.28269
6.21116    7.25211    12.11746
6.20763    7.23188    11.99633
6.19285    7.20867    11.88626
6.19426    7.1402     11.77716
6.17776    7.12925    11.67564
6.10432    7.08541    11.47509
6.07636    7.02058    11.37093
6.01708    7.01518    11.26857
5.9745     6.94616    11.1319
5.93444    6.90598    11.0708
5.8981     6.86287    10.97268
5.87005    6.80725    10.88157
5.79954    6.7611     10.77179
5.7288     6.7079     10.68606
5.6882     6.63533    10.58323
5.58247    6.55147    10.41781
5.5127     6.4905     10.32777
5.458      6.40521    10.22229
5.40751    6.32288    10.11296
5.31396    6.24164    9.9933
5.26064    6.15513    9.88208
5.20935    6.10328    9.81628
5.13346    6.04254    9.71641


































































































































































5.1166     6.04221    9.67539    NOSE
5.00434    6.1855     9.69041
4.9043     6.27155    9.67158
4.77993    6.37718    9.62267
4.65343    6.40083    9.51569
4.55216    6.42321    9.42036
4.4435     6.42981    9.30529
4.35616    6.36357    9.22125
4.2539     6.30102    9.11878
4.15022    6.2532     9.01299
4.06758    6.19238    8.91231
3.98241    6.12561    8.81483
3.90541    6.06368    8.73106
3.8182     6.00183    8.67255
3.70783    5.90099    8.56654
3.6125     5.82263    8.50221
3.52069    5.71993    8.37826
3.47959    5.67516    8.34106
3.36602    5.5476     8.22168
3.30944    5.40384    8.10171
3.24473    5.24498    8.01772
3.21908    5.10042    7.96303
3.13799    4.96153    7.9285
3.13723    4.82463    7.90715
3.09185    4.71084    7.90916
3.08474    4.5008     7.949
3.12908    4.36661    7.99074
3.19789    4.21146    7.99432
3.3103     4.19931    7.83227
3.34649    4.14145    7.80397
3.38248    4.04267    7.89996
3.50117    3.99506    8.05957
3.59331    3.92664    8.00571
3.73429    3.92918    7.97757
3.85383    3.92714    7.98729
3.96416    3.92685    7.9777
4.23739    3.96462    8.00118
4.40598    4.02195    8.07325
4.51343    4.06114    8.13689
4.61924    4.20119    8.20812
4.69383    4.23725    8.27068
4.77232    4.33489    8.33911
4.87669    4.37391    8.45493
4.92875    4.41484    8.47751
4.96678    4.51781    8.56555
5.05759    4.57781    8.64271
5.13126    4.73043    8.67733
5.24487    4.85936    8.822
5.29265    4.96418    8.90564
5.35972    5.03639    8.99734
5.39251    5.10581    9.06735
5.40554    5.17044    9.11629
5.42611    5.26067    9.20804
5.47139    5.38857    9.30878
5.4865     5.44657    9.35359
5.46618    5.58143    9.4442
5.49044    5.6483     9.52287
5.39712    5.75287    9.674
5.31579    5.79937    9.69497
5.1992     5.94436    9.68353
5.09834    6.04293    9.64643











































































































































3.31331    4.09633    7.76861    NASP-PR
3.21277    4.00951    7.59702
3.13434    3.93593    7.44188
3.09376    3.85183    7.28443
3.05258    3.80315    7.09786
3.04677    3.77245    6.98126
3.03763    3.73403    6.8674
3.01652    3.71016    6.67936
3.00972    3.73165    6.54843
3.01798    3.69423    6.4509
3.04128    3.70576    6.29755
3.05374    3.69052    6.19703
3.06676    3.7183     6.06854



























































































































































































4.92698    6.65483    9.79879    R-PM/MAX
4.7808     6.58122    9.66973
4.67215    6.54955    9.56582
4.61388    6.501      9.48999
4.50798    6.46859    9.39291
4.40641    6.41075    9.28184
4.31316    6.35982    9.19923
4.18092    6.31205    9.07691
4.05954    6.26912    8.9481
3.94285    6.18525    8.85618
3.82864    6.10455    8.76108
3.76871    6.0044     8.65765
3.6727     5.9287     8.56866
3.56923    5.88469    8.50315
3.48342    5.90848    8.37125
3.41408    5.88642    8.264
3.35256    5.89812    8.15225
3.28869    5.83845    8.06137
3.21231    5.82594    7.9491
3.12268    5.76043    7.8027
3.03934    5.74377    7.6593
2.92425    5.68713    7.49164
2.82192    5.67641    7.36353
2.74022    5.66797    7.24897
2.65485    5.62836    7.13635
2.5753     5.57875    7.04098
2.50468    5.55228    6.89596
2.44405    5.46727    6.69652
2.53949    5.45081    6.43649
2.59024    5.33334    6.33406
2.70038    5.20114    6.24583









































































































































































5.83464    6.10203    10.00726   L-PM/MAX
5.76575    5.98391    9.91509
5.68895    5.87212    9.83692
5.64158    5.77568    9.73808
5.57974    5.67642    9.64274
5.54789    5.59068    9.52185
5.52304    5.50161    9.4102
5.49477    5.41113    9.3364
5.4531     5.28464    9.23438
5.40627    5.16808    9.12173
5.36746    5.06674    9.04706
5.27452    4.94118    8.90174
5.20146    4.84367    8.80686
5.1063     4.71405    8.72464
5.01595    4.60127    8.6335
4.94834    4.52883    8.58197
4.91326    4.48164    8.53239
4.91157    4.3999     8.48204
4.98341    4.30808    8.36831
4.99115    4.21008    8.23158
5.04682    4.16492    8.17262
5.01049    4.09986    8.08105
4.97222    4.04467    8.00035
4.96991    3.99493    7.92428
4.96624    3.91082    7.82713
4.94911    3.84666    7.74439
4.94903    3.78738    7.66143
4.95521    3.73832    7.56257
4.98132    3.54879    7.39761
4.98565    3.45546    7.25511
4.97089    3.39596    7.15282
4.86394    3.27119    7.00898
4.90173    3.33057    6.84572
4.84372    3.36913    6.69369
4.7393     3.40398    6.57617
4.66049    3.48018    6.42928




































































































































































4.53925    8.70259    6.33292    ROSTRUM
4.47501    8.7313     6.57709
4.43756    8.67881    6.78273
4.44759    8.68007    6.95925
4.4346     8.58314    7.06932
4.60442    8.36886    7.26825
4.73599    8.20522    7.41841
4.78557    8.15034    7.52872
4.84978    8.07006    7.70188
4.86688    8.00603    7.8585
4.90163    7.97307    8.03438
4.93075    7.92534    8.18291
4.94815    7.82646    8.33439
4.9794     7.80232    8.4696
4.97903    7.75202    8.56842
5.00972    7.66253    8.80217
4.99475    7.61521    8.9102
5.00487    7.58145    9.04399
4.99436    7.50772    9.26797
4.96271    7.46201    9.45319
4.96089    7.41699    9.5973
4.95498    7.35259    9.70767
4.99734    7.30059    9.81823
5.04092    7.21663    9.91199
5.07012    7.15561    9.95571
5.11348    7.07227    10.03622
5.17331    6.97042    10.11385
5.23246    6.88822    10.13337
5.33466    6.7813     10.28639
5.4024     6.6848     10.31976
5.48325    6.55694    10.33263
5.58212    6.45923    10.3718
5.73527    6.33323    10.3002
5.87033    6.26478    10.24332
5.93717    6.23919    10.16989
6.0353     6.12859    10.09584
6.15309    6.09309    10.00086
6.26311    6.03677    9.91473
6.38163    5.97735    9.83211
6.53052    5.96277    9.57457
6.63785    6.02051    9.30722
6.72691    6.04792    9.10986
6.84376    6.0661     8.92008
6.9009     6.01629    8.70747
6.94125    6.00434    8.59306
7.01496    5.97696    8.47079
7.12068    5.96365    8.30518
7.15161    5.96107    8.20995
7.22232    5.91936    8.09712
7.31091    5.87009    7.94445
7.42837    5.79851    7.79485
7.52972    5.74126    7.67254
7.60759    5.66826    7.58499
7.72398    5.6219     7.49978
7.89466    5.54033    7.40366
7.96392    5.53418    7.3391
8.01587    5.49344    7.16112
8.06804    5.49999    6.99665
8.0743     5.49794    6.78551
8.06987    5.54561    6.62737












































































































































4.71072    10.67793   13.95513   SUPORB
4.63485    10.58326   14.19274
4.60125    10.46568   14.28858
4.5754     10.30687   14.35868
4.6033     10.17426   14.45405
4.60437    10.04729   14.48851
4.63527    9.9013     14.54443
4.664      9.76533    14.60537
4.72808    9.63948    14.65775
4.70003    9.41834    14.69723
4.73035    9.27637    14.72366
4.7882     9.09893    14.78879
4.8619     8.9414     14.82694
4.94661    8.79092    14.84355
5.03843    8.692      14.86967
5.16348    8.55442    14.89847
5.21727    8.41276    14.88719
5.24569    8.26995    14.88482
5.30943    8.13338    14.85989
5.36471    7.98119    14.85021
5.42428    7.89493    14.84298
5.4911     7.74879    14.80881
5.6445     7.57089    14.75985
5.79729    7.4428     14.76424
5.94473    7.34034    14.7777
5.97833    7.23315    14.7772
6.06095    7.16743    14.76
6.12778    7.09258    14.79451
6.2031     7.04784    14.79322
6.29656    6.97155    14.81291
6.40029    6.88981    14.83739
6.53582    6.81105    14.88131
6.63537    6.77855    14.89136
6.73405    6.7731     14.91066
6.81036    6.64859    14.94842
6.91703    6.58561    14.9616
7.01683    6.52416    14.9812
7.08234    6.48003    14.99403
7.21451    6.47269    15.01677
7.3466     6.44422    15.03899
7.47502    6.40736    15.04187
7.59202    6.34836    15.04395
7.86334    6.31048    15.00272
7.97412    6.22367    14.97774
8.04656    6.14597    14.96527
8.23131    6.12608    14.94893
8.3782     6.05939    14.90622
8.52306    6.0351     14.87389
8.68021    5.99771    14.83581
8.82318    5.98814    14.7782
8.98144    5.97854    14.71246
9.1268     6.0521     14.69408
9.27972    6.1202     14.7161
9.39423    6.14239    14.64459
9.51161    6.14295    14.59349
9.61731    6.1722     14.50946
9.64192    6.28208    14.32453
9.75168    6.31172    14.15306














































































































































5.21671    8.87087    11.88418   RORBIT
5.13744    9.05978    11.90637
5.06294    9.19178    11.91567
4.97208    9.37618    11.94351
4.89806    9.4875     11.96175
4.84525    9.63728    12.02341
4.81939    9.77421    12.10674
4.79074    9.82897    12.16932
4.78717    9.92815    12.29864
4.77034    10.01406   12.37041
4.73012    10.09315   12.51192
4.71997    10.16611   12.77301
4.67966    10.20363   13.01118
4.65688    10.20091   13.24388
4.63161    10.11792   13.44147
4.59264    10.05358   13.57366
4.51661    9.96634    13.68631
4.45529    9.83685    13.78189
4.42749    9.68655    13.81752
4.40673    9.58307    13.86097
4.33877    9.31048    13.96861
4.37161    9.13437    13.96607
4.36414    8.97408    14.024
4.39831    8.8524     14.0277
4.454      8.75358    14.02086
4.49888    8.64209    14.01382
4.52401    8.59917    14.01588
4.57518    8.54211    14.01436
4.66365    8.42321    13.99228
4.77482    8.31419    13.97585
4.87879    8.20588    14.00998
4.9477     8.12202    14.05629
5.06665    8.04518    14.11814
5.15255    8.00023    14.1345
5.26455    7.94682    14.13905
5.33748    7.86503    14.14646
5.41981    7.75271    14.14454
5.55225    7.73341    14.06967
5.70811    7.71123    13.93245
5.79568    7.68642    13.80182
5.84398    7.68504    13.72938
5.90361    7.7046     13.61981
5.98224    7.72125    13.46779
6.04668    7.73176    13.36256




























































































































































7.96777    6.41756    12.1169    LORBIT
8.14423    6.37494    12.09564
8.32254    6.31925    12.11287
8.4705     6.2079     12.13314
8.60544    6.13616    12.16729
8.69686    6.1375     12.23102
8.85323    6.05248    12.32206
8.928      6.06762    12.39907
9.0055     6.09422    12.5533
9.07615    6.11305    12.69812
9.14454    6.10421    12.84166
9.20622    6.11727    12.99162
9.22302    6.08741    13.12488
9.22558    6.1148     13.24781
9.21674    6.11028    13.36171
9.2064     6.13743    13.49206
9.17843    6.06996    13.72369
9.1352     6.00033    13.89594
8.98836    6.01084    13.9756
8.90636    5.93149    14.06438
8.787      5.8988     14.11912
8.63082    5.85196    14.17337
8.52252    5.83583    14.21545
8.40307    5.82727    14.25505
8.27285    5.81514    14.27311
8.08738    5.86522    14.25667
7.96711    5.83119    14.28472
7.84997    5.85651    14.27749
7.81221    5.90135    14.24353
7.67454    5.91875    14.25206
7.5242     5.9505     14.22719
7.33644    6.04164    14.20716
7.17761    6.1336     14.18778
7.01449    6.2848     14.21703
6.9086     6.37312    14.28228
6.78275    6.44378    14.31881
6.63819    6.51918    14.35009
6.70101    6.72934    14.20534
6.65813    6.85782    14.13625
6.66549    6.98805    14.02879
6.63734    7.08365    13.84528
6.6209     7.12746    13.71887
6.61168    7.1753     13.60976
6.62007    7.2076     13.46622
6.61797    7.25409    13.31777



























































































































































4.71087    10.80962   13.85533   RTEMFOS
4.73841    10.93341   13.65761
4.73243    11.00614   13.47408
4.71685    11.05502   13.33303
4.65455    11.10761   13.13434
4.62956    11.14548   12.9926
4.59739    11.17572   12.84376
4.56236    11.20194   12.69747
4.52616    11.20759   12.53936
4.5087     11.22006   12.41002
4.45989    11.20873   12.274
4.49321    11.23561   12.08656
4.43564    11.23183   11.87858
4.33906    11.20067   11.67673
4.36112    11.25232   11.53882
4.3413     11.25054   11.40959
4.30798    11.27545   11.26499
4.27797    11.32685   11.08849
4.24581    11.38318   10.94281
4.19447    11.50595   10.7256
4.18763    11.58905   10.59861
4.18524    11.73296   10.4796
4.15574    11.89435   10.42182
4.23881    12.15822   10.36814
4.28353    12.34712   10.36951
4.35502    12.52009   10.41102














































































































































































9.72147    6.29982    14.11702   LTEMFOS
9.81702    6.32254    14.00188
9.89894    6.25269    13.89621
9.96209    6.24775    13.7642
9.99514    6.23132    13.68946
10.04209   6.20021    13.54482
10.07465   6.10245    13.40137
10.14499   6.02126    13.19572
10.18186   6.0074     13.02066
10.21616   5.9956     12.92424
10.23751   6.02653    12.82791
10.2506    5.94058    12.70945
10.26126   5.90196    12.58736
10.30359   5.95754    12.42318
10.31288   5.92524    12.30594
10.318     5.8302     12.18693
10.33865   5.78355    12.02978
10.35383   5.73186    11.89199
10.36798   5.71464    11.78895
10.41699   5.75006    11.62138
10.4592    5.69332    11.4844
10.49428   5.65402    11.35821
10.53309   5.58153    11.28112
10.6014    5.60414    11.15154
10.72505   5.5757     11.02774
10.81796   5.56358    10.93701
10.93076   5.56088    10.86236
11.04481   5.57571    10.82791
11.20107   5.61538    10.77311
11.33725   5.67687    10.76841
11.52221   5.75356    10.77809
11.65124   5.83069    10.79543
11.76979   5.92533    10.82688







































































































































































5.82784    5.10977    11.80834   OP
7.1202     6.39497    12.10479   BA
10.47434   10.05903   12.65292   ST
14.26068   14.31639   13.07065   IV
4.56389    9.28591    12.51918   R_PG
4.71358    11.84264   11.65648   R_ZTI
9.16879    11.72321   14.18358   R_M3D
10.69152   13.72849   14.3354    R_M12
12.41284   15.10789   14.17362   R_MP3
14.03063   15.59628   13.75497   R_PMI
10.3319    3.95097    12.18163   L_PG
12.58542   4.41799    11.38069   L_ZTI
12.2758    8.89254    14.03977   L_M3D
14.18295   10.57512   14.17113   L_M12
15.44633   12.52437   13.95392   L_MP3
15.84449   14.15026   13.41014   L_PMI
15.37611   16.06621   14.00073   O1
11.9397    7.95027    6.56917    O2
4.37313    11.71194   10.99885   O3
6.09066    2.7707     9.30002    O4




















































































































































































8.22019    13.27174   12.05105   RZYGINF
8.12748    13.14933   12.05861
7.94071    13.12652   11.95103
7.73998    13.09277   11.81461
7.56391    13.10768   11.75646
7.41289    13.10479   11.74586
7.2418     13.13198   11.77851
7.06845    13.22209   11.81371
6.88109    13.26848   11.84206
6.70474    13.24775   11.85833
6.51188    13.16243   11.86935
6.38852    13.11663   11.88276
6.25357    13.05052   11.87878
6.07064    13.00397   11.8506
6.00534    12.87473   11.87869
5.90356    12.76127   11.86406
5.81749    12.63411   11.84955
5.7147     12.47409   11.83484
5.61339    12.35576   11.8342
5.52616    12.26196   11.82108
5.41239    12.13345   11.83249
5.28752    12.04248   11.81349
5.18402    11.9711    11.82004
5.09835    11.98628   11.79735
4.93714    11.92766   11.77015
4.87365    11.8835    11.7564
4.77541    11.81987   11.74344
4.68569    11.72978   11.71383












































































































































































13.89555   8.31932    11.96998   LZYGINF
13.94157   8.15003    11.88239
13.96522   8.00234    11.81565
13.99096   7.81039    11.69356
14.0405    7.69595    11.63385
14.10546   7.52664    11.53866
14.16572   7.38116    11.50183
14.2332    7.30153    11.53794
14.24718   7.22615    11.5316
14.22691   7.06909    11.54314
14.21271   7.01817    11.53932
14.19268   6.87454    11.55582
14.12133   6.65655    11.56632
14.07574   6.49839    11.5697
14.03558   6.36238    11.58151
13.95342   6.23915    11.61039
13.90009   6.11519    11.63192
13.85417   5.94484    11.61353
13.72456   5.84254    11.59854
13.64394   5.66565    11.54883
13.52603   5.52751    11.54826
13.40988   5.38477    11.52135
13.26367   5.23823    11.51581
13.16044   5.13117    11.53102
13.06202   4.9832     11.51179
12.97567   4.9095     11.52157
12.8723    4.79392    11.49982
12.76516   4.63486    11.47086
12.6914    4.55148    11.48032
12.58223   4.46738    11.43432










































































































































































9.13638    11.65487   14.17036   R-ALV
9.17529    11.90124   14.22121
9.27347    12.07057   14.2762
9.34486    12.27733   14.25517
9.45643    12.46427   14.24868
9.58817    12.62119   14.27117
9.70286    12.7548    14.28003
9.81282    12.91495   14.27048
9.89141    13.03971   14.24912
9.99947    13.14972   14.29551
10.10402   13.27841   14.31008
10.25103   13.47746   14.25135
10.43238   13.59288   14.31658
10.62875   13.72099   14.31798
10.81078   13.90904   14.27374
10.96796   14.07743   14.26505
11.09368   14.2102    14.22401
11.18406   14.29875   14.23535
11.40274   14.41078   14.14307
11.5446    14.49877   14.18664
11.73072   14.65019   14.18104
11.86199   14.77088   14.14978
12.01781   14.89314   14.1666
12.13346   14.99493   14.16136
12.23718   15.09715   14.11869
12.41399   15.1737    14.12976














































































































































































12.30303   8.91949    14.02806   L-ALV
12.66697   9.00103    14.08977
12.83338   9.09298    14.08175
13.23276   9.36739    14.07878
13.42912   9.60527    14.10156
13.58784   9.74661    14.10441
13.69747   9.86895    14.11578
13.82015   9.96447    14.07417
13.93842   10.11353   14.08646
14.09238   10.33196   14.13814
14.19694   10.51157   14.07162
14.24834   10.6156    14.09222
14.33717   10.69887   14.05345
14.4282    10.81268   14.03859
14.51306   10.9435    14.06273
14.60412   11.04559   14.06463
14.69632   11.17887   14.04136
14.79364   11.36581   14.01188
14.87002   11.54337   14.0497
14.94227   11.69729   14.09074
15.04164   11.81897   14.06711
15.10453   11.92607   14.00808
15.19174   12.05205   14.00246
15.27467   12.14195   13.94637
15.35793   12.25803   13.95224
15.43685   12.3622    13.91079
15.49241   12.53634   13.9108
