NME        AL185-5a/b Tod12stv
5.4114     17.7591    7.6765     IN
3.6156     14.008     11.4816    BR
1.319      8.8258     10.2397    GL
9999       9999       9999       NA
9999       9999       9999       RH
-0.5576    5.4019     3.8885     NS
-0.6633    5.3149     2.9288     PR
-1.2605    5.7505     3.0648     R_PR2
9999       9999       9999       R_PMS
-1.256     11.1105    4.883      R_ZMI
-0.0193    9.9362     7.2783     R_ZMU
1.0584     9.0863     9.265      R_DA
0.1668     9.7183     10.1631    R_MTI
0.285      9.8223     10.7135    R_MTS
9999       9999       9999       R_FMO
9999       9999       9999       R_FMT
0.7779     16.2053    6.4414     R_PO
9999       9999       9999       R_ZTS
-0.1088    4.9311     3.2991     L_PR2
0.9472     7.4842     6.4201     L_PMS
4.6525     7.0195     5.6653     L_ZMI
3.1195     8.0509     7.7623     L_ZMU
9999       9999       9999       L_DA
2.79       8.4739     10.2948    L_MTI
2.8563     8.7203     10.9271    L_MTS
9999       9999       9999       L_FMO
9999       9999       9999       L_FMT
7.2665     13.2629    6.5918     L_PO
9999       9999       9999       L_ZTS
-1.3134    6.1185     3.9293     O1
3.7317     8.7635     10.6464    O2
-1.5777    11.8722    5.4203     O3
7.1192     16.4062    7.3784     O4







































































































































































9999       9999       9999       GLRH







































































































































































































9999       9999       9999       NOSE
-0.4159    7.1547     5.7189
-0.5616    6.9818     5.538
-0.6773    6.8053     5.2955
-0.7734    6.6294     5.021
-0.849     6.5236     4.8739
-0.8102    6.3646     4.72
-0.7746    6.0928     4.4413
-0.8181    5.8939     4.2231
-0.7146    5.6677     4.0813
-0.584     5.5505     3.9818
-0.4992    5.4232     3.9174
-0.2117    5.399      4.009
-0.1319    5.4702     4.2665
0.1323     5.4749     4.585
0.3509     5.562      4.8641
0.5022     5.7238     5.1137
0.5944     5.9641     5.4154
0.6401     6.2427     5.7341
0.634      6.4005     5.8743
0.6294     6.5516     5.9449
9999       9999       9999


















































































































































































-0.5043    5.4954     3.96       NASP-PR
-0.649     5.3547     3.8283
-0.617     5.1603     3.5368
-0.6703    5.1751     3.2977
-0.6598    5.1837     3.0617



































































































































































































9999       9999       9999       R-PM/MAX







































































































































































































0.8929     7.4005     6.4123     L-PM/MAX
0.925      7.1673     6.3346
0.9304     7.0198     6.2507
0.9379     6.8182     6.1378
0.9439     6.697      6.0506
0.9473     6.5028     5.9272
0.9456     6.3309     5.7916
0.8551     6.2048     5.6925
0.8767     6.0646     5.5741
0.8825     5.9147     5.4091
0.8316     5.8411     5.3027
0.8373     5.729      5.1691
0.8402     5.6634     5.0961
0.8098     5.5574     4.996
0.8508     5.4532     4.7991
0.9596     5.3233     4.6331
1.0607     5.1803     4.433
1.0896     5.0963     4.3167
1.0765     5.0122     4.147
1.0111     5.0002     3.9027
0.8805     5.0029     3.8268



















































































































































































-0.7942    9.6551     3.7824     ROSTRUM
-0.8565    9.6107     4.1246
-0.8702    9.5557     4.4259
-0.8308    9.5721     4.716
-0.7559    9.4938     4.9972
-0.7074    9.4502     5.2334
-0.6279    9.3708     5.4876
-0.5138    9.3141     5.6662
-0.2984    9.1886     5.9237
-0.1842    9.1039     6.1916
-0.058     9.0047     6.4068
0.1108     8.9178     6.5262
9999       9999       9999
1.3724     7.7594     6.6848
1.5342     7.6816     6.6514
1.7503     7.5731     6.5847
1.9463     7.471      6.5364
2.1792     7.3311     6.4267
2.3728     7.259      6.2807
2.479      7.1931     6.1759
2.6004     7.0916     6.0447
2.7731     7.0025     5.8966
2.9907     6.8948     5.721
3.2202     6.7873     5.4388
3.3191     6.7745     5.3429
3.3785     6.7349     5.2485
3.4761     6.7238     5.1504
3.5729     6.7139     4.972
3.6184     6.6965     4.8476
3.7369     6.6525     4.6648
3.7758     6.6893     4.4575









































































































































































9999       9999       9999       SUPORB







































































































































































































9999       9999       9999       RORBIT







































































































































































































9999       9999       9999       LORBIT







































































































































































































9999       9999       9999       RTEMFOS







































































































































































































9999       9999       9999       LTEMFOS







































































































































































































1.7554     7.6774     10.0722    OP
2.3303     9.058      10.0832    BA
4.5422     13.3767    9.4526     ST
9999       9999       9999       IV
-0.5812    10.6052    9.2681     R_PG
9999       9999       9999       R_ZTI
2.4341     13.4997    10.0323    R_M3D
2.8518     15.9258    9.9208     R_M12
4.1826     17.9948    9.5562     R_MP3
4.9334     18.3738    9.7201     R_PMI
5.3757     7.9689     9.2993     L_PG
9999       9999       9999       L_ZTI
5.5944     12.4994    10.0774    L_M3D
7.0707     14.4216    10.4219    L_M12
7.3397     16.9201    10.3112    L_MP3
7.2337     17.7471    10.1621    L_PMI
5.0143     18.5211    8.9266     O1
6.1471     11.8273    3.6554     O2
0.4963     14.7441    8.5579     O3
2.6556     5.1982     8.7205     O4




















































































































































































9999       9999       9999       RZYGINF







































































































































































































9999       9999       9999       LZYGINF







































































































































































































2.3434     13.6527    10.0327    R-ALV
2.3361     13.9634    9.918
2.2799     14.422     9.9468
2.3279     14.7901    9.9799
2.373      15.0637    9.973
2.4631     15.3589    9.9659
2.6699     15.6875    9.885
2.8354     16.0342    9.9753
2.9987     16.315     9.9856
3.1703     16.5303    9.9823
3.3111     16.7765    9.9009
3.44       17.1039    9.8164
3.6908     17.2631    9.7443
3.7569     17.4142    9.674
3.8387     17.6302    9.679
3.9504     17.7723    9.6289
4.059      17.9053    9.5906
4.1647     18.024     9.5933
4.2204     18.1479    9.5355





















































































































































































5.7929     12.5112    9.9624     L-ALV
6.1444     12.6734    10.0722
6.4861     12.9663    10.1831
6.8042     13.3068    10.241
6.9675     13.6512    10.2709
7.0727     13.9159    10.261
7.119      14.1756    10.319
7.1646     14.4536    10.3222
7.1627     14.8173    10.3151
7.254      15.1006    10.3366
7.3272     15.3574    10.3905
7.1896     15.8034    10.2592
7.2449     16.1607    10.2699
7.2812     16.4391    10.2862
7.3051     16.6529    10.2516
7.3358     16.9597    10.2721
