UWMA       MP217      Tod29stv
10.0826    25.0677    7.058      IN
9.8994     20.2984    10.5764    BR
9.9687     14.0926    9.3029     GL
9.9869     14.0596    8.6043     NA
10.249     11.051     5.3645     RH
9999       9999       9999       NS
9999       9999       9999       PR
9999       9999       9999       R_PR2
9.6125     11.8404    5.6666     R_PMS
9999       9999       9999       R_ZMI
8.5466     14.3036    6.1285     R_ZMU
9.5028     14.3383    7.892      R_DA
9999       9999       9999       R_MTI
9999       9999       9999       R_MTS
9999       9999       9999       R_FMO
9999       9999       9999       R_FMT
9999       9999       9999       R_PO
9999       9999       9999       R_ZTS
9999       9999       9999       L_PR2
10.6098    11.5236    5.668      L_PMS
14.3993    14.4442    3.8895     L_ZMI
12.2283    14.1143    6.314      L_ZMU
10.5758    14.2632    7.9326     L_DA
11.8739    14.5921    9.4617     L_MTI
11.9307    14.9081    10.1267    L_MTS
13.8197    15.2842    8.2436     L_FMO
14.1779    16.2437    8.796      L_FMT
14.29      21.4875    6.3939     L_PO
15.5776    17.1355    5.844      L_ZTS
11.0229    8.5974     2.6177     O1
7.3805     16.5171    9.7075     O2
15.438     19.4456    6.1037     O3
10.5051    25.3157    7.1153     O4







































































































































































9.9609     14.0599    9.2271     GLRH
9.9822     14.1078    8.9288
9.9916     14.0458    8.6102
9.9878     13.9927    8.3288
10.0185    13.9453    8.1262
10.0488    13.8607    7.9278
10.0521    13.797     7.7237
10.0246    13.6866    7.5157
10.029     13.5667    7.3174
10.042     13.4492    7.1366
10.0867    13.2647    6.9734
10.128     13.0579    6.8531
10.0965    12.9108    6.7208
10.1013    12.7702    6.6553
10.0954    12.5909    6.5157
10.0954    12.4439    6.4107
10.1634    11.7451    6.0714
10.1504    11.2734    5.6666
10.1055    11.1026    5.4622





















































































































































































9999       9999       9999       NOSE







































































































































































































9999       9999       9999       NASP-PR







































































































































































































9999       9999       9999       R-PM/MAX







































































































































































































10.5906    11.5087    5.6674     L-PM/MAX
10.6636    11.3478    5.4928
10.6662    11.1824    5.331
10.7715    11.0949    5.2155
10.8144    11.0281    5.0986
11.0098    10.7732    4.8633
11.0928    10.6211    4.7667
11.1947    10.4995    4.708
11.2597    10.3806    4.6238
11.3084    10.2502    4.5511
11.3455    9.8544     4.3087
11.3796    9.7449     4.2006
11.4614    9.6151     4.1137
11.5683    9.5298     3.8498
11.6344    9.4329     3.7104
11.6921    9.3838     3.5834
11.7392    9.3105     3.4721
11.7616    9.2195     3.3305
11.8494    9.1766     3.1765
11.8788    9.1532     3.0288
11.9735    9.1049     2.9352
12.0134    9.04       2.8001
12.0434    8.9819     2.6907
12.0894    8.9573     2.5659
12.1228    8.9387     2.4352
12.0833    8.9225     2.3187
12.0591    8.938      2.1616













































































































































































8.3681     12.4359    2.2638     ROSTRUM
8.4128     12.4145    2.4704
8.5676     12.394     2.6305
8.6584     12.3978    2.783
8.791      12.3876    2.9759
8.8262     12.3628    3.1321
8.8295     12.4306    3.3358
8.8825     12.3463    3.5246
8.8814     12.3049    3.7324
8.813      12.2675    4.0154
8.8309     12.196     4.2123
8.997      12.1414    4.362
9.0846     12.1288    4.6452
9.1927     12.0624    4.8686
9.2364     12.0436    5.1424
9.3714     12.0345    5.375
9.5128     11.951     5.6186
9.6095     11.9682    5.7267
9.6888     11.9661    5.887
10.5748    11.8655    5.8324
10.8067    11.8527    5.6473
11.0331    11.92      5.3779
11.3185    11.9243    5.1851
11.5391    11.9318    5.0178
11.7372    11.9365    4.8106
11.8785    11.9941    4.6129
11.9703    12.0339    4.3827
12.0065    12.1251    4.0389
12.0247    12.2075    3.7239
12.1267    12.2228    3.5261
12.3533    12.1392    3.2117
12.5933    12.0983    3.0095
12.8526    12.0616    2.8597
13.0334    11.9902    2.6856
13.1339    12.0206    2.4382
13.1555    12.0613    2.1569
13.1654    12.0599    2.0408
13.09      12.0501    1.7917


































































































































































9999       9999       9999       SUPORB







































































































































































































9999       9999       9999       RORBIT







































































































































































































11.9238    14.2539    6.2192     LORBIT
12.4478    14.192     6.3377
12.729     14.3786    6.3492
12.9336    14.53      6.4285
13.0906    14.731     6.5649
13.2916    14.7742    6.7549
13.4083    14.8236    6.879
13.4573    14.9604    7.0187
13.5308    15.0535    7.1974
13.6184    15.1606    7.4259
13.6476    15.2429    7.6019
13.6962    15.2846    7.891
13.6387    15.2559    8.1995
13.4223    15.1325    8.4254
13.2099    14.9984    8.723
13.001     14.8649    8.8625
12.6846    14.7371    9.1025
12.3307    14.6139    9.4212
12.1112    14.5718    9.5089
11.8579    14.515     9.4933
11.674     14.4878    9.4828
11.1832    14.458     9.5183
10.7713    14.4465    9.2325
10.6698    14.3935    9.056
10.5413    14.2923    8.8806
10.5231    14.2947    8.598
10.5084    14.3254    8.3484
10.5093    14.3185    8.1055
10.6058    14.2862    7.9094











































































































































































9999       9999       9999       RTEMFOS







































































































































































































14.3251    16.1681    8.6492     LTEMFOS
14.4558    16.1557    8.3234
14.5243    16.0228    8.0926
14.5664    15.9339    7.8544
14.5891    15.8032    7.5675
14.5754    15.7185    7.373
14.5813    15.6303    7.1877
14.6149    15.5554    7.0354
14.64      15.4511    6.9006
14.6094    15.413     6.6634
14.6956    15.3656    6.4463
14.781     15.3774    6.2043
14.8983    15.4342    5.9743
14.9642    15.4782    5.8629
15.0384    15.5443    5.7658
15.3102    16.1097    5.668
15.3589    16.2988    5.7516
15.4202    16.5019    5.7643
15.4659    16.6017    5.7406
15.5125    16.7332    5.7239
15.5311    16.7773    5.6894
15.59      16.9681    5.7443


















































































































































































10.6322    8.0808     6.8098     OP
10.8477    9.7724     7.427      BA
11.6292    15.2158    8.1664     ST
11.8243    20.4773    9.2546     IV
9999       9999       9999       R_PG
9999       9999       9999       R_ZTI
9.5194     15.5983    10.2017    R_M3D
9.5011     18.0695    9.7053     R_M12
9.8518     20.9529    9.9159     R_MP3
9999       9999       9999       R_PMI
15.2121    9.6197     6.6378     L_PG
9999       9999       9999       L_ZTI
14.0767    15.6186    9.4487     L_M3D
14.3432    18.2774    9.4299     L_M12
13.7253    20.661     10.0436    L_MP3
13.3216    21.4857    9.638      L_PMI
12.2315    21.9107    9.1444     O1
8.0981     14.3049    2.1117     O2
16.0468    11.011     5.3398     O3
10.8562    5.2928     4.2669     O4




















































































































































































9999       9999       9999       RZYGINF







































































































































































































9999       9999       9999       LZYGINF







































































































































































































9999       9999       9999       R-ALV







































































































































































































14.1011    15.667     9.4252     L-ALV
14.2842    15.8653    9.3737
14.3477    16.1236    9.3871
14.3595    16.3812    9.4594
14.3416    16.7009    9.4028
14.3766    17.137     9.3809
14.4346    17.6188    9.3893
14.4921    17.879     9.392
14.3796    18.2159    9.3694
14.3854    18.4881    9.3915
14.3386    18.7447    9.331
14.3014    18.8568    9.392
14.3311    19.0894    9.5187
14.1425    19.4684    9.525
14.1025    19.7678    9.5253
14.0285    20.1533    9.5131
13.8358    20.3615    9.5347
13.8821    20.6064    9.5213
13.8619    20.7401    9.5832
